[Header]
TITLE,MPMS DC Measurement
BYAPP,MPMS Measurement,2.1,Summary
FILEOPENTIME, 1524603007.874000 4/24/2018, 2:50:07 PM

INFO, APPNAME, MPMS MultiVu Application, Revision 1.61,  Build 082

INFO, NAME, MFn1
INFO, WEIGHT, 1.000
INFO, AREA, 1.000
INFO, LENGTH, 1.000
INFO, SHAPE, 0
INFO, COMMENT, 
INFO, SEQUENCE FILE: TRMac_38K_0.32Kmin_VRMde_35K.seq


INFO, BACKGROUND DATA FILE:, None


STARTUPAXIS,X,4,LINEAR,AUTO,0.000000,0.000000
STARTUPAXIS,Y1,5,LINEAR,AUTO,0.000000,0.000000


STARTUPGROUP,Longitudinal
FIELDGROUP,Longitudinal,1,2,3,4,5,6,7,8,9,15,16,17,18,27,28
FIELDGROUP,Transverse,1,2,3,4,10,11,12,13,14,19,20,21,22,27,28

PLOT_APPEARANCE,ALL,HORZ_GRID_ON,VERT_GRID_ON,MARKERS_AND_LINES

[Data]
Time,Comment,Field (Oe),Temperature (K),Long Moment (emu),Long Scan Std Dev,Long Algorithm,Long Reg Fit,Long Percent Error (%),Trans Moment (emu),Trans Scan Std Dev,Trans Algorithm,Trans Reg Fit,Trans Percent Error (%),Long Moment [w/o ABS] (emu),Long Scan Std Dev [w/o ABS],Long Reg Fit [w/o ABS],Long Percent Error [w/o ABS] (%),Trans Moment [w/o ABS] (emu),Trans Scan Std Dev [w/o ABS],Trans Reg Fit [w/o ABS],Trans Percent Error [w/o ABS] (%),Points per Scan,Scans per Measurement,Scan Length (cm),Delta Temp (K),Rot Position (deg),Error,EC Comp. Running,Using ABS,
1524603007.872,,0.000000e+000,3.500028e+001,-1.159274e-005,0.000000e+000,3,9.398925e-001,0.000000e+000,,,,,,,,,,,,,,32,1,4.000000e+000,9.387970e-003,0.000000e+000,0,,0,
1524603019.992,,0.000000e+000,3.499677e+001,-1.058401e-005,0.000000e+000,3,9.308609e-001,0.000000e+000,,,,,,,,,,,,,,32,1,4.000000e+000,2.349854e-003,0.000000e+000,0,,0,
1524603032.890,,0.000000e+000,3.499754e+001,-9.675058e-006,0.000000e+000,3,9.287683e-001,0.000000e+000,,,,,,,,,,,,,,32,1,4.000000e+000,7.896423e-004,0.000000e+000,0,,0,
1524603045.433,,0.000000e+000,3.499794e+001,-8.843223e-006,0.000000e+000,3,9.192781e-001,0.000000e+000,,,,,,,,,,,,,,32,1,4.000000e+000,0.000000e+000,0.000000e+000,0,,0,
1524603057.968,,0.000000e+000,3.499833e+001,-8.278328e-006,0.000000e+000,3,9.173789e-001,0.000000e+000,,,,,,,,,,,,,,32,1,4.000000e+000,7.781982e-004,0.000000e+000,0,,0,
1524603070.653,,0.000000e+000,3.499754e+001,-7.628692e-006,0.000000e+000,3,9.074934e-001,0.000000e+000,,,,,,,,,,,,,,32,1,4.000000e+000,2.349854e-003,0.000000e+000,0,,0,
1524603083.348,,0.000000e+000,3.499715e+001,-7.130132e-006,0.000000e+000,3,8.985875e-001,0.000000e+000,,,,,,,,,,,,,,32,1,4.000000e+000,1.571655e-003,0.000000e+000,0,,0,
1524603096.728,,0.000000e+000,3.500106e+001,-6.630091e-006,0.000000e+000,3,8.924099e-001,0.000000e+000,,,,,,,,,,,,,,32,1,4.000000e+000,3.128052e-003,0.000000e+000,0,,0,
1524603109.781,,0.000000e+000,3.499911e+001,-6.252830e-006,0.000000e+000,3,8.882467e-001,0.000000e+000,,,,,,,,,,,,,,32,1,4.000000e+000,7.820129e-004,0.000000e+000,0,,0,
1524603121.849,,0.000000e+000,3.499989e+001,-5.890216e-006,0.000000e+000,3,8.781309e-001,0.000000e+000,,,,,,,,,,,,,,32,1,4.000000e+000,7.781982e-004,0.000000e+000,0,,0,
1524603134.554,,0.000000e+000,3.499715e+001,-5.532324e-006,0.000000e+000,3,8.691726e-001,0.000000e+000,,,,,,,,,,,,,,32,1,4.000000e+000,1.571655e-003,0.000000e+000,0,,0,
1524603147.289,,0.000000e+000,3.499911e+001,-5.233855e-006,0.000000e+000,3,8.599048e-001,0.000000e+000,,,,,,,,,,,,,,32,1,4.000000e+000,7.820129e-004,0.000000e+000,0,,0,
1524603159.742,,0.000000e+000,3.499872e+001,-4.956578e-006,0.000000e+000,3,8.654723e-001,0.000000e+000,,,,,,,,,,,,,,32,1,4.000000e+000,0.000000e+000,0.000000e+000,0,,0,
1524603172.392,,0.000000e+000,3.499754e+001,-4.653222e-006,0.000000e+000,3,8.432210e-001,0.000000e+000,,,,,,,,,,,,,,32,1,4.000000e+000,2.349854e-003,0.000000e+000,0,,0,
1524603185.102,,0.000000e+000,3.499950e+001,-4.415713e-006,0.000000e+000,3,8.353418e-001,0.000000e+000,,,,,,,,,,,,,,32,1,4.000000e+000,1.560211e-003,0.000000e+000,0,,0,
1524603197.535,,0.000000e+000,3.500106e+001,-4.229606e-006,0.000000e+000,3,8.318527e-001,0.000000e+000,,,,,,,,,,,,,,32,1,4.000000e+000,4.692078e-003,0.000000e+000,0,,0,
1524603210.245,,0.000000e+000,3.500145e+001,-3.979239e-006,0.000000e+000,3,8.136978e-001,0.000000e+000,,,,,,,,,,,,,,32,1,4.000000e+000,7.781982e-004,0.000000e+000,0,,0,
1524603223.110,,0.000000e+000,3.499989e+001,-3.763118e-006,0.000000e+000,3,8.096873e-001,0.000000e+000,,,,,,,,,,,,,,32,1,4.000000e+000,2.342224e-003,0.000000e+000,0,,0,
1524603236.380,,0.000000e+000,3.499833e+001,-3.581019e-006,0.000000e+000,3,8.020805e-001,0.000000e+000,,,,,,,,,,,,,,32,1,4.000000e+000,7.781982e-004,0.000000e+000,0,,0,
1524603248.965,,0.000000e+000,3.499794e+001,-3.373891e-006,0.000000e+000,3,7.912623e-001,0.000000e+000,,,,,,,,,,,,,,32,1,4.000000e+000,0.000000e+000,0.000000e+000,0,,0,
1524603261.586,,0.000000e+000,3.499793e+001,-3.136493e-006,0.000000e+000,3,7.637811e-001,0.000000e+000,,,,,,,,,,,,,,32,1,4.000000e+000,1.567841e-003,0.000000e+000,0,,0,
1524603274.266,,0.000000e+000,3.499911e+001,-3.078070e-006,0.000000e+000,3,7.701864e-001,0.000000e+000,,,,,,,,,,,,,,32,1,4.000000e+000,2.338409e-003,0.000000e+000,0,,0,
1524603287.136,,0.000000e+000,3.499833e+001,-2.820736e-006,0.000000e+000,3,7.444173e-001,0.000000e+000,,,,,,,,,,,,,,32,1,4.000000e+000,7.781982e-004,0.000000e+000,0,,0,
1524603299.819,,0.000000e+000,3.499793e+001,-2.675976e-006,0.000000e+000,3,7.217650e-001,0.000000e+000,,,,,,,,,,,,,,32,1,4.000000e+000,1.567841e-003,0.000000e+000,0,,0,
1524603312.519,,0.000000e+000,3.499754e+001,-2.579087e-006,0.000000e+000,3,7.311996e-001,0.000000e+000,,,,,,,,,,,,,,32,1,4.000000e+000,7.896423e-004,0.000000e+000,0,,0,
1524603325.252,,0.000000e+000,3.499638e+001,-2.385975e-006,0.000000e+000,3,6.936303e-001,0.000000e+000,,,,,,,,,,,,,,32,1,4.000000e+000,3.131866e-003,0.000000e+000,0,,0,
1524603337.679,,0.000000e+000,3.499677e+001,-2.209788e-006,0.000000e+000,3,6.531770e-001,0.000000e+000,,,,,,,,,,,,,,32,1,4.000000e+000,2.349854e-003,0.000000e+000,0,,0,
1524603350.617,,0.000000e+000,3.499911e+001,-2.083406e-006,0.000000e+000,3,6.569941e-001,0.000000e+000,,,,,,,,,,,,,,32,1,4.000000e+000,7.820129e-004,0.000000e+000,0,,0,
1524603363.317,,0.000000e+000,3.499754e+001,-1.992826e-006,0.000000e+000,3,6.339600e-001,0.000000e+000,,,,,,,,,,,,,,32,1,4.000000e+000,7.896423e-004,0.000000e+000,0,,0,
1524603375.782,,0.000000e+000,3.499637e+001,-1.872139e-006,0.000000e+000,3,6.011729e-001,0.000000e+000,,,,,,,,,,,,,,32,1,4.000000e+000,0.000000e+000,0.000000e+000,0,,0,
1524603388.490,,0.000000e+000,3.499794e+001,-1.793405e-006,0.000000e+000,3,5.889576e-001,0.000000e+000,,,,,,,,,,,,,,32,1,4.000000e+000,0.000000e+000,0.000000e+000,0,,0,
1524603401.220,,0.000000e+000,3.499911e+001,-1.711822e-006,0.000000e+000,3,5.664293e-001,0.000000e+000,,,,,,,,,,,,,,32,1,4.000000e+000,2.338409e-003,0.000000e+000,0,,0,
1524603413.898,,0.000000e+000,3.499677e+001,-1.496872e-006,0.000000e+000,3,4.926365e-001,0.000000e+000,,,,,,,,,,,,,,32,1,4.000000e+000,3.910065e-003,0.000000e+000,0,,0,
1524603426.833,,0.000000e+000,3.499989e+001,-1.521621e-006,0.000000e+000,3,5.152644e-001,0.000000e+000,,,,,,,,,,,,,,32,1,4.000000e+000,7.781982e-004,0.000000e+000,0,,0,
1524603439.536,,0.000000e+000,3.499793e+001,-1.361496e-006,0.000000e+000,3,4.618320e-001,0.000000e+000,,,,,,,,,,,,,,32,1,4.000000e+000,6.252289e-003,0.000000e+000,0,,0,
1524603452.263,,0.000000e+000,3.499833e+001,-1.274013e-006,0.000000e+000,3,3.709485e-001,0.000000e+000,,,,,,,,,,,,,,32,1,4.000000e+000,2.349854e-003,0.000000e+000,0,,0,
1524603464.676,,0.000000e+000,3.499872e+001,-1.266557e-006,0.000000e+000,3,4.184393e-001,0.000000e+000,,,,,,,,,,,,,,32,1,4.000000e+000,0.000000e+000,0.000000e+000,0,,0,
1524603477.629,,0.000000e+000,3.499754e+001,-1.103518e-006,0.000000e+000,3,2.965453e-001,0.000000e+000,,,,,,,,,,,,,,32,1,4.000000e+000,2.349854e-003,0.000000e+000,0,,0,
1524603490.329,,0.000000e+000,3.499637e+001,-1.021177e-006,0.000000e+000,3,2.479992e-001,0.000000e+000,,,,,,,,,,,,,,32,1,4.000000e+000,0.000000e+000,0.000000e+000,0,,0,
1524603502.794,,0.000000e+000,3.499715e+001,-9.579137e-007,0.000000e+000,3,1.765880e-001,0.000000e+000,,,,,,,,,,,,,,32,1,4.000000e+000,1.571655e-003,0.000000e+000,0,,0,
1524603515.769,,0.000000e+000,3.499911e+001,-8.806111e-007,0.000000e+000,3,9.129965e-002,0.000000e+000,,,,,,,,,,,,,,32,1,4.000000e+000,2.338409e-003,0.000000e+000,0,,0,
1524603528.212,,0.000000e+000,3.499832e+001,-7.250575e-007,0.000000e+000,3,0.000000e+000,0.000000e+000,,,,,,,,,,,,,,32,1,4.000000e+000,3.910065e-003,0.000000e+000,0,,0,
1524603541.137,,0.000000e+000,3.499950e+001,-7.058711e-007,0.000000e+000,3,0.000000e+000,0.000000e+000,,,,,,,,,,,,,,32,1,4.000000e+000,1.560211e-003,0.000000e+000,0,,0,
1524603553.600,,0.000000e+000,3.499911e+001,-6.290263e-007,0.000000e+000,3,0.000000e+000,0.000000e+000,,,,,,,,,,,,,,32,1,4.000000e+000,7.820129e-004,0.000000e+000,0,,0,
1524603568.331,,0.000000e+000,3.499950e+001,-2.501370e-007,0.000000e+000,2,0.000000e+000,0.000000e+000,,,,,,,,,,,,,,32,1,4.000000e+000,3.120422e-003,0.000000e+000,0,,0,
1524603580.444,,0.000000e+000,3.500301e+001,9.436809e-007,0.000000e+000,3,2.423894e-001,0.000000e+000,,,,,,,,,,,,,,32,1,4.000000e+000,2.349854e-003,0.000000e+000,0,,0,
1524603593.369,,0.000000e+000,3.500067e+001,1.009076e-006,0.000000e+000,3,2.893546e-001,0.000000e+000,,,,,,,,,,,,,,32,1,4.000000e+000,7.820129e-004,0.000000e+000,0,,0,
1524603607.985,,0.000000e+000,3.499715e+001,-1.707053e-008,0.000000e+000,2,0.000000e+000,0.000000e+000,,,,,,,,,,,,,,32,1,4.000000e+000,4.692078e-003,0.000000e+000,0,,0,
1524603621.948,,0.000000e+000,3.500028e+001,9.249436e-008,0.000000e+000,2,0.000000e+000,0.000000e+000,,,,,,,,,,,,,,32,1,4.000000e+000,0.000000e+000,0.000000e+000,0,,0,
1524603634.501,,0.000000e+000,3.499950e+001,-6.670726e-007,0.000000e+000,3,0.000000e+000,0.000000e+000,,,,,,,,,,,,,,32,1,4.000000e+000,3.120422e-003,0.000000e+000,0,,0,
1524603649.219,,0.000000e+000,3.499754e+001,7.037016e-008,0.000000e+000,2,0.000000e+000,0.000000e+000,,,,,,,,,,,,,,32,1,4.000000e+000,7.896423e-004,0.000000e+000,0,,0,
1524603663.102,,0.000000e+000,3.500145e+001,2.900594e-007,0.000000e+000,2,0.000000e+000,0.000000e+000,,,,,,,,,,,,,,32,1,4.000000e+000,7.781982e-004,0.000000e+000,0,,0,
1524603675.082,,0.000000e+000,3.499911e+001,1.136710e-006,0.000000e+000,3,4.051499e-001,0.000000e+000,,,,,,,,,,,,,,32,1,4.000000e+000,2.338409e-003,0.000000e+000,0,,0,
1524603688.180,,0.000000e+000,3.499911e+001,8.328064e-007,0.000000e+000,3,3.630455e-002,0.000000e+000,,,,,,,,,,,,,,32,1,4.000000e+000,2.338409e-003,0.000000e+000,0,,0,
1524603700.255,,0.000000e+000,3.499950e+001,1.028112e-006,0.000000e+000,3,3.470961e-001,0.000000e+000,,,,,,,,,,,,,,32,1,4.000000e+000,1.560211e-003,0.000000e+000,0,,0,
1524603712.998,,0.000000e+000,3.500106e+001,9.880533e-007,0.000000e+000,3,3.113264e-001,0.000000e+000,,,,,,,,,,,,,,32,1,4.000000e+000,0.000000e+000,0.000000e+000,0,,0,
1524603725.446,,0.000000e+000,3.499677e+001,1.085524e-006,0.000000e+000,3,4.144131e-001,0.000000e+000,,,,,,,,,,,,,,32,1,4.000000e+000,5.470276e-003,0.000000e+000,0,,0,
1524603738.081,,0.000000e+000,3.499911e+001,1.121897e-006,0.000000e+000,3,4.089540e-001,0.000000e+000,,,,,,,,,,,,,,32,1,4.000000e+000,7.820129e-004,0.000000e+000,0,,0,
1524603750.758,,0.000000e+000,3.499872e+001,1.175741e-006,0.000000e+000,3,4.714925e-001,0.000000e+000,,,,,,,,,,,,,,32,1,4.000000e+000,0.000000e+000,0.000000e+000,0,,0,
1524603763.471,,0.000000e+000,3.499911e+001,1.117564e-006,0.000000e+000,3,3.795951e-001,0.000000e+000,,,,,,,,,,,,,,32,1,4.000000e+000,7.820129e-004,0.000000e+000,0,,0,
1524603776.161,,0.000000e+000,3.499793e+001,1.188664e-006,0.000000e+000,3,4.399124e-001,0.000000e+000,,,,,,,,,,,,,,32,1,4.000000e+000,1.567841e-003,0.000000e+000,0,,0,
1524603788.654,,0.000000e+000,3.499832e+001,1.159859e-006,0.000000e+000,3,4.516492e-001,0.000000e+000,,,,,,,,,,,,,,32,1,4.000000e+000,3.910065e-003,0.000000e+000,0,,0,
1524603801.172,,0.000000e+000,3.499950e+001,1.178606e-006,0.000000e+000,3,4.415648e-001,0.000000e+000,,,,,,,,,,,,,,32,1,4.000000e+000,1.560211e-003,0.000000e+000,0,,0,
1524603813.754,,0.000000e+000,3.499833e+001,1.339797e-006,0.000000e+000,3,4.897620e-001,0.000000e+000,,,,,,,,,,,,,,32,1,4.000000e+000,7.781982e-004,0.000000e+000,0,,0,
1524603826.447,,0.000000e+000,3.499871e+001,1.306354e-006,0.000000e+000,3,4.865265e-001,0.000000e+000,,,,,,,,,,,,,,32,1,4.000000e+000,4.692078e-003,0.000000e+000,0,,0,
1524603839.505,,0.000000e+000,3.499559e+001,1.271987e-006,0.000000e+000,3,4.884877e-001,0.000000e+000,,,,,,,,,,,,,,32,1,4.000000e+000,1.560211e-003,0.000000e+000,0,,0,
1524603851.607,,0.000000e+000,3.499520e+001,1.235045e-006,0.000000e+000,3,4.562584e-001,0.000000e+000,,,,,,,,,,,,,,32,1,4.000000e+000,7.820129e-004,0.000000e+000,0,,0,
1524603864.320,,0.000000e+000,3.499559e+001,1.327454e-006,0.000000e+000,3,4.766155e-001,0.000000e+000,,,,,,,,,,,,,,32,1,4.000000e+000,0.000000e+000,0.000000e+000,0,,0,
1524603877.285,,0.000000e+000,3.499793e+001,1.481032e-006,0.000000e+000,3,5.408034e-001,0.000000e+000,,,,,,,,,,,,,,32,1,4.000000e+000,3.131866e-003,0.000000e+000,0,,0,
1524603890.213,,0.000000e+000,3.499794e+001,1.411379e-006,0.000000e+000,3,5.101430e-001,0.000000e+000,,,,,,,,,,,,,,32,1,4.000000e+000,0.000000e+000,0.000000e+000,0,,0,
1524603902.563,,0.000000e+000,3.499676e+001,1.516535e-006,0.000000e+000,3,5.508460e-001,0.000000e+000,,,,,,,,,,,,,,32,1,4.000000e+000,7.820129e-004,0.000000e+000,0,,0,
1524603915.381,,0.000000e+000,3.499833e+001,1.634170e-006,0.000000e+000,3,5.960923e-001,0.000000e+000,,,,,,,,,,,,,,32,1,4.000000e+000,7.781982e-004,0.000000e+000,0,,0,
1524603927.461,,0.000000e+000,3.499754e+001,1.526508e-006,0.000000e+000,3,5.723810e-001,0.000000e+000,,,,,,,,,,,,,,32,1,4.000000e+000,7.896423e-004,0.000000e+000,0,,0,
1524603940.024,,0.000000e+000,3.499793e+001,1.488062e-006,0.000000e+000,3,5.358903e-001,0.000000e+000,,,,,,,,,,,,,,32,1,4.000000e+000,1.567841e-003,0.000000e+000,0,,0,
1524603952.656,,0.000000e+000,3.499911e+001,1.765832e-006,0.000000e+000,3,5.876027e-001,0.000000e+000,,,,,,,,,,,,,,32,1,4.000000e+000,7.820129e-004,0.000000e+000,0,,0,
1524603965.399,,0.000000e+000,3.499793e+001,1.693791e-006,0.000000e+000,3,5.708466e-001,0.000000e+000,,,,,,,,,,,,,,32,1,4.000000e+000,3.131866e-003,0.000000e+000,0,,0,
1524603978.077,,0.000000e+000,3.499794e+001,1.830856e-006,0.000000e+000,3,6.274876e-001,0.000000e+000,,,,,,,,,,,,,,32,1,4.000000e+000,0.000000e+000,0.000000e+000,0,,0,
1524603990.784,,0.000000e+000,3.499989e+001,1.812588e-006,0.000000e+000,3,6.132306e-001,0.000000e+000,,,,,,,,,,,,,,32,1,4.000000e+000,7.781982e-004,0.000000e+000,0,,0,
1524604003.504,,0.000000e+000,3.499833e+001,1.840810e-006,0.000000e+000,3,6.164912e-001,0.000000e+000,,,,,,,,,,,,,,32,1,4.000000e+000,7.781982e-004,0.000000e+000,0,,0,
1524604016.192,,0.000000e+000,3.499833e+001,1.804335e-006,0.000000e+000,3,6.149029e-001,0.000000e+000,,,,,,,,,,,,,,32,1,4.000000e+000,7.781982e-004,0.000000e+000,0,,0,
1524604028.885,,0.000000e+000,3.499911e+001,1.976466e-006,0.000000e+000,3,6.530796e-001,0.000000e+000,,,,,,,,,,,,,,32,1,4.000000e+000,7.820129e-004,0.000000e+000,0,,0,
1524604041.613,,0.000000e+000,3.500028e+001,1.873079e-006,0.000000e+000,3,6.243269e-001,0.000000e+000,,,,,,,,,,,,,,32,1,4.000000e+000,1.560211e-003,0.000000e+000,0,,0,
1524604055.113,,0.000000e+000,3.499950e+001,1.985052e-006,0.000000e+000,3,6.641406e-001,0.000000e+000,,,,,,,,,,,,,,32,1,4.000000e+000,3.120422e-003,0.000000e+000,0,,0,
1524604067.300,,0.000000e+000,3.499793e+001,1.883422e-006,0.000000e+000,3,6.432347e-001,0.000000e+000,,,,,,,,,,,,,,32,1,4.000000e+000,3.131866e-003,0.000000e+000,0,,0,
1524604079.951,,0.000000e+000,3.499715e+001,1.938105e-006,0.000000e+000,3,6.576579e-001,0.000000e+000,,,,,,,,,,,,,,32,1,4.000000e+000,1.571655e-003,0.000000e+000,0,,0,
1524604092.623,,0.000000e+000,3.499911e+001,2.076860e-006,0.000000e+000,3,6.677473e-001,0.000000e+000,,,,,,,,,,,,,,32,1,4.000000e+000,2.338409e-003,0.000000e+000,0,,0,
1524604105.086,,0.000000e+000,3.499754e+001,2.092388e-006,0.000000e+000,3,6.700771e-001,0.000000e+000,,,,,,,,,,,,,,32,1,4.000000e+000,5.470276e-003,0.000000e+000,0,,0,
1524604117.784,,0.000000e+000,3.499715e+001,2.207888e-006,0.000000e+000,3,6.670936e-001,0.000000e+000,,,,,,,,,,,,,,32,1,4.000000e+000,0.000000e+000,0.000000e+000,0,,0,
1524604130.494,,0.000000e+000,3.499911e+001,2.124674e-006,0.000000e+000,3,6.747605e-001,0.000000e+000,,,,,,,,,,,,,,32,1,4.000000e+000,2.338409e-003,0.000000e+000,0,,0,
1524604142.939,,0.000000e+000,3.499989e+001,2.093956e-006,0.000000e+000,3,6.827040e-001,0.000000e+000,,,,,,,,,,,,,,32,1,4.000000e+000,2.342224e-003,0.000000e+000,0,,0,
1524604155.604,,0.000000e+000,3.499872e+001,2.180475e-006,0.000000e+000,3,6.816918e-001,0.000000e+000,,,,,,,,,,,,,,32,1,4.000000e+000,0.000000e+000,0.000000e+000,0,,0,
1524604168.052,,0.000000e+000,3.499872e+001,2.234170e-006,0.000000e+000,3,7.039861e-001,0.000000e+000,,,,,,,,,,,,,,32,1,4.000000e+000,0.000000e+000,0.000000e+000,0,,0,
1524604180.780,,0.000000e+000,3.499715e+001,2.282587e-006,0.000000e+000,3,7.031442e-001,0.000000e+000,,,,,,,,,,,,,,32,1,4.000000e+000,3.128052e-003,0.000000e+000,0,,0,
1524604193.737,,0.000000e+000,3.499480e+001,2.286625e-006,0.000000e+000,3,6.853948e-001,0.000000e+000,,,,,,,,,,,,,,32,1,4.000000e+000,3.128052e-003,0.000000e+000,0,,0,
1524604205.793,,0.000000e+000,3.499676e+001,2.305886e-006,0.000000e+000,3,6.859711e-001,0.000000e+000,,,,,,,,,,,,,,32,1,4.000000e+000,7.820129e-004,0.000000e+000,0,,0,
1524604218.323,,0.000000e+000,3.499754e+001,2.335769e-006,0.000000e+000,3,6.875862e-001,0.000000e+000,,,,,,,,,,,,,,32,1,4.000000e+000,7.896423e-004,0.000000e+000,0,,0,
1524604231.018,,0.000000e+000,3.499833e+001,2.382293e-006,0.000000e+000,3,7.024692e-001,0.000000e+000,,,,,,,,,,,,,,32,1,4.000000e+000,7.781982e-004,0.000000e+000,0,,0,
1524604243.713,,0.000000e+000,3.499872e+001,2.287238e-006,0.000000e+000,3,7.225117e-001,0.000000e+000,,,,,,,,,,,,,,32,1,4.000000e+000,1.560211e-003,0.000000e+000,0,,0,
1524604256.453,,0.000000e+000,3.499911e+001,2.436446e-006,0.000000e+000,3,7.122324e-001,0.000000e+000,,,,,,,,,,,,,,32,1,4.000000e+000,7.820129e-004,0.000000e+000,0,,0,
1524604268.983,,0.000000e+000,3.499911e+001,2.499903e-006,0.000000e+000,3,7.093712e-001,0.000000e+000,,,,,,,,,,,,,,32,1,4.000000e+000,2.338409e-003,0.000000e+000,0,,0,
1524604281.479,,0.000000e+000,3.499872e+001,2.512387e-006,0.000000e+000,3,7.341244e-001,0.000000e+000,,,,,,,,,,,,,,32,1,4.000000e+000,1.560211e-003,0.000000e+000,0,,0,
1524604294.179,,0.000000e+000,3.499833e+001,2.519942e-006,0.000000e+000,3,7.225713e-001,0.000000e+000,,,,,,,,,,,,,,32,1,4.000000e+000,7.781982e-004,0.000000e+000,0,,0,
1524604307.382,,0.000000e+000,3.499872e+001,2.515614e-006,0.000000e+000,3,7.188060e-001,0.000000e+000,,,,,,,,,,,,,,32,1,4.000000e+000,0.000000e+000,0.000000e+000,0,,0,
1524604320.159,,0.000000e+000,3.499950e+001,2.572077e-006,0.000000e+000,3,7.314343e-001,0.000000e+000,,,,,,,,,,,,,,32,1,4.000000e+000,1.560211e-003,0.000000e+000,0,,0,
1524604332.652,,0.000000e+000,3.499833e+001,2.505046e-006,0.000000e+000,3,7.315187e-001,0.000000e+000,,,,,,,,,,,,,,32,1,4.000000e+000,2.349854e-003,0.000000e+000,0,,0,
1524604345.245,,0.000000e+000,3.499754e+001,2.492529e-006,0.000000e+000,3,7.418438e-001,0.000000e+000,,,,,,,,,,,,,,32,1,4.000000e+000,3.910065e-003,0.000000e+000,0,,0,
1524604357.877,,0.000000e+000,3.499677e+001,2.585439e-006,0.000000e+000,3,7.135872e-001,0.000000e+000,,,,,,,,,,,,,,32,1,4.000000e+000,3.910065e-003,0.000000e+000,0,,0,
1524604370.445,,0.000000e+000,3.499754e+001,2.702189e-006,0.000000e+000,3,7.439423e-001,0.000000e+000,,,,,,,,,,,,,,32,1,4.000000e+000,2.349854e-003,0.000000e+000,0,,0,
1524604383.118,,0.000000e+000,3.499911e+001,2.831531e-006,0.000000e+000,3,7.503347e-001,0.000000e+000,,,,,,,,,,,,,,32,1,4.000000e+000,7.820129e-004,0.000000e+000,0,,0,
1524604395.803,,0.000000e+000,3.499911e+001,2.689900e-006,0.000000e+000,3,7.379603e-001,0.000000e+000,,,,,,,,,,,,,,32,1,4.000000e+000,2.338409e-003,0.000000e+000,0,,0,
1524604408.328,,0.000000e+000,3.499872e+001,2.757310e-006,0.000000e+000,3,7.515683e-001,0.000000e+000,,,,,,,,,,,,,,32,1,4.000000e+000,1.560211e-003,0.000000e+000,0,,0,
1524604420.793,,0.000000e+000,3.499833e+001,2.716250e-006,0.000000e+000,3,7.507299e-001,0.000000e+000,,,,,,,,,,,,,,32,1,4.000000e+000,7.781982e-004,0.000000e+000,0,,0,
1524604432.851,,0.000000e+000,3.499833e+001,2.668211e-006,0.000000e+000,3,7.252730e-001,0.000000e+000,,,,,,,,,,,,,,32,1,4.000000e+000,7.781982e-004,0.000000e+000,0,,0,
1524604445.396,,0.000000e+000,3.499989e+001,2.843672e-006,0.000000e+000,3,7.471011e-001,0.000000e+000,,,,,,,,,,,,,,32,1,4.000000e+000,2.342224e-003,0.000000e+000,0,,0,
1524604458.119,,0.000000e+000,3.499911e+001,2.796169e-006,0.000000e+000,3,7.504117e-001,0.000000e+000,,,,,,,,,,,,,,32,1,4.000000e+000,7.820129e-004,0.000000e+000,0,,0,
1524604470.831,,0.000000e+000,3.499793e+001,2.852986e-006,0.000000e+000,3,7.482610e-001,0.000000e+000,,,,,,,,,,,,,,32,1,4.000000e+000,1.567841e-003,0.000000e+000,0,,0,
1524604483.512,,0.000000e+000,3.499754e+001,2.873696e-006,0.000000e+000,3,7.492792e-001,0.000000e+000,,,,,,,,,,,,,,32,1,4.000000e+000,7.896423e-004,0.000000e+000,0,,0,
1524604496.419,,0.000000e+000,3.499754e+001,2.945342e-006,0.000000e+000,3,7.411880e-001,0.000000e+000,,,,,,,,,,,,,,32,1,4.000000e+000,7.896423e-004,0.000000e+000,0,,0,
1524604508.524,,0.000000e+000,3.499637e+001,2.945713e-006,0.000000e+000,3,7.645765e-001,0.000000e+000,,,,,,,,,,,,,,32,1,4.000000e+000,1.560211e-003,0.000000e+000,0,,0,
1524604521.240,,0.000000e+000,3.499559e+001,2.945267e-006,0.000000e+000,3,7.561805e-001,0.000000e+000,,,,,,,,,,,,,,32,1,4.000000e+000,0.000000e+000,0.000000e+000,0,,0,
1524604533.947,,0.000000e+000,3.499637e+001,2.964827e-006,0.000000e+000,3,7.683405e-001,0.000000e+000,,,,,,,,,,,,,,32,1,4.000000e+000,1.560211e-003,0.000000e+000,0,,0,
1524604547.105,,0.000000e+000,3.499715e+001,2.998259e-006,0.000000e+000,3,7.643039e-001,0.000000e+000,,,,,,,,,,,,,,32,1,4.000000e+000,0.000000e+000,0.000000e+000,0,,0,
1524604559.893,,0.000000e+000,3.499871e+001,2.993932e-006,0.000000e+000,3,7.719935e-001,0.000000e+000,,,,,,,,,,,,,,32,1,4.000000e+000,3.128052e-003,0.000000e+000,0,,0,
1524604572.458,,0.000000e+000,3.499833e+001,2.997767e-006,0.000000e+000,3,7.678115e-001,0.000000e+000,,,,,,,,,,,,,,32,1,4.000000e+000,2.349854e-003,0.000000e+000,0,,0,
1524604585.116,,0.000000e+000,3.499598e+001,3.087427e-006,0.000000e+000,3,7.807491e-001,0.000000e+000,,,,,,,,,,,,,,32,1,4.000000e+000,7.041931e-003,0.000000e+000,0,,0,
1524604597.811,,0.000000e+000,3.500028e+001,3.046336e-006,0.000000e+000,3,7.817090e-001,0.000000e+000,,,,,,,,,,,,,,32,1,4.000000e+000,1.560211e-003,0.000000e+000,0,,0,
1524604610.518,,0.000000e+000,3.499989e+001,3.121054e-006,0.000000e+000,3,7.767752e-001,0.000000e+000,,,,,,,,,,,,,,32,1,4.000000e+000,2.342224e-003,0.000000e+000,0,,0,
1524604623.269,,0.000000e+000,3.499950e+001,3.113999e-006,0.000000e+000,3,7.851880e-001,0.000000e+000,,,,,,,,,,,,,,32,1,4.000000e+000,0.000000e+000,0.000000e+000,0,,0,
1524604635.926,,0.000000e+000,3.499793e+001,3.126649e-006,0.000000e+000,3,7.774159e-001,0.000000e+000,,,,,,,,,,,,,,32,1,4.000000e+000,3.131866e-003,0.000000e+000,0,,0,
1524604648.519,,0.000000e+000,3.499793e+001,3.113282e-006,0.000000e+000,3,7.768449e-001,0.000000e+000,,,,,,,,,,,,,,32,1,4.000000e+000,3.131866e-003,0.000000e+000,0,,0,
1524604661.497,,0.000000e+000,3.499637e+001,3.221633e-006,0.000000e+000,3,7.830333e-001,0.000000e+000,,,,,,,,,,,,,,32,1,4.000000e+000,6.259918e-003,0.000000e+000,0,,0,
1524604674.334,,0.000000e+000,3.499911e+001,3.210187e-006,0.000000e+000,3,7.836058e-001,0.000000e+000,,,,,,,,,,,,,,32,1,4.000000e+000,7.820129e-004,0.000000e+000,0,,0,
1524604686.885,,0.000000e+000,3.499754e+001,3.191125e-006,0.000000e+000,3,7.837327e-001,0.000000e+000,,,,,,,,,,,,,,32,1,4.000000e+000,7.896423e-004,0.000000e+000,0,,0,
1524604699.575,,0.000000e+000,3.499833e+001,3.215532e-006,0.000000e+000,3,7.803733e-001,0.000000e+000,,,,,,,,,,,,,,32,1,4.000000e+000,7.781982e-004,0.000000e+000,0,,0,
1524604712.282,,0.000000e+000,3.499715e+001,3.176468e-006,0.000000e+000,3,7.789014e-001,0.000000e+000,,,,,,,,,,,,,,32,1,4.000000e+000,3.128052e-003,0.000000e+000,0,,0,
1524604725.030,,0.000000e+000,3.499793e+001,3.259757e-006,0.000000e+000,3,7.781932e-001,0.000000e+000,,,,,,,,,,,,,,32,1,4.000000e+000,1.567841e-003,0.000000e+000,0,,0,
1524604737.670,,0.000000e+000,3.499833e+001,3.257567e-006,0.000000e+000,3,7.856115e-001,0.000000e+000,,,,,,,,,,,,,,32,1,4.000000e+000,7.781982e-004,0.000000e+000,0,,0,
1524604750.368,,0.000000e+000,3.499911e+001,3.313094e-006,0.000000e+000,3,7.864615e-001,0.000000e+000,,,,,,,,,,,,,,32,1,4.000000e+000,7.820129e-004,0.000000e+000,0,,0,
1524604763.206,,0.000000e+000,3.499872e+001,3.320747e-006,0.000000e+000,3,7.914532e-001,0.000000e+000,,,,,,,,,,,,,,32,1,4.000000e+000,1.560211e-003,0.000000e+000,0,,0,
1524604775.773,,0.000000e+000,3.499754e+001,3.326448e-006,0.000000e+000,3,7.923676e-001,0.000000e+000,,,,,,,,,,,,,,32,1,4.000000e+000,3.910065e-003,0.000000e+000,0,,0,
1524604788.501,,0.000000e+000,3.499872e+001,3.366730e-006,0.000000e+000,3,8.007348e-001,0.000000e+000,,,,,,,,,,,,,,32,1,4.000000e+000,1.560211e-003,0.000000e+000,0,,0,
1524604801.224,,0.000000e+000,3.499677e+001,3.386736e-006,0.000000e+000,3,7.915639e-001,0.000000e+000,,,,,,,,,,,,,,32,1,4.000000e+000,3.910065e-003,0.000000e+000,0,,0,
1524604813.914,,0.000000e+000,3.499872e+001,3.399114e-006,0.000000e+000,3,7.899426e-001,0.000000e+000,,,,,,,,,,,,,,32,1,4.000000e+000,0.000000e+000,0.000000e+000,0,,0,
1524604826.587,,0.000000e+000,3.499794e+001,3.400373e-006,0.000000e+000,3,7.874470e-001,0.000000e+000,,,,,,,,,,,,,,32,1,4.000000e+000,0.000000e+000,0.000000e+000,0,,0,
1524604839.314,,0.000000e+000,3.499872e+001,3.410736e-006,0.000000e+000,3,7.933025e-001,0.000000e+000,,,,,,,,,,,,,,32,1,4.000000e+000,0.000000e+000,0.000000e+000,0,,0,
1524604852.032,,0.000000e+000,3.499950e+001,3.425815e-006,0.000000e+000,3,8.027887e-001,0.000000e+000,,,,,,,,,,,,,,32,1,4.000000e+000,0.000000e+000,0.000000e+000,0,,0,
1524604864.465,,0.000000e+000,3.499793e+001,3.469531e-006,0.000000e+000,3,7.956334e-001,0.000000e+000,,,,,,,,,,,,,,32,1,4.000000e+000,4.688263e-003,0.000000e+000,0,,0,
1524604876.952,,0.000000e+000,3.499872e+001,3.594042e-006,0.000000e+000,3,8.139917e-001,0.000000e+000,,,,,,,,,,,,,,32,1,4.000000e+000,1.560211e-003,0.000000e+000,0,,0,
1524604889.628,,0.000000e+000,3.499911e+001,3.509166e-006,0.000000e+000,3,8.005821e-001,0.000000e+000,,,,,,,,,,,,,,32,1,4.000000e+000,7.820129e-004,0.000000e+000,0,,0,
1524604902.338,,0.000000e+000,3.499833e+001,3.527726e-006,0.000000e+000,3,7.937918e-001,0.000000e+000,,,,,,,,,,,,,,32,1,4.000000e+000,7.781982e-004,0.000000e+000,0,,0,
1524604915.048,,0.000000e+000,3.499754e+001,3.584513e-006,0.000000e+000,3,7.982264e-001,0.000000e+000,,,,,,,,,,,,,,32,1,4.000000e+000,7.896423e-004,0.000000e+000,0,,0,
1524604927.773,,0.000000e+000,3.499833e+001,3.518106e-006,0.000000e+000,3,8.086395e-001,0.000000e+000,,,,,,,,,,,,,,32,1,4.000000e+000,2.349854e-003,0.000000e+000,0,,0,
1524604940.308,,0.000000e+000,3.499794e+001,3.536312e-006,0.000000e+000,3,8.110239e-001,0.000000e+000,,,,,,,,,,,,,,32,1,4.000000e+000,0.000000e+000,0.000000e+000,0,,0,
1524604953.144,,0.000000e+000,3.499754e+001,3.599481e-006,0.000000e+000,3,8.021067e-001,0.000000e+000,,,,,,,,,,,,,,32,1,4.000000e+000,7.896423e-004,0.000000e+000,0,,0,
1524604965.826,,0.000000e+000,3.499911e+001,3.563598e-006,0.000000e+000,3,8.049965e-001,0.000000e+000,,,,,,,,,,,,,,32,1,4.000000e+000,7.820129e-004,0.000000e+000,0,,0,
1524604978.519,,0.000000e+000,3.499911e+001,3.574703e-006,0.000000e+000,3,8.090136e-001,0.000000e+000,,,,,,,,,,,,,,32,1,4.000000e+000,7.820129e-004,0.000000e+000,0,,0,
1524604991.117,,0.000000e+000,3.499911e+001,3.651286e-006,0.000000e+000,3,7.982603e-001,0.000000e+000,,,,,,,,,,,,,,32,1,4.000000e+000,7.820129e-004,0.000000e+000,0,,0,
1524605003.592,,0.000000e+000,3.499833e+001,3.654045e-006,0.000000e+000,3,8.130997e-001,0.000000e+000,,,,,,,,,,,,,,32,1,4.000000e+000,2.349854e-003,0.000000e+000,0,,0,
1524605016.312,,0.000000e+000,3.499793e+001,3.634352e-006,0.000000e+000,3,8.133857e-001,0.000000e+000,,,,,,,,,,,,,,32,1,4.000000e+000,1.567841e-003,0.000000e+000,0,,0,
1524605028.545,,0.000000e+000,3.499872e+001,3.725555e-006,0.000000e+000,3,8.129271e-001,0.000000e+000,,,,,,,,,,,,,,32,1,4.000000e+000,0.000000e+000,0.000000e+000,0,,0,
1524605041.717,,0.000000e+000,3.499794e+001,3.668286e-006,0.000000e+000,3,8.222609e-001,0.000000e+000,,,,,,,,,,,,,,32,1,4.000000e+000,0.000000e+000,0.000000e+000,0,,0,
1524605054.033,,0.000000e+000,3.499833e+001,3.660989e-006,0.000000e+000,3,8.073638e-001,0.000000e+000,,,,,,,,,,,,,,32,1,4.000000e+000,7.781982e-004,0.000000e+000,0,,0,
1524605066.565,,0.000000e+000,3.499637e+001,3.686806e-006,0.000000e+000,3,8.123336e-001,0.000000e+000,,,,,,,,,,,,,,32,1,4.000000e+000,1.560211e-003,0.000000e+000,0,,0,
1524605079.335,,0.000000e+000,3.499715e+001,3.683253e-006,0.000000e+000,3,8.121914e-001,0.000000e+000,,,,,,,,,,,,,,32,1,4.000000e+000,0.000000e+000,0.000000e+000,0,,0,
1524605092.026,,0.000000e+000,3.499754e+001,3.722460e-006,0.000000e+000,3,8.160381e-001,0.000000e+000,,,,,,,,,,,,,,32,1,4.000000e+000,7.896423e-004,0.000000e+000,0,,0,
1524605104.753,,0.000000e+000,3.499911e+001,3.748962e-006,0.000000e+000,3,8.061054e-001,0.000000e+000,,,,,,,,,,,,,,32,1,4.000000e+000,2.338409e-003,0.000000e+000,0,,0,
1524605117.383,,0.000000e+000,3.499793e+001,3.754944e-006,0.000000e+000,3,8.148195e-001,0.000000e+000,,,,,,,,,,,,,,32,1,4.000000e+000,3.131866e-003,0.000000e+000,0,,0,
1524605130.069,,0.000000e+000,3.499872e+001,3.765327e-006,0.000000e+000,3,8.181121e-001,0.000000e+000,,,,,,,,,,,,,,32,1,4.000000e+000,0.000000e+000,0.000000e+000,0,,0,
1524605142.846,,0.000000e+000,3.499911e+001,3.741736e-006,0.000000e+000,3,8.216399e-001,0.000000e+000,,,,,,,,,,,,,,32,1,4.000000e+000,2.338409e-003,0.000000e+000,0,,0,
1524605155.474,,0.000000e+000,3.499872e+001,3.796354e-006,0.000000e+000,3,8.310485e-001,0.000000e+000,,,,,,,,,,,,,,32,1,4.000000e+000,1.560211e-003,0.000000e+000,0,,0,
1524605168.267,,0.000000e+000,3.499950e+001,3.793244e-006,0.000000e+000,3,8.215249e-001,0.000000e+000,,,,,,,,,,,,,,32,1,4.000000e+000,3.120422e-003,0.000000e+000,0,,0,
1524605180.964,,0.000000e+000,3.500067e+001,3.862707e-006,0.000000e+000,3,8.215046e-001,0.000000e+000,,,,,,,,,,,,,,32,1,4.000000e+000,7.820129e-004,0.000000e+000,0,,0,
1524605193.679,,0.000000e+000,3.499950e+001,3.865265e-006,0.000000e+000,3,8.193747e-001,0.000000e+000,,,,,,,,,,,,,,32,1,4.000000e+000,1.560211e-003,0.000000e+000,0,,0,
1524605206.292,,0.000000e+000,3.499950e+001,3.838128e-006,0.000000e+000,3,8.180172e-001,0.000000e+000,,,,,,,,,,,,,,32,1,4.000000e+000,1.560211e-003,0.000000e+000,0,,0,
1524605218.992,,0.000000e+000,3.499910e+001,3.883833e-006,0.000000e+000,3,8.182402e-001,0.000000e+000,,,,,,,,,,,,,,32,1,4.000000e+000,5.470276e-003,0.000000e+000,0,,0,
1524605231.690,,0.000000e+000,3.499950e+001,3.866461e-006,0.000000e+000,3,8.199471e-001,0.000000e+000,,,,,,,,,,,,,,32,1,4.000000e+000,1.560211e-003,0.000000e+000,0,,0,
1524605244.223,,0.000000e+000,3.499715e+001,3.880803e-006,0.000000e+000,3,8.238485e-001,0.000000e+000,,,,,,,,,,,,,,32,1,4.000000e+000,1.571655e-003,0.000000e+000,0,,0,
1524605256.833,,0.000000e+000,3.499911e+001,3.898085e-006,0.000000e+000,3,8.197447e-001,0.000000e+000,,,,,,,,,,,,,,32,1,4.000000e+000,2.338409e-003,0.000000e+000,0,,0,
1524605269.821,,0.000000e+000,3.499950e+001,3.906999e-006,0.000000e+000,3,8.235732e-001,0.000000e+000,,,,,,,,,,,,,,32,1,4.000000e+000,1.560211e-003,0.000000e+000,0,,0,
1524605282.478,,0.000000e+000,3.499793e+001,3.903781e-006,0.000000e+000,3,8.233761e-001,0.000000e+000,,,,,,,,,,,,,,32,1,4.000000e+000,1.567841e-003,0.000000e+000,0,,0,
1524605295.321,,0.000000e+000,3.499754e+001,3.995992e-006,0.000000e+000,3,8.270732e-001,0.000000e+000,,,,,,,,,,,,,,32,1,4.000000e+000,7.896423e-004,0.000000e+000,0,,0,
1524605308.029,,0.000000e+000,3.499833e+001,3.920406e-006,0.000000e+000,3,8.167962e-001,0.000000e+000,,,,,,,,,,,,,,32,1,4.000000e+000,7.781982e-004,0.000000e+000,0,,0,
1524605320.734,,0.000000e+000,3.499715e+001,3.992403e-006,0.000000e+000,3,8.160095e-001,0.000000e+000,,,,,,,,,,,,,,32,1,4.000000e+000,1.571655e-003,0.000000e+000,0,,0,
1524605334.209,,0.000000e+000,3.499793e+001,4.070666e-006,0.000000e+000,3,8.276035e-001,0.000000e+000,,,,,,,,,,,,,,32,1,4.000000e+000,1.567841e-003,0.000000e+000,0,,0,
1524605346.342,,0.000000e+000,3.499754e+001,3.942530e-006,0.000000e+000,3,8.236402e-001,0.000000e+000,,,,,,,,,,,,,,32,1,4.000000e+000,7.896423e-004,0.000000e+000,0,,0,
1524605358.732,,0.000000e+000,3.499950e+001,3.962969e-006,0.000000e+000,3,8.258627e-001,0.000000e+000,,,,,,,,,,,,,,32,1,4.000000e+000,0.000000e+000,0.000000e+000,0,,0,
1524605372.447,,0.000000e+000,3.500067e+001,4.040527e-006,0.000000e+000,3,8.285679e-001,0.000000e+000,,,,,,,,,,,,,,32,1,4.000000e+000,2.338409e-003,0.000000e+000,0,,0,
1524605385.242,,0.000000e+000,3.499989e+001,4.026263e-006,0.000000e+000,3,8.281696e-001,0.000000e+000,,,,,,,,,,,,,,32,1,4.000000e+000,3.898621e-003,0.000000e+000,0,,0,
1524605397.882,,0.000000e+000,3.499715e+001,4.064002e-006,0.000000e+000,3,8.324300e-001,0.000000e+000,,,,,,,,,,,,,,32,1,4.000000e+000,1.571655e-003,0.000000e+000,0,,0,
1524605410.923,,0.000000e+000,3.499715e+001,3.977901e-006,0.000000e+000,3,8.296717e-001,0.000000e+000,,,,,,,,,,,,,,32,1,4.000000e+000,1.571655e-003,0.000000e+000,0,,0,
1524605423.540,,0.000000e+000,3.499833e+001,4.088473e-006,0.000000e+000,3,8.278721e-001,0.000000e+000,,,,,,,,,,,,,,32,1,4.000000e+000,7.781982e-004,0.000000e+000,0,,0,
1524605435.801,,0.000000e+000,3.499833e+001,4.083777e-006,0.000000e+000,3,8.292400e-001,0.000000e+000,,,,,,,,,,,,,,32,1,4.000000e+000,7.781982e-004,0.000000e+000,0,,0,
1524605448.571,,0.000000e+000,3.499794e+001,4.167448e-006,0.000000e+000,3,8.361083e-001,0.000000e+000,,,,,,,,,,,,,,32,1,4.000000e+000,0.000000e+000,0.000000e+000,0,,0,
1524605461.243,,0.000000e+000,3.499715e+001,4.121901e-006,0.000000e+000,3,8.334969e-001,0.000000e+000,,,,,,,,,,,,,,32,1,4.000000e+000,1.571655e-003,0.000000e+000,0,,0,
1524605473.971,,0.000000e+000,3.499754e+001,4.109653e-006,0.000000e+000,3,8.319268e-001,0.000000e+000,,,,,,,,,,,,,,32,1,4.000000e+000,2.349854e-003,0.000000e+000,0,,0,
1524605486.671,,0.000000e+000,3.499833e+001,4.133196e-006,0.000000e+000,3,8.329427e-001,0.000000e+000,,,,,,,,,,,,,,32,1,4.000000e+000,7.781982e-004,0.000000e+000,0,,0,
1524605499.817,,0.000000e+000,3.499754e+001,4.146746e-006,0.000000e+000,3,8.337983e-001,0.000000e+000,,,,,,,,,,,,,,32,1,4.000000e+000,7.896423e-004,0.000000e+000,0,,0,
1524605512.607,,0.000000e+000,3.499754e+001,4.109146e-006,0.000000e+000,3,8.387697e-001,0.000000e+000,,,,,,,,,,,,,,32,1,4.000000e+000,7.896423e-004,0.000000e+000,0,,0,
1524605525.164,,0.000000e+000,3.499793e+001,4.138412e-006,0.000000e+000,3,8.341412e-001,0.000000e+000,,,,,,,,,,,,,,32,1,4.000000e+000,3.131866e-003,0.000000e+000,0,,0,
1524605537.715,,0.000000e+000,3.500224e+001,4.184055e-006,0.000000e+000,3,8.294728e-001,0.000000e+000,,,,,,,,,,,,,,32,1,4.000000e+000,5.477905e-003,0.000000e+000,0,,0,
1524605550.032,,0.000000e+000,3.499833e+001,4.212960e-006,0.000000e+000,3,8.344173e-001,0.000000e+000,,,,,,,,,,,,,,32,1,4.000000e+000,2.349854e-003,0.000000e+000,0,,0,
1524605562.490,,0.000000e+000,3.499911e+001,4.118307e-006,0.000000e+000,3,8.405128e-001,0.000000e+000,,,,,,,,,,,,,,32,1,4.000000e+000,7.820129e-004,0.000000e+000,0,,0,
1524605575.475,,0.000000e+000,3.499872e+001,4.216096e-006,0.000000e+000,3,8.403350e-001,0.000000e+000,,,,,,,,,,,,,,32,1,4.000000e+000,0.000000e+000,0.000000e+000,0,,0,
1524605587.463,,0.000000e+000,3.499911e+001,4.209892e-006,0.000000e+000,3,8.390678e-001,0.000000e+000,,,,,,,,,,,,,,32,1,4.000000e+000,7.820129e-004,0.000000e+000,0,,0,
1524605600.151,,0.000000e+000,3.499911e+001,4.204909e-006,0.000000e+000,3,8.391979e-001,0.000000e+000,,,,,,,,,,,,,,32,1,4.000000e+000,7.820129e-004,0.000000e+000,0,,0,
1524605612.851,,0.000000e+000,3.499793e+001,4.201882e-006,0.000000e+000,3,8.373219e-001,0.000000e+000,,,,,,,,,,,,,,32,1,4.000000e+000,1.567841e-003,0.000000e+000,0,,0,
1524605625.551,,0.000000e+000,3.499871e+001,4.245183e-006,0.000000e+000,3,8.367252e-001,0.000000e+000,,,,,,,,,,,,,,32,1,4.000000e+000,3.128052e-003,0.000000e+000,0,,0,
1524605638.264,,0.000000e+000,3.499833e+001,4.218343e-006,0.000000e+000,3,8.335181e-001,0.000000e+000,,,,,,,,,,,,,,32,1,4.000000e+000,2.349854e-003,0.000000e+000,0,,0,
1524605650.966,,0.000000e+000,3.499833e+001,4.264611e-006,0.000000e+000,3,8.417056e-001,0.000000e+000,,,,,,,,,,,,,,32,1,4.000000e+000,7.781982e-004,0.000000e+000,0,,0,
1524605663.669,,0.000000e+000,3.499872e+001,4.251823e-006,0.000000e+000,3,8.413884e-001,0.000000e+000,,,,,,,,,,,,,,32,1,4.000000e+000,1.560211e-003,0.000000e+000,0,,0,
1524605676.364,,0.000000e+000,3.499872e+001,4.280598e-006,0.000000e+000,3,8.409443e-001,0.000000e+000,,,,,,,,,,,,,,32,1,4.000000e+000,1.560211e-003,0.000000e+000,0,,0,
1524605689.059,,0.000000e+000,3.499833e+001,4.212825e-006,0.000000e+000,3,8.431007e-001,0.000000e+000,,,,,,,,,,,,,,32,1,4.000000e+000,7.781982e-004,0.000000e+000,0,,0,
1524605701.777,,0.000000e+000,3.499911e+001,4.287231e-006,0.000000e+000,3,8.367517e-001,0.000000e+000,,,,,,,,,,,,,,32,1,4.000000e+000,7.820129e-004,0.000000e+000,0,,0,
1524605714.462,,0.000000e+000,3.499911e+001,4.288287e-006,0.000000e+000,3,8.383039e-001,0.000000e+000,,,,,,,,,,,,,,32,1,4.000000e+000,7.820129e-004,0.000000e+000,0,,0,
1524605727.162,,0.000000e+000,3.499872e+001,4.288322e-006,0.000000e+000,3,8.390458e-001,0.000000e+000,,,,,,,,,,,,,,32,1,4.000000e+000,0.000000e+000,0.000000e+000,0,,0,
1524605739.880,,0.000000e+000,3.499872e+001,4.323254e-006,0.000000e+000,3,8.400992e-001,0.000000e+000,,,,,,,,,,,,,,32,1,4.000000e+000,1.560211e-003,0.000000e+000,0,,0,
1524605753.018,,0.000000e+000,3.499794e+001,4.328213e-006,0.000000e+000,3,8.424932e-001,0.000000e+000,,,,,,,,,,,,,,32,1,4.000000e+000,0.000000e+000,0.000000e+000,0,,0,
1524605765.740,,0.000000e+000,3.499794e+001,4.344714e-006,0.000000e+000,3,8.453721e-001,0.000000e+000,,,,,,,,,,,,,,32,1,4.000000e+000,0.000000e+000,0.000000e+000,0,,0,
1524605777.981,,0.000000e+000,3.499794e+001,4.321020e-006,0.000000e+000,3,8.395591e-001,0.000000e+000,,,,,,,,,,,,,,32,1,4.000000e+000,0.000000e+000,0.000000e+000,0,,0,
1524605790.676,,0.000000e+000,3.499833e+001,4.368543e-006,0.000000e+000,3,8.433178e-001,0.000000e+000,,,,,,,,,,,,,,32,1,4.000000e+000,7.781982e-004,0.000000e+000,0,,0,
1524605803.384,,0.000000e+000,3.499911e+001,4.346509e-006,0.000000e+000,3,8.347372e-001,0.000000e+000,,,,,,,,,,,,,,32,1,4.000000e+000,7.820129e-004,0.000000e+000,0,,0,
1524605816.004,,0.000000e+000,3.499989e+001,4.347587e-006,0.000000e+000,3,8.407176e-001,0.000000e+000,,,,,,,,,,,,,,32,1,4.000000e+000,7.781982e-004,0.000000e+000,0,,0,
1524605828.764,,0.000000e+000,3.499793e+001,4.382672e-006,0.000000e+000,3,8.409227e-001,0.000000e+000,,,,,,,,,,,,,,32,1,4.000000e+000,3.131866e-003,0.000000e+000,0,,0,
1524605841.909,,0.000000e+000,3.499754e+001,4.366510e-006,0.000000e+000,3,8.410380e-001,0.000000e+000,,,,,,,,,,,,,,32,1,4.000000e+000,2.349854e-003,0.000000e+000,0,,0,
1524605854.442,,0.000000e+000,3.499872e+001,4.414539e-006,0.000000e+000,3,8.415275e-001,0.000000e+000,,,,,,,,,,,,,,32,1,4.000000e+000,0.000000e+000,0.000000e+000,0,,0,
1524605867.172,,0.000000e+000,3.499911e+001,4.461494e-006,0.000000e+000,3,8.364909e-001,0.000000e+000,,,,,,,,,,,,,,32,1,4.000000e+000,7.820129e-004,0.000000e+000,0,,0,
1524605879.880,,0.000000e+000,3.499872e+001,4.444545e-006,0.000000e+000,3,8.424969e-001,0.000000e+000,,,,,,,,,,,,,,32,1,4.000000e+000,1.560211e-003,0.000000e+000,0,,0,
1524605892.610,,0.000000e+000,3.499950e+001,4.420857e-006,0.000000e+000,3,8.415959e-001,0.000000e+000,,,,,,,,,,,,,,32,1,4.000000e+000,0.000000e+000,0.000000e+000,0,,0,
1524605905.337,,0.000000e+000,3.499911e+001,4.488493e-006,0.000000e+000,3,8.498205e-001,0.000000e+000,,,,,,,,,,,,,,32,1,4.000000e+000,7.820129e-004,0.000000e+000,0,,0,
1524605917.980,,0.000000e+000,3.499872e+001,4.497227e-006,0.000000e+000,3,8.444475e-001,0.000000e+000,,,,,,,,,,,,,,32,1,4.000000e+000,0.000000e+000,0.000000e+000,0,,0,
1524605930.690,,0.000000e+000,3.499833e+001,4.463664e-006,0.000000e+000,3,8.403959e-001,0.000000e+000,,,,,,,,,,,,,,32,1,4.000000e+000,7.781982e-004,0.000000e+000,0,,0,
1524605943.403,,0.000000e+000,3.499833e+001,4.532883e-006,0.000000e+000,3,8.451830e-001,0.000000e+000,,,,,,,,,,,,,,32,1,4.000000e+000,7.781982e-004,0.000000e+000,0,,0,
1524605956.096,,0.000000e+000,3.500067e+001,4.491531e-006,0.000000e+000,3,8.416679e-001,0.000000e+000,,,,,,,,,,,,,,32,1,4.000000e+000,3.910065e-003,0.000000e+000,0,,0,
1524605968.813,,0.000000e+000,3.500145e+001,4.524858e-006,0.000000e+000,3,8.439870e-001,0.000000e+000,,,,,,,,,,,,,,32,1,4.000000e+000,2.349854e-003,0.000000e+000,0,,0,
1524605981.354,,0.000000e+000,3.499833e+001,4.533287e-006,0.000000e+000,3,8.481366e-001,0.000000e+000,,,,,,,,,,,,,,32,1,4.000000e+000,7.781982e-004,0.000000e+000,0,,0,
1524605993.561,,0.000000e+000,3.499950e+001,4.530450e-006,0.000000e+000,3,8.469018e-001,0.000000e+000,,,,,,,,,,,,,,32,1,4.000000e+000,3.120422e-003,0.000000e+000,0,,0,
1524606006.374,,0.000000e+000,3.499715e+001,4.520229e-006,0.000000e+000,3,8.412581e-001,0.000000e+000,,,,,,,,,,,,,,32,1,4.000000e+000,0.000000e+000,0.000000e+000,0,,0,
1524606018.519,,0.000000e+000,3.499754e+001,4.529536e-006,0.000000e+000,3,8.456202e-001,0.000000e+000,,,,,,,,,,,,,,32,1,4.000000e+000,7.896423e-004,0.000000e+000,0,,0,
1524606031.724,,0.000000e+000,3.499794e+001,4.529927e-006,0.000000e+000,3,8.428339e-001,0.000000e+000,,,,,,,,,,,,,,32,1,4.000000e+000,0.000000e+000,0.000000e+000,0,,0,
1524606044.122,,0.000000e+000,3.500028e+001,4.509551e-006,0.000000e+000,3,8.441096e-001,0.000000e+000,,,,,,,,,,,,,,32,1,4.000000e+000,3.120422e-003,0.000000e+000,0,,0,
1524606056.692,,0.000000e+000,3.499911e+001,4.568819e-006,0.000000e+000,3,8.480898e-001,0.000000e+000,,,,,,,,,,,,,,32,1,4.000000e+000,7.820129e-004,0.000000e+000,0,,0,
1524606069.325,,0.000000e+000,3.499833e+001,4.532917e-006,0.000000e+000,3,8.483160e-001,0.000000e+000,,,,,,,,,,,,,,32,1,4.000000e+000,2.349854e-003,0.000000e+000,0,,0,
1524606081.743,,0.000000e+000,3.500028e+001,4.569948e-006,0.000000e+000,3,8.451452e-001,0.000000e+000,,,,,,,,,,,,,,32,1,4.000000e+000,3.120422e-003,0.000000e+000,0,,0,
1524606094.000,,0.000000e+000,3.499872e+001,4.585661e-006,0.000000e+000,3,8.463088e-001,0.000000e+000,,,,,,,,,,,,,,32,1,4.000000e+000,0.000000e+000,0.000000e+000,0,,0,
1524606106.680,,0.000000e+000,3.499833e+001,4.547368e-006,0.000000e+000,3,8.425090e-001,0.000000e+000,,,,,,,,,,,,,,32,1,4.000000e+000,7.781982e-004,0.000000e+000,0,,0,
1524606119.151,,0.000000e+000,3.499833e+001,4.628995e-006,0.000000e+000,3,8.516868e-001,0.000000e+000,,,,,,,,,,,,,,32,1,4.000000e+000,7.781982e-004,0.000000e+000,0,,0,
1524606131.418,,0.000000e+000,3.499872e+001,4.600478e-006,0.000000e+000,3,8.497994e-001,0.000000e+000,,,,,,,,,,,,,,32,1,4.000000e+000,1.560211e-003,0.000000e+000,0,,0,
1524606144.011,,0.000000e+000,3.500028e+001,4.607138e-006,0.000000e+000,3,8.448849e-001,0.000000e+000,,,,,,,,,,,,,,32,1,4.000000e+000,1.560211e-003,0.000000e+000,0,,0,
1524606156.691,,0.000000e+000,3.499872e+001,4.601930e-006,0.000000e+000,3,8.440298e-001,0.000000e+000,,,,,,,,,,,,,,32,1,4.000000e+000,1.560211e-003,0.000000e+000,0,,0,
1524606169.401,,0.000000e+000,3.499872e+001,4.655970e-006,0.000000e+000,3,8.499624e-001,0.000000e+000,,,,,,,,,,,,,,32,1,4.000000e+000,1.560211e-003,0.000000e+000,0,,0,
1524606182.127,,0.000000e+000,3.499989e+001,4.614842e-006,0.000000e+000,3,8.477795e-001,0.000000e+000,,,,,,,,,,,,,,32,1,4.000000e+000,7.781982e-004,0.000000e+000,0,,0,
1524606194.834,,0.000000e+000,3.499872e+001,4.678664e-006,0.000000e+000,3,8.488729e-001,0.000000e+000,,,,,,,,,,,,,,32,1,4.000000e+000,1.560211e-003,0.000000e+000,0,,0,
1524606207.507,,0.000000e+000,3.499793e+001,4.621890e-006,0.000000e+000,3,8.461660e-001,0.000000e+000,,,,,,,,,,,,,,32,1,4.000000e+000,1.567841e-003,0.000000e+000,0,,0,
1524606220.242,,0.000000e+000,3.499793e+001,4.644551e-006,0.000000e+000,3,8.481045e-001,0.000000e+000,,,,,,,,,,,,,,32,1,4.000000e+000,1.567841e-003,0.000000e+000,0,,0,
1524606232.950,,0.000000e+000,3.499833e+001,4.748747e-006,0.000000e+000,3,8.496028e-001,0.000000e+000,,,,,,,,,,,,,,32,1,4.000000e+000,7.781982e-004,0.000000e+000,0,,0,
1524606245.592,,0.000000e+000,3.499989e+001,4.653983e-006,0.000000e+000,3,8.469580e-001,0.000000e+000,,,,,,,,,,,,,,32,1,4.000000e+000,2.342224e-003,0.000000e+000,0,,0,
1524606258.333,,0.000000e+000,3.499872e+001,4.694633e-006,0.000000e+000,3,8.509533e-001,0.000000e+000,,,,,,,,,,,,,,32,1,4.000000e+000,1.560211e-003,0.000000e+000,0,,0,
1524606271.025,,0.000000e+000,3.499911e+001,4.671658e-006,0.000000e+000,3,8.506894e-001,0.000000e+000,,,,,,,,,,,,,,32,1,4.000000e+000,7.820129e-004,0.000000e+000,0,,0,
1524606283.733,,0.000000e+000,3.499872e+001,4.693404e-006,0.000000e+000,3,8.511499e-001,0.000000e+000,,,,,,,,,,,,,,32,1,4.000000e+000,0.000000e+000,0.000000e+000,0,,0,
1524606296.228,,0.000000e+000,3.499911e+001,4.702973e-006,0.000000e+000,3,8.395544e-001,0.000000e+000,,,,,,,,,,,,,,32,1,4.000000e+000,7.820129e-004,0.000000e+000,0,,0,
1524606309.693,,0.000000e+000,3.499833e+001,4.717007e-006,0.000000e+000,3,8.508166e-001,0.000000e+000,,,,,,,,,,,,,,32,1,4.000000e+000,7.781982e-004,0.000000e+000,0,,0,
1524606322.421,,0.000000e+000,3.499833e+001,4.676091e-006,0.000000e+000,3,8.481695e-001,0.000000e+000,,,,,,,,,,,,,,32,1,4.000000e+000,7.781982e-004,0.000000e+000,0,,0,
1524606334.261,,0.000000e+000,3.499950e+001,4.673293e-006,0.000000e+000,3,8.524433e-001,0.000000e+000,,,,,,,,,,,,,,32,1,4.000000e+000,3.120422e-003,0.000000e+000,0,,0,
1524606346.721,,0.000000e+000,3.499793e+001,4.711038e-006,0.000000e+000,3,8.469771e-001,0.000000e+000,,,,,,,,,,,,,,32,1,4.000000e+000,3.131866e-003,0.000000e+000,0,,0,
1524606359.459,,0.000000e+000,3.499872e+001,4.710575e-006,0.000000e+000,3,8.568950e-001,0.000000e+000,,,,,,,,,,,,,,32,1,4.000000e+000,1.560211e-003,0.000000e+000,0,,0,
1524606372.122,,0.000000e+000,3.499950e+001,4.736125e-006,0.000000e+000,3,8.567508e-001,0.000000e+000,,,,,,,,,,,,,,32,1,4.000000e+000,1.560211e-003,0.000000e+000,0,,0,
1524606384.832,,0.000000e+000,3.499793e+001,4.727778e-006,0.000000e+000,3,8.492670e-001,0.000000e+000,,,,,,,,,,,,,,32,1,4.000000e+000,1.567841e-003,0.000000e+000,0,,0,
1524606397.567,,0.000000e+000,3.499989e+001,4.749364e-006,0.000000e+000,3,8.512031e-001,0.000000e+000,,,,,,,,,,,,,,32,1,4.000000e+000,7.781982e-004,0.000000e+000,0,,0,
1524606410.245,,0.000000e+000,3.499793e+001,4.798592e-006,0.000000e+000,3,8.509479e-001,0.000000e+000,,,,,,,,,,,,,,32,1,4.000000e+000,3.131866e-003,0.000000e+000,0,,0,
1524606422.700,,0.000000e+000,3.499911e+001,4.720648e-006,0.000000e+000,3,8.473511e-001,0.000000e+000,,,,,,,,,,,,,,32,1,4.000000e+000,3.910065e-003,0.000000e+000,0,,0,
1524606435.028,,0.000000e+000,3.499754e+001,4.788456e-006,0.000000e+000,3,8.556754e-001,0.000000e+000,,,,,,,,,,,,,,32,1,4.000000e+000,2.349854e-003,0.000000e+000,0,,0,
1524606447.510,,0.000000e+000,3.499793e+001,4.777124e-006,0.000000e+000,3,8.526400e-001,0.000000e+000,,,,,,,,,,,,,,32,1,4.000000e+000,3.131866e-003,0.000000e+000,0,,0,
1524606460.236,,0.000000e+000,3.499872e+001,4.771439e-006,0.000000e+000,3,8.536094e-001,0.000000e+000,,,,,,,,,,,,,,32,1,4.000000e+000,1.560211e-003,0.000000e+000,0,,0,
1524606472.468,,0.000000e+000,3.499911e+001,4.794247e-006,0.000000e+000,3,8.549156e-001,0.000000e+000,,,,,,,,,,,,,,32,1,4.000000e+000,7.820129e-004,0.000000e+000,0,,0,
1524606485.181,,0.000000e+000,3.499754e+001,4.722223e-006,0.000000e+000,3,8.624321e-001,0.000000e+000,,,,,,,,,,,,,,32,1,4.000000e+000,7.896423e-004,0.000000e+000,0,,0,
1524606497.876,,0.000000e+000,3.499793e+001,4.797473e-006,0.000000e+000,3,8.587969e-001,0.000000e+000,,,,,,,,,,,,,,32,1,4.000000e+000,1.567841e-003,0.000000e+000,0,,0,
1524606510.344,,0.000000e+000,3.499911e+001,4.809351e-006,0.000000e+000,3,8.614597e-001,0.000000e+000,,,,,,,,,,,,,,32,1,4.000000e+000,7.820129e-004,0.000000e+000,0,,0,
1524606522.614,,0.000000e+000,3.499950e+001,4.778039e-006,0.000000e+000,3,8.490656e-001,0.000000e+000,,,,,,,,,,,,,,32,1,4.000000e+000,1.560211e-003,0.000000e+000,0,,0,
1524606535.199,,0.000000e+000,3.500106e+001,4.786967e-006,0.000000e+000,3,8.461359e-001,0.000000e+000,,,,,,,,,,,,,,32,1,4.000000e+000,1.560211e-003,0.000000e+000,0,,0,
1524606547.897,,0.000000e+000,3.499950e+001,4.780018e-006,0.000000e+000,3,8.560538e-001,0.000000e+000,,,,,,,,,,,,,,32,1,4.000000e+000,0.000000e+000,0.000000e+000,0,,0,
1524606560.655,,0.000000e+000,3.500106e+001,4.796308e-006,0.000000e+000,3,8.549571e-001,0.000000e+000,,,,,,,,,,,,,,32,1,4.000000e+000,3.128052e-003,0.000000e+000,0,,0,
1524606573.282,,0.000000e+000,3.500106e+001,4.841119e-006,0.000000e+000,3,8.557100e-001,0.000000e+000,,,,,,,,,,,,,,32,1,4.000000e+000,0.000000e+000,0.000000e+000,0,,0,
1524606586.052,,0.000000e+000,3.499793e+001,4.868964e-006,0.000000e+000,3,8.591697e-001,0.000000e+000,,,,,,,,,,,,,,32,1,4.000000e+000,1.567841e-003,0.000000e+000,0,,0,
1524606598.213,,0.000000e+000,3.499833e+001,4.817339e-006,0.000000e+000,3,8.582352e-001,0.000000e+000,,,,,,,,,,,,,,32,1,4.000000e+000,2.349854e-003,0.000000e+000,0,,0,
1524606610.368,,0.000000e+000,3.499872e+001,4.805535e-006,0.000000e+000,3,8.597454e-001,0.000000e+000,,,,,,,,,,,,,,32,1,4.000000e+000,1.560211e-003,0.000000e+000,0,,0,
1524606622.828,,0.000000e+000,3.499950e+001,4.871500e-006,0.000000e+000,3,8.537515e-001,0.000000e+000,,,,,,,,,,,,,,32,1,4.000000e+000,1.560211e-003,0.000000e+000,0,,0,
1524606635.296,,0.000000e+000,3.499793e+001,4.874003e-006,0.000000e+000,3,8.598422e-001,0.000000e+000,,,,,,,,,,,,,,32,1,4.000000e+000,3.131866e-003,0.000000e+000,0,,0,
1524606647.941,,0.000000e+000,3.499911e+001,4.906505e-006,0.000000e+000,3,8.539606e-001,0.000000e+000,,,,,,,,,,,,,,32,1,4.000000e+000,7.820129e-004,0.000000e+000,0,,0,
1524606660.669,,0.000000e+000,3.499872e+001,4.891215e-006,0.000000e+000,3,8.582035e-001,0.000000e+000,,,,,,,,,,,,,,32,1,4.000000e+000,0.000000e+000,0.000000e+000,0,,0,
1524606673.361,,0.000000e+000,3.499833e+001,4.885048e-006,0.000000e+000,3,8.492253e-001,0.000000e+000,,,,,,,,,,,,,,32,1,4.000000e+000,7.781982e-004,0.000000e+000,0,,0,
1524606686.574,,0.000000e+000,3.500028e+001,4.891554e-006,0.000000e+000,3,8.623332e-001,0.000000e+000,,,,,,,,,,,,,,32,1,4.000000e+000,1.560211e-003,0.000000e+000,0,,0,
1524606699.874,,0.000000e+000,3.499715e+001,4.876482e-006,0.000000e+000,3,8.567988e-001,0.000000e+000,,,,,,,,,,,,,,32,1,4.000000e+000,4.692078e-003,0.000000e+000,0,,0,
1524606712.762,,0.000000e+000,3.499871e+001,4.893549e-006,0.000000e+000,3,8.573461e-001,0.000000e+000,,,,,,,,,,,,,,32,1,4.000000e+000,3.128052e-003,0.000000e+000,0,,0,
1524606726.179,,0.000000e+000,3.499871e+001,4.949128e-006,0.000000e+000,3,8.612806e-001,0.000000e+000,,,,,,,,,,,,,,32,1,4.000000e+000,3.128052e-003,0.000000e+000,0,,0,
1524606738.790,,0.000000e+000,3.499871e+001,4.844836e-006,0.000000e+000,3,8.509649e-001,0.000000e+000,,,,,,,,,,,,,,32,1,4.000000e+000,3.128052e-003,0.000000e+000,0,,0,
1524606751.560,,0.000000e+000,3.499911e+001,4.870640e-006,0.000000e+000,3,8.521532e-001,0.000000e+000,,,,,,,,,,,,,,32,1,4.000000e+000,2.338409e-003,0.000000e+000,0,,0,
1524606764.185,,0.000000e+000,3.499911e+001,4.920297e-006,0.000000e+000,3,8.594754e-001,0.000000e+000,,,,,,,,,,,,,,32,1,4.000000e+000,3.910065e-003,0.000000e+000,0,,0,
1524606776.893,,0.000000e+000,3.499833e+001,4.946236e-006,0.000000e+000,3,8.584833e-001,0.000000e+000,,,,,,,,,,,,,,32,1,4.000000e+000,7.781982e-004,0.000000e+000,0,,0,
1524606789.603,,0.000000e+000,3.500067e+001,4.928429e-006,0.000000e+000,3,8.525158e-001,0.000000e+000,,,,,,,,,,,,,,32,1,4.000000e+000,7.820129e-004,0.000000e+000,0,,0,
1524606802.318,,0.000000e+000,3.500106e+001,4.908632e-006,0.000000e+000,3,8.604566e-001,0.000000e+000,,,,,,,,,,,,,,32,1,4.000000e+000,1.560211e-003,0.000000e+000,0,,0,
1524606815.378,,0.000000e+000,3.499754e+001,4.950786e-006,0.000000e+000,3,8.622993e-001,0.000000e+000,,,,,,,,,,,,,,32,1,4.000000e+000,2.349854e-003,0.000000e+000,0,,0,
1524606828.289,,0.000000e+000,3.499715e+001,4.971882e-006,0.000000e+000,3,8.551057e-001,0.000000e+000,,,,,,,,,,,,,,32,1,4.000000e+000,1.571655e-003,0.000000e+000,0,,0,
1524606840.916,,0.000000e+000,3.499832e+001,4.994355e-006,0.000000e+000,3,8.564684e-001,0.000000e+000,,,,,,,,,,,,,,32,1,4.000000e+000,3.910065e-003,0.000000e+000,0,,0,
1524606853.374,,0.000000e+000,3.499833e+001,4.939883e-006,0.000000e+000,3,8.566650e-001,0.000000e+000,,,,,,,,,,,,,,32,1,4.000000e+000,7.781982e-004,0.000000e+000,0,,0,
1524606866.057,,0.000000e+000,3.499833e+001,4.927663e-006,0.000000e+000,3,8.648944e-001,0.000000e+000,,,,,,,,,,,,,,32,1,4.000000e+000,7.781982e-004,0.000000e+000,0,,0,
1524606878.592,,0.000000e+000,3.500067e+001,4.950355e-006,0.000000e+000,3,8.561669e-001,0.000000e+000,,,,,,,,,,,,,,32,1,4.000000e+000,7.820129e-004,0.000000e+000,0,,0,
1524606891.112,,0.000000e+000,3.499833e+001,4.943576e-006,0.000000e+000,3,8.574467e-001,0.000000e+000,,,,,,,,,,,,,,32,1,4.000000e+000,5.470276e-003,0.000000e+000,0,,0,
1524606903.432,,0.000000e+000,3.500028e+001,4.975059e-006,0.000000e+000,3,8.624477e-001,0.000000e+000,,,,,,,,,,,,,,32,1,4.000000e+000,3.120422e-003,0.000000e+000,0,,0,
1524606915.855,,0.000000e+000,3.499911e+001,4.965544e-006,0.000000e+000,3,8.593698e-001,0.000000e+000,,,,,,,,,,,,,,32,1,4.000000e+000,7.820129e-004,0.000000e+000,0,,0,
1524606928.540,,0.000000e+000,3.499911e+001,4.980914e-006,0.000000e+000,3,8.534636e-001,0.000000e+000,,,,,,,,,,,,,,32,1,4.000000e+000,7.820129e-004,0.000000e+000,0,,0,
1524606941.218,,0.000000e+000,3.499950e+001,4.967695e-006,0.000000e+000,3,8.561777e-001,0.000000e+000,,,,,,,,,,,,,,32,1,4.000000e+000,1.560211e-003,0.000000e+000,0,,0,
1524606953.658,,0.000000e+000,3.499872e+001,5.020032e-006,0.000000e+000,3,8.495051e-001,0.000000e+000,,,,,,,,,,,,,,32,1,4.000000e+000,1.560211e-003,0.000000e+000,0,,0,
1524606966.323,,0.000000e+000,3.499989e+001,5.032037e-006,0.000000e+000,3,8.612048e-001,0.000000e+000,,,,,,,,,,,,,,32,1,4.000000e+000,2.342224e-003,0.000000e+000,0,,0,
1524606978.841,,0.000000e+000,3.499715e+001,5.049780e-006,0.000000e+000,3,8.574846e-001,0.000000e+000,,,,,,,,,,,,,,32,1,4.000000e+000,3.128052e-003,0.000000e+000,0,,0,
1524606991.528,,0.000000e+000,3.499833e+001,5.089354e-006,0.000000e+000,3,8.546730e-001,0.000000e+000,,,,,,,,,,,,,,32,1,4.000000e+000,7.781982e-004,0.000000e+000,0,,0,
1524607004.256,,0.000000e+000,3.499911e+001,5.023412e-006,0.000000e+000,3,8.581656e-001,0.000000e+000,,,,,,,,,,,,,,32,1,4.000000e+000,7.820129e-004,0.000000e+000,0,,0,
1524607016.826,,0.000000e+000,3.499833e+001,5.060364e-006,0.000000e+000,3,8.608603e-001,0.000000e+000,,,,,,,,,,,,,,32,1,4.000000e+000,7.781982e-004,0.000000e+000,0,,0,
1524607029.544,,0.000000e+000,3.499872e+001,5.073669e-006,0.000000e+000,3,8.654121e-001,0.000000e+000,,,,,,,,,,,,,,32,1,4.000000e+000,1.560211e-003,0.000000e+000,0,,0,
1524607042.244,,0.000000e+000,3.500185e+001,5.060825e-006,0.000000e+000,3,8.611522e-001,0.000000e+000,,,,,,,,,,,,,,32,1,4.000000e+000,4.688263e-003,0.000000e+000,0,,0,
1524607054.787,,0.000000e+000,3.500028e+001,5.157759e-006,0.000000e+000,3,8.592790e-001,0.000000e+000,,,,,,,,,,,,,,32,1,4.000000e+000,3.120422e-003,0.000000e+000,0,,0,
1524607067.745,,0.000000e+000,3.499950e+001,5.023278e-006,0.000000e+000,3,8.608565e-001,0.000000e+000,,,,,,,,,,,,,,32,1,4.000000e+000,1.560211e-003,0.000000e+000,0,,0,
1524607080.455,,0.000000e+000,3.499989e+001,5.087727e-006,0.000000e+000,3,8.624256e-001,0.000000e+000,,,,,,,,,,,,,,32,1,4.000000e+000,7.781982e-004,0.000000e+000,0,,0,
1524607092.907,,0.000000e+000,3.499950e+001,5.072763e-006,0.000000e+000,3,8.567422e-001,0.000000e+000,,,,,,,,,,,,,,32,1,4.000000e+000,0.000000e+000,0.000000e+000,0,,0,
1524607105.205,,0.000000e+000,3.499833e+001,5.080794e-006,0.000000e+000,3,8.619666e-001,0.000000e+000,,,,,,,,,,,,,,32,1,4.000000e+000,2.349854e-003,0.000000e+000,0,,0,
1524607117.675,,0.000000e+000,3.499911e+001,5.146880e-006,0.000000e+000,3,8.700773e-001,0.000000e+000,,,,,,,,,,,,,,32,1,4.000000e+000,7.820129e-004,0.000000e+000,0,,0,
1524607130.403,,0.000000e+000,3.499911e+001,5.077783e-006,0.000000e+000,3,8.640813e-001,0.000000e+000,,,,,,,,,,,,,,32,1,4.000000e+000,7.820129e-004,0.000000e+000,0,,0,
1524607142.658,,0.000000e+000,3.499911e+001,5.095708e-006,0.000000e+000,3,8.598958e-001,0.000000e+000,,,,,,,,,,,,,,32,1,4.000000e+000,7.820129e-004,0.000000e+000,0,,0,
1524607155.786,,0.000000e+000,3.499872e+001,5.084395e-006,0.000000e+000,3,8.616930e-001,0.000000e+000,,,,,,,,,,,,,,32,1,4.000000e+000,0.000000e+000,0.000000e+000,0,,0,
1524607168.504,,0.000000e+000,3.499833e+001,5.120163e-006,0.000000e+000,3,8.653287e-001,0.000000e+000,,,,,,,,,,,,,,32,1,4.000000e+000,7.781982e-004,0.000000e+000,0,,0,
1524607180.739,,0.000000e+000,3.499833e+001,5.140796e-006,0.000000e+000,3,8.633491e-001,0.000000e+000,,,,,,,,,,,,,,32,1,4.000000e+000,7.781982e-004,0.000000e+000,0,,0,
1524607193.441,,0.000000e+000,3.499911e+001,5.112339e-006,0.000000e+000,3,8.667547e-001,0.000000e+000,,,,,,,,,,,,,,32,1,4.000000e+000,7.820129e-004,0.000000e+000,0,,0,
1524607206.822,,0.000000e+000,3.499911e+001,5.125037e-006,0.000000e+000,3,8.649614e-001,0.000000e+000,,,,,,,,,,,,,,32,1,4.000000e+000,7.820129e-004,0.000000e+000,0,,0,
1524607219.597,,0.000000e+000,3.499911e+001,5.125366e-006,0.000000e+000,3,8.663895e-001,0.000000e+000,,,,,,,,,,,,,,32,1,4.000000e+000,7.820129e-004,0.000000e+000,0,,0,
1524607232.019,,0.000000e+000,3.500028e+001,5.142304e-006,0.000000e+000,3,8.638558e-001,0.000000e+000,,,,,,,,,,,,,,32,1,4.000000e+000,1.560211e-003,0.000000e+000,0,,0,
1524607244.695,,0.000000e+000,3.500028e+001,5.190934e-006,0.000000e+000,3,8.675224e-001,0.000000e+000,,,,,,,,,,,,,,32,1,4.000000e+000,1.560211e-003,0.000000e+000,0,,0,
1524607257.422,,0.000000e+000,3.499793e+001,5.160174e-006,0.000000e+000,3,8.616695e-001,0.000000e+000,,,,,,,,,,,,,,32,1,4.000000e+000,3.131866e-003,0.000000e+000,0,,0,
1524607270.105,,0.000000e+000,3.499676e+001,5.177797e-006,0.000000e+000,3,8.630927e-001,0.000000e+000,,,,,,,,,,,,,,32,1,4.000000e+000,7.820129e-004,0.000000e+000,0,,0,
1524607283.065,,0.000000e+000,3.499754e+001,5.172000e-006,0.000000e+000,3,8.682071e-001,0.000000e+000,,,,,,,,,,,,,,32,1,4.000000e+000,7.896423e-004,0.000000e+000,0,,0,
1524607295.920,,0.000000e+000,3.499793e+001,5.161684e-006,0.000000e+000,3,8.673462e-001,0.000000e+000,,,,,,,,,,,,,,32,1,4.000000e+000,1.567841e-003,0.000000e+000,0,,0,
1524607308.476,,0.000000e+000,3.499833e+001,5.209869e-006,0.000000e+000,3,8.714918e-001,0.000000e+000,,,,,,,,,,,,,,32,1,4.000000e+000,7.781982e-004,0.000000e+000,0,,0,
1524607321.128,,0.000000e+000,3.499989e+001,5.147254e-006,0.000000e+000,3,8.664976e-001,0.000000e+000,,,,,,,,,,,,,,32,1,4.000000e+000,7.781982e-004,0.000000e+000,0,,0,
1524607333.848,,0.000000e+000,3.499950e+001,5.169470e-006,0.000000e+000,3,8.676931e-001,0.000000e+000,,,,,,,,,,,,,,32,1,4.000000e+000,1.560211e-003,0.000000e+000,0,,0,
1524607346.584,,0.000000e+000,3.500067e+001,5.202069e-006,0.000000e+000,3,8.629119e-001,0.000000e+000,,,,,,,,,,,,,,32,1,4.000000e+000,7.820129e-004,0.000000e+000,0,,0,
1524607359.199,,0.000000e+000,3.499950e+001,5.188446e-006,0.000000e+000,3,8.664320e-001,0.000000e+000,,,,,,,,,,,,,,32,1,4.000000e+000,3.120422e-003,0.000000e+000,0,,0,
1524607371.944,,0.000000e+000,3.499989e+001,5.212364e-006,0.000000e+000,3,8.700612e-001,0.000000e+000,,,,,,,,,,,,,,32,1,4.000000e+000,3.898621e-003,0.000000e+000,0,,0,
1524607384.659,,0.000000e+000,3.499950e+001,5.172811e-006,0.000000e+000,3,8.674225e-001,0.000000e+000,,,,,,,,,,,,,,32,1,4.000000e+000,1.560211e-003,0.000000e+000,0,,0,
1524607397.349,,0.000000e+000,3.499793e+001,5.220204e-006,0.000000e+000,3,8.661875e-001,0.000000e+000,,,,,,,,,,,,,,32,1,4.000000e+000,1.567841e-003,0.000000e+000,0,,0,
1524607410.057,,0.000000e+000,3.499911e+001,5.228888e-006,0.000000e+000,3,8.690224e-001,0.000000e+000,,,,,,,,,,,,,,32,1,4.000000e+000,3.910065e-003,0.000000e+000,0,,0,
1524607422.745,,0.000000e+000,3.500028e+001,5.246023e-006,0.000000e+000,3,8.687780e-001,0.000000e+000,,,,,,,,,,,,,,32,1,4.000000e+000,0.000000e+000,0.000000e+000,0,,0,
1524607435.400,,0.000000e+000,3.499911e+001,5.232246e-006,0.000000e+000,3,8.598288e-001,0.000000e+000,,,,,,,,,,,,,,32,1,4.000000e+000,7.820129e-004,0.000000e+000,0,,0,
1524607447.960,,0.000000e+000,3.499754e+001,5.212545e-006,0.000000e+000,3,8.602768e-001,0.000000e+000,,,,,,,,,,,,,,32,1,4.000000e+000,2.349854e-003,0.000000e+000,0,,0,
1524607460.905,,0.000000e+000,3.499989e+001,5.229547e-006,0.000000e+000,3,8.642459e-001,0.000000e+000,,,,,,,,,,,,,,32,1,4.000000e+000,7.781982e-004,0.000000e+000,0,,0,
1524607473.648,,0.000000e+000,3.499950e+001,5.242961e-006,0.000000e+000,3,8.638268e-001,0.000000e+000,,,,,,,,,,,,,,32,1,4.000000e+000,1.560211e-003,0.000000e+000,0,,0,
1524607486.341,,0.000000e+000,3.499950e+001,5.210939e-006,0.000000e+000,3,8.635135e-001,0.000000e+000,,,,,,,,,,,,,,32,1,4.000000e+000,1.560211e-003,0.000000e+000,0,,0,
1524607499.033,,0.000000e+000,3.499950e+001,5.187886e-006,0.000000e+000,3,8.588034e-001,0.000000e+000,,,,,,,,,,,,,,32,1,4.000000e+000,0.000000e+000,0.000000e+000,0,,0,
1524607511.781,,0.000000e+000,3.499754e+001,5.187501e-006,0.000000e+000,3,8.622869e-001,0.000000e+000,,,,,,,,,,,,,,32,1,4.000000e+000,7.896423e-004,0.000000e+000,0,,0,
1524607524.424,,0.000000e+000,3.499833e+001,5.221017e-006,0.000000e+000,3,8.693229e-001,0.000000e+000,,,,,,,,,,,,,,32,1,4.000000e+000,2.349854e-003,0.000000e+000,0,,0,
1524607537.121,,0.000000e+000,3.499833e+001,5.252928e-006,0.000000e+000,3,8.667086e-001,0.000000e+000,,,,,,,,,,,,,,32,1,4.000000e+000,2.349854e-003,0.000000e+000,0,,0,
1524607549.577,,0.000000e+000,3.499911e+001,5.244122e-006,0.000000e+000,3,8.585824e-001,0.000000e+000,,,,,,,,,,,,,,32,1,4.000000e+000,7.820129e-004,0.000000e+000,0,,0,
1524607563.042,,0.000000e+000,3.500028e+001,5.205529e-006,0.000000e+000,3,8.542094e-001,0.000000e+000,,,,,,,,,,,,,,32,1,4.000000e+000,1.560211e-003,0.000000e+000,0,,0,
1524607575.752,,0.000000e+000,3.499871e+001,5.206257e-006,0.000000e+000,3,8.615165e-001,0.000000e+000,,,,,,,,,,,,,,32,1,4.000000e+000,3.128052e-003,0.000000e+000,0,,0,
1524607587.862,,0.000000e+000,3.499911e+001,5.234614e-006,0.000000e+000,3,8.663055e-001,0.000000e+000,,,,,,,,,,,,,,32,1,4.000000e+000,2.338409e-003,0.000000e+000,0,,0,
1524607601.152,,0.000000e+000,3.499794e+001,5.239364e-006,0.000000e+000,3,8.662936e-001,0.000000e+000,,,,,,,,,,,,,,32,1,4.000000e+000,0.000000e+000,0.000000e+000,0,,0,
1524607613.320,,0.000000e+000,3.500028e+001,5.255253e-006,0.000000e+000,3,8.655398e-001,0.000000e+000,,,,,,,,,,,,,,32,1,4.000000e+000,0.000000e+000,0.000000e+000,0,,0,
1524607625.620,,0.000000e+000,3.499833e+001,5.241340e-006,0.000000e+000,3,8.626254e-001,0.000000e+000,,,,,,,,,,,,,,32,1,4.000000e+000,2.349854e-003,0.000000e+000,0,,0,
1524607638.135,,0.000000e+000,3.499833e+001,5.228969e-006,0.000000e+000,3,8.634604e-001,0.000000e+000,,,,,,,,,,,,,,32,1,4.000000e+000,7.781982e-004,0.000000e+000,0,,0,
1524607650.831,,0.000000e+000,3.499872e+001,5.264846e-006,0.000000e+000,3,8.626794e-001,0.000000e+000,,,,,,,,,,,,,,32,1,4.000000e+000,0.000000e+000,0.000000e+000,0,,0,
1524607663.576,,0.000000e+000,3.499911e+001,5.296260e-006,0.000000e+000,3,8.633448e-001,0.000000e+000,,,,,,,,,,,,,,32,1,4.000000e+000,2.338409e-003,0.000000e+000,0,,0,
1524607676.236,,0.000000e+000,3.499911e+001,5.293634e-006,0.000000e+000,3,8.664209e-001,0.000000e+000,,,,,,,,,,,,,,32,1,4.000000e+000,7.820129e-004,0.000000e+000,0,,0,
1524607688.924,,0.000000e+000,3.499833e+001,5.259693e-006,0.000000e+000,3,8.684013e-001,0.000000e+000,,,,,,,,,,,,,,32,1,4.000000e+000,7.781982e-004,0.000000e+000,0,,0,
1524607701.656,,0.000000e+000,3.499833e+001,5.249847e-006,0.000000e+000,3,8.646066e-001,0.000000e+000,,,,,,,,,,,,,,32,1,4.000000e+000,2.349854e-003,0.000000e+000,0,,0,
1524607714.367,,0.000000e+000,3.499833e+001,5.310172e-006,0.000000e+000,3,8.656646e-001,0.000000e+000,,,,,,,,,,,,,,32,1,4.000000e+000,2.349854e-003,0.000000e+000,0,,0,
1524607727.029,,0.000000e+000,3.499911e+001,5.308700e-006,0.000000e+000,3,8.656493e-001,0.000000e+000,,,,,,,,,,,,,,32,1,4.000000e+000,2.338409e-003,0.000000e+000,0,,0,
1524607739.759,,0.000000e+000,3.499833e+001,5.292865e-006,0.000000e+000,3,8.651455e-001,0.000000e+000,,,,,,,,,,,,,,32,1,4.000000e+000,2.349854e-003,0.000000e+000,0,,0,
1524607752.427,,0.000000e+000,3.499989e+001,5.301785e-006,0.000000e+000,3,8.688573e-001,0.000000e+000,,,,,,,,,,,,,,32,1,4.000000e+000,7.781982e-004,0.000000e+000,0,,0,
1524607765.697,,0.000000e+000,3.499754e+001,5.265407e-006,0.000000e+000,3,8.606034e-001,0.000000e+000,,,,,,,,,,,,,,32,1,4.000000e+000,2.349854e-003,0.000000e+000,0,,0,
1524607778.002,,0.000000e+000,3.499911e+001,5.317744e-006,0.000000e+000,3,8.705984e-001,0.000000e+000,,,,,,,,,,,,,,32,1,4.000000e+000,7.820129e-004,0.000000e+000,0,,0,
1524607790.583,,0.000000e+000,3.499872e+001,5.317474e-006,0.000000e+000,3,8.687873e-001,0.000000e+000,,,,,,,,,,,,,,32,1,4.000000e+000,1.560211e-003,0.000000e+000,0,,0,
1524607802.965,,0.000000e+000,3.499832e+001,5.328952e-006,0.000000e+000,3,8.627750e-001,0.000000e+000,,,,,,,,,,,,,,32,1,4.000000e+000,3.910065e-003,0.000000e+000,0,,0,
1524607815.283,,0.000000e+000,3.499872e+001,5.347702e-006,0.000000e+000,3,8.645768e-001,0.000000e+000,,,,,,,,,,,,,,32,1,4.000000e+000,0.000000e+000,0.000000e+000,0,,0,
1524607827.978,,0.000000e+000,3.499793e+001,5.338120e-006,0.000000e+000,3,8.679954e-001,0.000000e+000,,,,,,,,,,,,,,32,1,4.000000e+000,1.567841e-003,0.000000e+000,0,,0,
1524607840.558,,0.000000e+000,3.499793e+001,5.385538e-006,0.000000e+000,3,8.661711e-001,0.000000e+000,,,,,,,,,,,,,,32,1,4.000000e+000,3.131866e-003,0.000000e+000,0,,0,
1524607853.036,,0.000000e+000,3.499833e+001,5.404099e-006,0.000000e+000,3,8.678178e-001,0.000000e+000,,,,,,,,,,,,,,32,1,4.000000e+000,2.349854e-003,0.000000e+000,0,,0,
1524607865.811,,0.000000e+000,3.499989e+001,5.392175e-006,0.000000e+000,3,8.735260e-001,0.000000e+000,,,,,,,,,,,,,,32,1,4.000000e+000,7.781982e-004,0.000000e+000,0,,0,
1524607878.624,,0.000000e+000,3.499793e+001,5.392038e-006,0.000000e+000,3,8.656190e-001,0.000000e+000,,,,,,,,,,,,,,32,1,4.000000e+000,4.688263e-003,0.000000e+000,0,,0,
1524607891.104,,0.000000e+000,3.499872e+001,5.348831e-006,0.000000e+000,3,8.727595e-001,0.000000e+000,,,,,,,,,,,,,,32,1,4.000000e+000,0.000000e+000,0.000000e+000,0,,0,
1524607903.797,,0.000000e+000,3.499911e+001,5.401871e-006,0.000000e+000,3,8.688179e-001,0.000000e+000,,,,,,,,,,,,,,32,1,4.000000e+000,2.338409e-003,0.000000e+000,0,,0,
1524607916.494,,0.000000e+000,3.499950e+001,5.366364e-006,0.000000e+000,3,8.651451e-001,0.000000e+000,,,,,,,,,,,,,,32,1,4.000000e+000,1.560211e-003,0.000000e+000,0,,0,
1524607929.202,,0.000000e+000,3.499950e+001,5.421557e-006,0.000000e+000,3,8.701788e-001,0.000000e+000,,,,,,,,,,,,,,32,1,4.000000e+000,1.560211e-003,0.000000e+000,0,,0,
1524607941.882,,0.000000e+000,3.499950e+001,5.403228e-006,0.000000e+000,3,8.675361e-001,0.000000e+000,,,,,,,,,,,,,,32,1,4.000000e+000,1.560211e-003,0.000000e+000,0,,0,
1524607954.578,,0.000000e+000,3.499950e+001,5.379867e-006,0.000000e+000,3,8.666542e-001,0.000000e+000,,,,,,,,,,,,,,32,1,4.000000e+000,1.560211e-003,0.000000e+000,0,,0,
1524607967.270,,0.000000e+000,3.499989e+001,5.421355e-006,0.000000e+000,3,8.676355e-001,0.000000e+000,,,,,,,,,,,,,,32,1,4.000000e+000,7.781982e-004,0.000000e+000,0,,0,
1524607979.893,,0.000000e+000,3.499950e+001,5.408479e-006,0.000000e+000,3,8.744539e-001,0.000000e+000,,,,,,,,,,,,,,32,1,4.000000e+000,0.000000e+000,0.000000e+000,0,,0,
1524607992.698,,0.000000e+000,3.499833e+001,5.437506e-006,0.000000e+000,3,8.662373e-001,0.000000e+000,,,,,,,,,,,,,,32,1,4.000000e+000,2.349854e-003,0.000000e+000,0,,0,
1524608005.403,,0.000000e+000,3.499950e+001,5.441539e-006,0.000000e+000,3,8.701684e-001,0.000000e+000,,,,,,,,,,,,,,32,1,4.000000e+000,1.560211e-003,0.000000e+000,0,,0,
1524608018.063,,0.000000e+000,3.499754e+001,5.424192e-006,0.000000e+000,3,8.751057e-001,0.000000e+000,,,,,,,,,,,,,,32,1,4.000000e+000,3.910065e-003,0.000000e+000,0,,0,
1524608030.791,,0.000000e+000,3.499872e+001,5.461889e-006,0.000000e+000,3,8.744363e-001,0.000000e+000,,,,,,,,,,,,,,32,1,4.000000e+000,1.560211e-003,0.000000e+000,0,,0,
1524608043.471,,0.000000e+000,3.499911e+001,5.433545e-006,0.000000e+000,3,8.690259e-001,0.000000e+000,,,,,,,,,,,,,,32,1,4.000000e+000,7.820129e-004,0.000000e+000,0,,0,
1524608056.209,,0.000000e+000,3.499872e+001,5.471055e-006,0.000000e+000,3,8.692693e-001,0.000000e+000,,,,,,,,,,,,,,32,1,4.000000e+000,0.000000e+000,0.000000e+000,0,,0,
1524608069.354,,0.000000e+000,3.499872e+001,5.451225e-006,0.000000e+000,3,8.693641e-001,0.000000e+000,,,,,,,,,,,,,,32,1,4.000000e+000,0.000000e+000,0.000000e+000,0,,0,
1524608082.634,,0.000000e+000,3.499872e+001,5.392636e-006,0.000000e+000,3,8.688446e-001,0.000000e+000,,,,,,,,,,,,,,32,1,4.000000e+000,0.000000e+000,0.000000e+000,0,,0,
1524608094.415,,0.000000e+000,3.499989e+001,5.412121e-006,0.000000e+000,3,8.700945e-001,0.000000e+000,,,,,,,,,,,,,,32,1,4.000000e+000,7.781982e-004,0.000000e+000,0,,0,
1524608107.125,,0.000000e+000,3.499833e+001,5.412787e-006,0.000000e+000,3,8.685552e-001,0.000000e+000,,,,,,,,,,,,,,32,1,4.000000e+000,2.349854e-003,0.000000e+000,0,,0,
1524608120.120,,0.000000e+000,3.499950e+001,5.462161e-006,0.000000e+000,3,8.680799e-001,0.000000e+000,,,,,,,,,,,,,,32,1,4.000000e+000,0.000000e+000,0.000000e+000,0,,0,
1524608132.515,,0.000000e+000,3.499989e+001,5.434446e-006,0.000000e+000,3,8.717080e-001,0.000000e+000,,,,,,,,,,,,,,32,1,4.000000e+000,2.342224e-003,0.000000e+000,0,,0,
1524608145.000,,0.000000e+000,3.499793e+001,5.376527e-006,0.000000e+000,3,8.636883e-001,0.000000e+000,,,,,,,,,,,,,,32,1,4.000000e+000,1.567841e-003,0.000000e+000,0,,0,
1524608157.480,,0.000000e+000,3.499871e+001,5.468814e-006,0.000000e+000,3,8.628244e-001,0.000000e+000,,,,,,,,,,,,,,32,1,4.000000e+000,3.128052e-003,0.000000e+000,0,,0,
1524608169.776,,0.000000e+000,3.499989e+001,5.443428e-006,0.000000e+000,3,8.683898e-001,0.000000e+000,,,,,,,,,,,,,,32,1,4.000000e+000,3.898621e-003,0.000000e+000,0,,0,
1524608182.253,,0.000000e+000,3.499911e+001,5.470094e-006,0.000000e+000,3,8.696866e-001,0.000000e+000,,,,,,,,,,,,,,32,1,4.000000e+000,2.338409e-003,0.000000e+000,0,,0,
1524608195.436,,0.000000e+000,3.499989e+001,5.492592e-006,0.000000e+000,3,8.714949e-001,0.000000e+000,,,,,,,,,,,,,,32,1,4.000000e+000,7.781982e-004,0.000000e+000,0,,0,
1524608207.976,,0.000000e+000,3.499989e+001,5.398736e-006,0.000000e+000,3,8.719407e-001,0.000000e+000,,,,,,,,,,,,,,32,1,4.000000e+000,7.781982e-004,0.000000e+000,0,,0,
1524608220.689,,0.000000e+000,3.499989e+001,5.496863e-006,0.000000e+000,3,8.676909e-001,0.000000e+000,,,,,,,,,,,,,,32,1,4.000000e+000,7.781982e-004,0.000000e+000,0,,0,
1524608233.414,,0.000000e+000,3.499872e+001,5.516380e-006,0.000000e+000,3,8.740540e-001,0.000000e+000,,,,,,,,,,,,,,32,1,4.000000e+000,0.000000e+000,0.000000e+000,0,,0,
1524608246.094,,0.000000e+000,3.499989e+001,5.484816e-006,0.000000e+000,3,8.656250e-001,0.000000e+000,,,,,,,,,,,,,,32,1,4.000000e+000,2.342224e-003,0.000000e+000,0,,0,
1524608258.932,,0.000000e+000,3.499833e+001,5.524767e-006,0.000000e+000,3,8.693077e-001,0.000000e+000,,,,,,,,,,,,,,32,1,4.000000e+000,7.781982e-004,0.000000e+000,0,,0,
1524608271.517,,0.000000e+000,3.499872e+001,5.437248e-006,0.000000e+000,3,8.775827e-001,0.000000e+000,,,,,,,,,,,,,,32,1,4.000000e+000,0.000000e+000,0.000000e+000,0,,0,
1524608284.085,,0.000000e+000,3.499950e+001,5.490178e-006,0.000000e+000,3,8.749038e-001,0.000000e+000,,,,,,,,,,,,,,32,1,4.000000e+000,1.560211e-003,0.000000e+000,0,,0,
1524608296.648,,0.000000e+000,3.500067e+001,5.478252e-006,0.000000e+000,3,8.726574e-001,0.000000e+000,,,,,,,,,,,,,,32,1,4.000000e+000,7.820129e-004,0.000000e+000,0,,0,
1524608309.590,,0.000000e+000,3.499833e+001,5.482539e-006,0.000000e+000,3,8.721203e-001,0.000000e+000,,,,,,,,,,,,,,32,1,4.000000e+000,7.781982e-004,0.000000e+000,0,,0,
1524608322.298,,0.000000e+000,3.499793e+001,5.488667e-006,0.000000e+000,3,8.687861e-001,0.000000e+000,,,,,,,,,,,,,,32,1,4.000000e+000,1.567841e-003,0.000000e+000,0,,0,
1524608334.708,,0.000000e+000,3.499833e+001,5.428195e-006,0.000000e+000,3,8.643539e-001,0.000000e+000,,,,,,,,,,,,,,32,1,4.000000e+000,7.781982e-004,0.000000e+000,0,,0,
1524608347.011,,0.000000e+000,3.500028e+001,5.486164e-006,0.000000e+000,3,8.643854e-001,0.000000e+000,,,,,,,,,,,,,,32,1,4.000000e+000,0.000000e+000,0.000000e+000,0,,0,
1524608359.726,,0.000000e+000,3.499637e+001,5.504807e-006,0.000000e+000,3,8.736424e-001,0.000000e+000,,,,,,,,,,,,,,32,1,4.000000e+000,6.259918e-003,0.000000e+000,0,,0,
1524608372.391,,0.000000e+000,3.500028e+001,5.533498e-006,0.000000e+000,3,8.728830e-001,0.000000e+000,,,,,,,,,,,,,,32,1,4.000000e+000,1.560211e-003,0.000000e+000,0,,0,
1524608385.131,,0.000000e+000,3.500145e+001,5.529299e-006,0.000000e+000,3,8.726000e-001,0.000000e+000,,,,,,,,,,,,,,32,1,4.000000e+000,2.349854e-003,0.000000e+000,0,,0,
1524608397.817,,0.000000e+000,3.499950e+001,5.500975e-006,0.000000e+000,3,8.693221e-001,0.000000e+000,,,,,,,,,,,,,,32,1,4.000000e+000,1.560211e-003,0.000000e+000,0,,0,
1524608410.489,,0.000000e+000,3.499872e+001,5.531824e-006,0.000000e+000,3,8.751141e-001,0.000000e+000,,,,,,,,,,,,,,32,1,4.000000e+000,0.000000e+000,0.000000e+000,0,,0,
1524608423.222,,0.000000e+000,3.499911e+001,5.540885e-006,0.000000e+000,3,8.775837e-001,0.000000e+000,,,,,,,,,,,,,,32,1,4.000000e+000,7.820129e-004,0.000000e+000,0,,0,
1524608435.790,,0.000000e+000,3.500106e+001,5.528012e-006,0.000000e+000,3,8.692908e-001,0.000000e+000,,,,,,,,,,,,,,32,1,4.000000e+000,3.128052e-003,0.000000e+000,0,,0,
1524608448.060,,0.000000e+000,3.499793e+001,5.540963e-006,0.000000e+000,3,8.716255e-001,0.000000e+000,,,,,,,,,,,,,,32,1,4.000000e+000,1.567841e-003,0.000000e+000,0,,0,
1524608460.523,,0.000000e+000,3.499833e+001,5.566012e-006,0.000000e+000,3,8.726095e-001,0.000000e+000,,,,,,,,,,,,,,32,1,4.000000e+000,7.781982e-004,0.000000e+000,0,,0,
1524608473.725,,0.000000e+000,3.499989e+001,5.560778e-006,0.000000e+000,3,8.755535e-001,0.000000e+000,,,,,,,,,,,,,,32,1,4.000000e+000,7.781982e-004,0.000000e+000,0,,0,
1524608486.255,,0.000000e+000,3.499950e+001,5.565683e-006,0.000000e+000,3,8.691643e-001,0.000000e+000,,,,,,,,,,,,,,32,1,4.000000e+000,1.560211e-003,0.000000e+000,0,,0,
1524608498.953,,0.000000e+000,3.499754e+001,5.561354e-006,0.000000e+000,3,8.736341e-001,0.000000e+000,,,,,,,,,,,,,,32,1,4.000000e+000,2.349854e-003,0.000000e+000,0,,0,
1524608511.631,,0.000000e+000,3.499950e+001,5.583316e-006,0.000000e+000,3,8.730047e-001,0.000000e+000,,,,,,,,,,,,,,32,1,4.000000e+000,1.560211e-003,0.000000e+000,0,,0,
1524608524.356,,0.000000e+000,3.499911e+001,5.609469e-006,0.000000e+000,3,8.748589e-001,0.000000e+000,,,,,,,,,,,,,,32,1,4.000000e+000,7.820129e-004,0.000000e+000,0,,0,
1524608537.084,,0.000000e+000,3.499872e+001,5.580182e-006,0.000000e+000,3,8.745975e-001,0.000000e+000,,,,,,,,,,,,,,32,1,4.000000e+000,0.000000e+000,0.000000e+000,0,,0,
1524608549.636,,0.000000e+000,3.499911e+001,5.563539e-006,0.000000e+000,3,8.686067e-001,0.000000e+000,,,,,,,,,,,,,,32,1,4.000000e+000,7.820129e-004,0.000000e+000,0,,0,
1524608562.336,,0.000000e+000,3.499911e+001,5.581979e-006,0.000000e+000,3,8.680160e-001,0.000000e+000,,,,,,,,,,,,,,32,1,4.000000e+000,2.338409e-003,0.000000e+000,0,,0,
1524608574.802,,0.000000e+000,3.499911e+001,5.563221e-006,0.000000e+000,3,8.702555e-001,0.000000e+000,,,,,,,,,,,,,,32,1,4.000000e+000,2.338409e-003,0.000000e+000,0,,0,
1524608587.527,,0.000000e+000,3.499794e+001,5.651899e-006,0.000000e+000,3,8.814876e-001,0.000000e+000,,,,,,,,,,,,,,32,1,4.000000e+000,0.000000e+000,0.000000e+000,0,,0,
1524608600.482,,0.000000e+000,3.499833e+001,5.620971e-006,0.000000e+000,3,8.833709e-001,0.000000e+000,,,,,,,,,,,,,,32,1,4.000000e+000,7.781982e-004,0.000000e+000,0,,0,
1524608612.517,,0.000000e+000,3.499872e+001,5.602719e-006,0.000000e+000,3,8.717802e-001,0.000000e+000,,,,,,,,,,,,,,32,1,4.000000e+000,0.000000e+000,0.000000e+000,0,,0,
1524608624.925,,0.000000e+000,3.499950e+001,5.550204e-006,0.000000e+000,3,8.681885e-001,0.000000e+000,,,,,,,,,,,,,,32,1,4.000000e+000,1.560211e-003,0.000000e+000,0,,0,
1524608637.208,,0.000000e+000,3.499950e+001,5.560029e-006,0.000000e+000,3,8.741756e-001,0.000000e+000,,,,,,,,,,,,,,32,1,4.000000e+000,1.560211e-003,0.000000e+000,0,,0,
1524608649.793,,0.000000e+000,3.500067e+001,5.610280e-006,0.000000e+000,3,8.719646e-001,0.000000e+000,,,,,,,,,,,,,,32,1,4.000000e+000,7.820129e-004,0.000000e+000,0,,0,
1524608662.495,,0.000000e+000,3.500106e+001,5.657285e-006,0.000000e+000,3,8.707859e-001,0.000000e+000,,,,,,,,,,,,,,32,1,4.000000e+000,0.000000e+000,0.000000e+000,0,,0,
1524608675.086,,0.000000e+000,3.500028e+001,5.569071e-006,0.000000e+000,3,8.665071e-001,0.000000e+000,,,,,,,,,,,,,,32,1,4.000000e+000,0.000000e+000,0.000000e+000,0,,0,
1524608687.218,,0.000000e+000,3.499442e+001,5.538238e-006,0.000000e+000,3,8.672176e-001,0.000000e+000,,,,,,,,,,,,,,32,1,4.000000e+000,7.041931e-003,0.000000e+000,0,,0,
1524608699.688,,0.000000e+000,3.499833e+001,5.563876e-006,0.000000e+000,3,8.766125e-001,0.000000e+000,,,,,,,,,,,,,,32,1,4.000000e+000,7.781982e-004,0.000000e+000,0,,0,
1524608712.404,,0.000000e+000,3.500028e+001,5.595123e-006,0.000000e+000,3,8.635476e-001,0.000000e+000,,,,,,,,,,,,,,32,1,4.000000e+000,1.560211e-003,0.000000e+000,0,,0,
1524608724.634,,0.000000e+000,3.499833e+001,5.566671e-006,0.000000e+000,3,8.731019e-001,0.000000e+000,,,,,,,,,,,,,,32,1,4.000000e+000,2.349854e-003,0.000000e+000,0,,0,
1524608737.361,,0.000000e+000,3.499754e+001,5.566977e-006,0.000000e+000,3,8.781710e-001,0.000000e+000,,,,,,,,,,,,,,32,1,4.000000e+000,7.896423e-004,0.000000e+000,0,,0,
1524608750.477,,0.000000e+000,3.499833e+001,5.521536e-006,0.000000e+000,3,8.752031e-001,0.000000e+000,,,,,,,,,,,,,,32,1,4.000000e+000,7.781982e-004,0.000000e+000,0,,0,
1524608763.197,,0.000000e+000,3.499872e+001,5.635195e-006,0.000000e+000,3,8.674170e-001,0.000000e+000,,,,,,,,,,,,,,32,1,4.000000e+000,0.000000e+000,0.000000e+000,0,,0,
1524608775.420,,0.000000e+000,3.499911e+001,5.629284e-006,0.000000e+000,3,8.823712e-001,0.000000e+000,,,,,,,,,,,,,,32,1,4.000000e+000,7.820129e-004,0.000000e+000,0,,0,
1524608788.037,,0.000000e+000,3.499989e+001,5.544916e-006,0.000000e+000,3,8.727633e-001,0.000000e+000,,,,,,,,,,,,,,32,1,4.000000e+000,2.342224e-003,0.000000e+000,0,,0,
1524608800.757,,0.000000e+000,3.500067e+001,5.598619e-006,0.000000e+000,3,8.712977e-001,0.000000e+000,,,,,,,,,,,,,,32,1,4.000000e+000,3.910065e-003,0.000000e+000,0,,0,
1524608813.920,,0.000000e+000,3.499793e+001,5.593880e-006,0.000000e+000,3,8.753365e-001,0.000000e+000,,,,,,,,,,,,,,32,1,4.000000e+000,1.567841e-003,0.000000e+000,0,,0,
1524608825.768,,0.000000e+000,3.499872e+001,5.613043e-006,0.000000e+000,3,8.694625e-001,0.000000e+000,,,,,,,,,,,,,,32,1,4.000000e+000,0.000000e+000,0.000000e+000,0,,0,
1524608839.105,,0.000000e+000,3.499989e+001,5.591949e-006,0.000000e+000,3,8.807308e-001,0.000000e+000,,,,,,,,,,,,,,32,1,4.000000e+000,7.781982e-004,0.000000e+000,0,,0,
1524608851.558,,0.000000e+000,3.499911e+001,5.633784e-006,0.000000e+000,3,8.720456e-001,0.000000e+000,,,,,,,,,,,,,,32,1,4.000000e+000,7.820129e-004,0.000000e+000,0,,0,
1524608863.816,,0.000000e+000,3.499950e+001,5.631594e-006,0.000000e+000,3,8.685148e-001,0.000000e+000,,,,,,,,,,,,,,32,1,4.000000e+000,1.560211e-003,0.000000e+000,0,,0,
1524608876.501,,0.000000e+000,3.499989e+001,5.623259e-006,0.000000e+000,3,8.825093e-001,0.000000e+000,,,,,,,,,,,,,,32,1,4.000000e+000,7.781982e-004,0.000000e+000,0,,0,
1524608889.184,,0.000000e+000,3.499833e+001,5.602524e-006,0.000000e+000,3,8.724967e-001,0.000000e+000,,,,,,,,,,,,,,32,1,4.000000e+000,2.349854e-003,0.000000e+000,0,,0,
1524608901.869,,0.000000e+000,3.499871e+001,5.568341e-006,0.000000e+000,3,8.768879e-001,0.000000e+000,,,,,,,,,,,,,,32,1,4.000000e+000,3.128052e-003,0.000000e+000,0,,0,
1524608914.594,,0.000000e+000,3.499911e+001,5.598235e-006,0.000000e+000,3,8.705992e-001,0.000000e+000,,,,,,,,,,,,,,32,1,4.000000e+000,7.820129e-004,0.000000e+000,0,,0,
1524608927.199,,0.000000e+000,3.499950e+001,5.618033e-006,0.000000e+000,3,8.752739e-001,0.000000e+000,,,,,,,,,,,,,,32,1,4.000000e+000,1.560211e-003,0.000000e+000,0,,0,
1524608939.952,,0.000000e+000,3.499911e+001,5.630724e-006,0.000000e+000,3,8.744394e-001,0.000000e+000,,,,,,,,,,,,,,32,1,4.000000e+000,7.820129e-004,0.000000e+000,0,,0,
1524608953.077,,0.000000e+000,3.499833e+001,5.628684e-006,0.000000e+000,3,8.781018e-001,0.000000e+000,,,,,,,,,,,,,,32,1,4.000000e+000,7.781982e-004,0.000000e+000,0,,0,
1524608965.300,,0.000000e+000,3.499833e+001,5.648770e-006,0.000000e+000,3,8.673216e-001,0.000000e+000,,,,,,,,,,,,,,32,1,4.000000e+000,7.781982e-004,0.000000e+000,0,,0,
1524608978.015,,0.000000e+000,3.499989e+001,5.647692e-006,0.000000e+000,3,8.793201e-001,0.000000e+000,,,,,,,,,,,,,,32,1,4.000000e+000,2.342224e-003,0.000000e+000,0,,0,
1524608990.248,,0.000000e+000,3.499911e+001,5.643035e-006,0.000000e+000,3,8.718798e-001,0.000000e+000,,,,,,,,,,,,,,32,1,4.000000e+000,7.820129e-004,0.000000e+000,0,,0,
1524609003.398,,0.000000e+000,3.499950e+001,5.616979e-006,0.000000e+000,3,8.766632e-001,0.000000e+000,,,,,,,,,,,,,,32,1,4.000000e+000,0.000000e+000,0.000000e+000,0,,0,
1524609016.111,,0.000000e+000,3.499911e+001,5.649135e-006,0.000000e+000,3,8.786467e-001,0.000000e+000,,,,,,,,,,,,,,32,1,4.000000e+000,7.820129e-004,0.000000e+000,0,,0,
1524609028.798,,0.000000e+000,3.499911e+001,5.651137e-006,0.000000e+000,3,8.722823e-001,0.000000e+000,,,,,,,,,,,,,,32,1,4.000000e+000,7.820129e-004,0.000000e+000,0,,0,
1524609041.514,,0.000000e+000,3.499911e+001,5.664918e-006,0.000000e+000,3,8.818656e-001,0.000000e+000,,,,,,,,,,,,,,32,1,4.000000e+000,7.820129e-004,0.000000e+000,0,,0,
1524609053.829,,0.000000e+000,3.499950e+001,5.612002e-006,0.000000e+000,3,8.738761e-001,0.000000e+000,,,,,,,,,,,,,,32,1,4.000000e+000,1.560211e-003,0.000000e+000,0,,0,
1524609066.439,,0.000000e+000,3.499911e+001,5.677012e-006,0.000000e+000,3,8.767182e-001,0.000000e+000,,,,,,,,,,,,,,32,1,4.000000e+000,7.820129e-004,0.000000e+000,0,,0,
1524609079.144,,0.000000e+000,3.499950e+001,5.676343e-006,0.000000e+000,3,8.753011e-001,0.000000e+000,,,,,,,,,,,,,,32,1,4.000000e+000,0.000000e+000,0.000000e+000,0,,0,
1524609092.287,,0.000000e+000,3.499793e+001,5.695067e-006,0.000000e+000,3,8.751522e-001,0.000000e+000,,,,,,,,,,,,,,32,1,4.000000e+000,1.567841e-003,0.000000e+000,0,,0,
1524609105.009,,0.000000e+000,3.499833e+001,5.678023e-006,0.000000e+000,3,8.781293e-001,0.000000e+000,,,,,,,,,,,,,,32,1,4.000000e+000,2.349854e-003,0.000000e+000,0,,0,
1524609117.222,,0.000000e+000,3.499911e+001,5.660019e-006,0.000000e+000,3,8.752892e-001,0.000000e+000,,,,,,,,,,,,,,32,1,4.000000e+000,7.820129e-004,0.000000e+000,0,,0,
1524609129.857,,0.000000e+000,3.499872e+001,5.597899e-006,0.000000e+000,3,8.790383e-001,0.000000e+000,,,,,,,,,,,,,,32,1,4.000000e+000,0.000000e+000,0.000000e+000,0,,0,
1524609142.563,,0.000000e+000,3.499911e+001,5.689288e-006,0.000000e+000,3,8.702987e-001,0.000000e+000,,,,,,,,,,,,,,32,1,4.000000e+000,3.910065e-003,0.000000e+000,0,,0,
1524609155.735,,0.000000e+000,3.499911e+001,5.712671e-006,0.000000e+000,3,8.722505e-001,0.000000e+000,,,,,,,,,,,,,,32,1,4.000000e+000,3.910065e-003,0.000000e+000,0,,0,
1524609167.535,,0.000000e+000,3.499950e+001,5.688962e-006,0.000000e+000,3,8.679383e-001,0.000000e+000,,,,,,,,,,,,,,32,1,4.000000e+000,4.688263e-003,0.000000e+000,0,,0,
1524609180.216,,0.000000e+000,3.499794e+001,5.656802e-006,0.000000e+000,3,8.823646e-001,0.000000e+000,,,,,,,,,,,,,,32,1,4.000000e+000,0.000000e+000,0.000000e+000,0,,0,
1524609192.921,,0.000000e+000,3.499950e+001,5.698494e-006,0.000000e+000,3,8.769249e-001,0.000000e+000,,,,,,,,,,,,,,32,1,4.000000e+000,0.000000e+000,0.000000e+000,0,,0,
1524609205.608,,0.000000e+000,3.499989e+001,5.661798e-006,0.000000e+000,3,8.798260e-001,0.000000e+000,,,,,,,,,,,,,,32,1,4.000000e+000,7.781982e-004,0.000000e+000,0,,0,
1524609218.304,,0.000000e+000,3.499911e+001,5.684019e-006,0.000000e+000,3,8.748488e-001,0.000000e+000,,,,,,,,,,,,,,32,1,4.000000e+000,7.820129e-004,0.000000e+000,0,,0,
1524609231.464,,0.000000e+000,3.499989e+001,5.611514e-006,0.000000e+000,3,8.788693e-001,0.000000e+000,,,,,,,,,,,,,,32,1,4.000000e+000,2.342224e-003,0.000000e+000,0,,0,
1524609243.679,,0.000000e+000,3.499989e+001,5.694837e-006,0.000000e+000,3,8.750725e-001,0.000000e+000,,,,,,,,,,,,,,32,1,4.000000e+000,2.342224e-003,0.000000e+000,0,,0,
1524609256.402,,0.000000e+000,3.499950e+001,5.670555e-006,0.000000e+000,3,8.780692e-001,0.000000e+000,,,,,,,,,,,,,,32,1,4.000000e+000,1.560211e-003,0.000000e+000,0,,0,
1524609269.537,,0.000000e+000,3.500028e+001,5.699312e-006,0.000000e+000,3,8.823758e-001,0.000000e+000,,,,,,,,,,,,,,32,1,4.000000e+000,0.000000e+000,0.000000e+000,0,,0,
1524609282.239,,0.000000e+000,3.499950e+001,5.726656e-006,0.000000e+000,3,8.706325e-001,0.000000e+000,,,,,,,,,,,,,,32,1,4.000000e+000,1.560211e-003,0.000000e+000,0,,0,
1524609294.490,,0.000000e+000,3.499872e+001,5.585205e-006,0.000000e+000,3,8.783600e-001,0.000000e+000,,,,,,,,,,,,,,32,1,4.000000e+000,0.000000e+000,0.000000e+000,0,,0,
1524609307.197,,0.000000e+000,3.499989e+001,5.677253e-006,0.000000e+000,3,8.771464e-001,0.000000e+000,,,,,,,,,,,,,,32,1,4.000000e+000,7.781982e-004,0.000000e+000,0,,0,
1524609319.885,,0.000000e+000,3.499950e+001,5.685762e-006,0.000000e+000,3,8.771389e-001,0.000000e+000,,,,,,,,,,,,,,32,1,4.000000e+000,0.000000e+000,0.000000e+000,0,,0,
1524609333.245,,0.000000e+000,3.499950e+001,5.747997e-006,0.000000e+000,3,8.777058e-001,0.000000e+000,,,,,,,,,,,,,,32,1,4.000000e+000,0.000000e+000,0.000000e+000,0,,0,
1524609345.723,,0.000000e+000,3.499911e+001,5.653656e-006,0.000000e+000,3,8.762801e-001,0.000000e+000,,,,,,,,,,,,,,32,1,4.000000e+000,7.820129e-004,0.000000e+000,0,,0,
1524609358.446,,0.000000e+000,3.499872e+001,5.663002e-006,0.000000e+000,3,8.769080e-001,0.000000e+000,,,,,,,,,,,,,,32,1,4.000000e+000,0.000000e+000,0.000000e+000,0,,0,
1524609370.703,,0.000000e+000,3.499911e+001,5.660680e-006,0.000000e+000,3,8.631088e-001,0.000000e+000,,,,,,,,,,,,,,32,1,4.000000e+000,7.820129e-004,0.000000e+000,0,,0,
1524609383.391,,0.000000e+000,3.499989e+001,5.673959e-006,0.000000e+000,3,8.713394e-001,0.000000e+000,,,,,,,,,,,,,,32,1,4.000000e+000,7.781982e-004,0.000000e+000,0,,0,
1524609396.084,,0.000000e+000,3.499911e+001,5.721650e-006,0.000000e+000,3,8.731723e-001,0.000000e+000,,,,,,,,,,,,,,32,1,4.000000e+000,7.820129e-004,0.000000e+000,0,,0,
1524609408.794,,0.000000e+000,3.499950e+001,5.726092e-006,0.000000e+000,3,8.801516e-001,0.000000e+000,,,,,,,,,,,,,,32,1,4.000000e+000,0.000000e+000,0.000000e+000,0,,0,
1524609421.481,,0.000000e+000,3.499911e+001,5.686060e-006,0.000000e+000,3,8.743354e-001,0.000000e+000,,,,,,,,,,,,,,32,1,4.000000e+000,7.820129e-004,0.000000e+000,0,,0,
1524609434.189,,0.000000e+000,3.499950e+001,5.750728e-006,0.000000e+000,3,8.700243e-001,0.000000e+000,,,,,,,,,,,,,,32,1,4.000000e+000,0.000000e+000,0.000000e+000,0,,0,
1524609446.877,,0.000000e+000,3.499872e+001,5.716935e-006,0.000000e+000,3,8.797258e-001,0.000000e+000,,,,,,,,,,,,,,32,1,4.000000e+000,1.560211e-003,0.000000e+000,0,,0,
1524609459.482,,0.000000e+000,3.499833e+001,5.659333e-006,0.000000e+000,3,8.737111e-001,0.000000e+000,,,,,,,,,,,,,,32,1,4.000000e+000,7.781982e-004,0.000000e+000,0,,0,
1524609472.190,,0.000000e+000,3.499950e+001,5.728259e-006,0.000000e+000,3,8.775219e-001,0.000000e+000,,,,,,,,,,,,,,32,1,4.000000e+000,0.000000e+000,0.000000e+000,0,,0,
1524609484.940,,0.000000e+000,3.499911e+001,5.750046e-006,0.000000e+000,3,8.676118e-001,0.000000e+000,,,,,,,,,,,,,,32,1,4.000000e+000,7.820129e-004,0.000000e+000,0,,0,
1524609497.648,,0.000000e+000,3.499950e+001,5.720359e-006,0.000000e+000,3,8.773282e-001,0.000000e+000,,,,,,,,,,,,,,32,1,4.000000e+000,1.560211e-003,0.000000e+000,0,,0,
1524609510.340,,0.000000e+000,3.499872e+001,5.747086e-006,0.000000e+000,3,8.808311e-001,0.000000e+000,,,,,,,,,,,,,,32,1,4.000000e+000,0.000000e+000,0.000000e+000,0,,0,
1524609523.033,,0.000000e+000,3.499872e+001,5.730614e-006,0.000000e+000,3,8.825149e-001,0.000000e+000,,,,,,,,,,,,,,32,1,4.000000e+000,0.000000e+000,0.000000e+000,0,,0,
1524609535.736,,0.000000e+000,3.499911e+001,5.752043e-006,0.000000e+000,3,8.801320e-001,0.000000e+000,,,,,,,,,,,,,,32,1,4.000000e+000,7.820129e-004,0.000000e+000,0,,0,
1524609548.441,,0.000000e+000,3.499911e+001,5.743232e-006,0.000000e+000,3,8.707485e-001,0.000000e+000,,,,,,,,,,,,,,32,1,4.000000e+000,7.820129e-004,0.000000e+000,0,,0,
1524609561.134,,0.000000e+000,3.499989e+001,5.724776e-006,0.000000e+000,3,8.754832e-001,0.000000e+000,,,,,,,,,,,,,,32,1,4.000000e+000,2.342224e-003,0.000000e+000,0,,0,
1524609573.831,,0.000000e+000,3.499950e+001,5.757042e-006,0.000000e+000,3,8.684051e-001,0.000000e+000,,,,,,,,,,,,,,32,1,4.000000e+000,1.560211e-003,0.000000e+000,0,,0,
1524609586.449,,0.000000e+000,3.499950e+001,5.745144e-006,0.000000e+000,3,8.720172e-001,0.000000e+000,,,,,,,,,,,,,,32,1,4.000000e+000,0.000000e+000,0.000000e+000,0,,0,
1524609599.179,,0.000000e+000,3.499989e+001,5.768958e-006,0.000000e+000,3,8.788030e-001,0.000000e+000,,,,,,,,,,,,,,32,1,4.000000e+000,2.342224e-003,0.000000e+000,0,,0,
1524609612.394,,0.000000e+000,3.500028e+001,5.786295e-006,0.000000e+000,3,8.750251e-001,0.000000e+000,,,,,,,,,,,,,,32,1,4.000000e+000,1.560211e-003,0.000000e+000,0,,0,
1524609625.210,,0.000000e+000,3.499989e+001,5.793949e-006,0.000000e+000,3,8.763573e-001,0.000000e+000,,,,,,,,,,,,,,32,1,4.000000e+000,2.342224e-003,0.000000e+000,0,,0,
1524609637.910,,0.000000e+000,3.499989e+001,5.790304e-006,0.000000e+000,3,8.730302e-001,0.000000e+000,,,,,,,,,,,,,,32,1,4.000000e+000,7.781982e-004,0.000000e+000,0,,0,
1524609651.390,,0.000000e+000,3.499872e+001,5.772150e-006,0.000000e+000,3,8.760052e-001,0.000000e+000,,,,,,,,,,,,,,32,1,4.000000e+000,1.560211e-003,0.000000e+000,0,,0,
1524609663.513,,0.000000e+000,3.499872e+001,5.825382e-006,0.000000e+000,3,8.793414e-001,0.000000e+000,,,,,,,,,,,,,,32,1,4.000000e+000,0.000000e+000,0.000000e+000,0,,0,
1524609675.970,,0.000000e+000,3.499793e+001,5.784359e-006,0.000000e+000,3,8.700379e-001,0.000000e+000,,,,,,,,,,,,,,32,1,4.000000e+000,1.567841e-003,0.000000e+000,0,,0,
1524609688.451,,0.000000e+000,3.499871e+001,5.800267e-006,0.000000e+000,3,8.822179e-001,0.000000e+000,,,,,,,,,,,,,,32,1,4.000000e+000,3.128052e-003,0.000000e+000,0,,0,
1524609701.053,,0.000000e+000,3.499793e+001,5.707419e-006,0.000000e+000,3,8.802516e-001,0.000000e+000,,,,,,,,,,,,,,32,1,4.000000e+000,1.567841e-003,0.000000e+000,0,,0,
1524609713.791,,0.000000e+000,3.499872e+001,5.761676e-006,0.000000e+000,3,8.791783e-001,0.000000e+000,,,,,,,,,,,,,,32,1,4.000000e+000,0.000000e+000,0.000000e+000,0,,0,
1524609726.524,,0.000000e+000,3.499950e+001,5.811887e-006,0.000000e+000,3,8.911235e-001,0.000000e+000,,,,,,,,,,,,,,32,1,4.000000e+000,1.560211e-003,0.000000e+000,0,,0,
1524609739.726,,0.000000e+000,3.500067e+001,5.809417e-006,0.000000e+000,3,8.730976e-001,0.000000e+000,,,,,,,,,,,,,,32,1,4.000000e+000,2.338409e-003,0.000000e+000,0,,0,
1524609752.401,,0.000000e+000,3.499950e+001,5.758291e-006,0.000000e+000,3,8.770835e-001,0.000000e+000,,,,,,,,,,,,,,32,1,4.000000e+000,3.120422e-003,0.000000e+000,0,,0,
1524609765.829,,0.000000e+000,3.499833e+001,5.780590e-006,0.000000e+000,3,8.805203e-001,0.000000e+000,,,,,,,,,,,,,,32,1,4.000000e+000,7.781982e-004,0.000000e+000,0,,0,
1524609778.622,,0.000000e+000,3.499950e+001,5.826037e-006,0.000000e+000,3,8.692857e-001,0.000000e+000,,,,,,,,,,,,,,32,1,4.000000e+000,1.560211e-003,0.000000e+000,0,,0,
1524609791.247,,0.000000e+000,3.499989e+001,5.786484e-006,0.000000e+000,3,8.751377e-001,0.000000e+000,,,,,,,,,,,,,,32,1,4.000000e+000,7.781982e-004,0.000000e+000,0,,0,
1524609804.407,,0.000000e+000,3.499989e+001,5.840303e-006,0.000000e+000,3,8.737622e-001,0.000000e+000,,,,,,,,,,,,,,32,1,4.000000e+000,7.781982e-004,0.000000e+000,0,,0,
1524609816.860,,0.000000e+000,3.499911e+001,5.798726e-006,0.000000e+000,3,8.777246e-001,0.000000e+000,,,,,,,,,,,,,,32,1,4.000000e+000,7.820129e-004,0.000000e+000,0,,0,
1524609829.325,,0.000000e+000,3.500106e+001,5.827082e-006,0.000000e+000,3,8.830817e-001,0.000000e+000,,,,,,,,,,,,,,32,1,4.000000e+000,6.248474e-003,0.000000e+000,0,,0,
1524609842.043,,0.000000e+000,3.499833e+001,5.801890e-006,0.000000e+000,3,8.742559e-001,0.000000e+000,,,,,,,,,,,,,,32,1,4.000000e+000,7.781982e-004,0.000000e+000,0,,0,
1524609854.300,,0.000000e+000,3.499911e+001,5.793343e-006,0.000000e+000,3,8.794154e-001,0.000000e+000,,,,,,,,,,,,,,32,1,4.000000e+000,7.820129e-004,0.000000e+000,0,,0,
1524609866.993,,0.000000e+000,3.499911e+001,5.883897e-006,0.000000e+000,3,8.808065e-001,0.000000e+000,,,,,,,,,,,,,,32,1,4.000000e+000,7.820129e-004,0.000000e+000,0,,0,
1524609879.668,,0.000000e+000,3.499872e+001,5.793697e-006,0.000000e+000,3,8.793691e-001,0.000000e+000,,,,,,,,,,,,,,32,1,4.000000e+000,0.000000e+000,0.000000e+000,0,,0,
1524609892.371,,0.000000e+000,3.499911e+001,5.777169e-006,0.000000e+000,3,8.793630e-001,0.000000e+000,,,,,,,,,,,,,,32,1,4.000000e+000,7.820129e-004,0.000000e+000,0,,0,
1524609905.101,,0.000000e+000,3.499911e+001,5.792617e-006,0.000000e+000,3,8.802898e-001,0.000000e+000,,,,,,,,,,,,,,32,1,4.000000e+000,7.820129e-004,0.000000e+000,0,,0,
1524609917.666,,0.000000e+000,3.499989e+001,5.775639e-006,0.000000e+000,3,8.865035e-001,0.000000e+000,,,,,,,,,,,,,,32,1,4.000000e+000,7.781982e-004,0.000000e+000,0,,0,
1524609930.381,,0.000000e+000,3.499872e+001,5.864589e-006,0.000000e+000,3,8.842096e-001,0.000000e+000,,,,,,,,,,,,,,32,1,4.000000e+000,0.000000e+000,0.000000e+000,0,,0,
1524609943.172,,0.000000e+000,3.499872e+001,5.804263e-006,0.000000e+000,3,8.813697e-001,0.000000e+000,,,,,,,,,,,,,,32,1,4.000000e+000,0.000000e+000,0.000000e+000,0,,0,
1524609955.862,,0.000000e+000,3.499833e+001,5.787860e-006,0.000000e+000,3,8.789063e-001,0.000000e+000,,,,,,,,,,,,,,32,1,4.000000e+000,7.781982e-004,0.000000e+000,0,,0,
1524609968.547,,0.000000e+000,3.499872e+001,5.813624e-006,0.000000e+000,3,8.780092e-001,0.000000e+000,,,,,,,,,,,,,,32,1,4.000000e+000,1.560211e-003,0.000000e+000,0,,0,
1524609980.777,,0.000000e+000,3.499911e+001,5.773953e-006,0.000000e+000,3,8.835332e-001,0.000000e+000,,,,,,,,,,,,,,32,1,4.000000e+000,7.820129e-004,0.000000e+000,0,,0,
1524609993.457,,0.000000e+000,3.499872e+001,5.821938e-006,0.000000e+000,3,8.801746e-001,0.000000e+000,,,,,,,,,,,,,,32,1,4.000000e+000,0.000000e+000,0.000000e+000,0,,0,
1524610005.898,,0.000000e+000,3.499911e+001,5.780862e-006,0.000000e+000,3,8.797154e-001,0.000000e+000,,,,,,,,,,,,,,32,1,4.000000e+000,7.820129e-004,0.000000e+000,0,,0,
1524610018.533,,0.000000e+000,3.500028e+001,5.821930e-006,0.000000e+000,3,8.799734e-001,0.000000e+000,,,,,,,,,,,,,,32,1,4.000000e+000,1.560211e-003,0.000000e+000,0,,0,
1524610031.401,,0.000000e+000,3.499833e+001,5.788118e-006,0.000000e+000,3,8.812220e-001,0.000000e+000,,,,,,,,,,,,,,32,1,4.000000e+000,2.349854e-003,0.000000e+000,0,,0,
1524610044.236,,0.000000e+000,3.499950e+001,5.823945e-006,0.000000e+000,3,8.782665e-001,0.000000e+000,,,,,,,,,,,,,,32,1,4.000000e+000,0.000000e+000,0.000000e+000,0,,0,
1524610056.868,,0.000000e+000,3.499872e+001,5.838981e-006,0.000000e+000,3,8.862231e-001,0.000000e+000,,,,,,,,,,,,,,32,1,4.000000e+000,1.560211e-003,0.000000e+000,0,,0,
1524610069.546,,0.000000e+000,3.499950e+001,5.830776e-006,0.000000e+000,3,8.815650e-001,0.000000e+000,,,,,,,,,,,,,,32,1,4.000000e+000,1.560211e-003,0.000000e+000,0,,0,
1524610082.231,,0.000000e+000,3.499989e+001,5.821474e-006,0.000000e+000,3,8.818381e-001,0.000000e+000,,,,,,,,,,,,,,32,1,4.000000e+000,7.781982e-004,0.000000e+000,0,,0,
1524610095.281,,0.000000e+000,3.499950e+001,5.807087e-006,0.000000e+000,3,8.750732e-001,0.000000e+000,,,,,,,,,,,,,,32,1,4.000000e+000,0.000000e+000,0.000000e+000,0,,0,
1524610107.889,,0.000000e+000,3.499911e+001,5.825265e-006,0.000000e+000,3,8.773314e-001,0.000000e+000,,,,,,,,,,,,,,32,1,4.000000e+000,7.820129e-004,0.000000e+000,0,,0,
1524610120.729,,0.000000e+000,3.499872e+001,5.816493e-006,0.000000e+000,3,8.826301e-001,0.000000e+000,,,,,,,,,,,,,,32,1,4.000000e+000,0.000000e+000,0.000000e+000,0,,0,
1524610133.877,,0.000000e+000,3.499989e+001,5.811058e-006,0.000000e+000,3,8.769370e-001,0.000000e+000,,,,,,,,,,,,,,32,1,4.000000e+000,3.898621e-003,0.000000e+000,0,,0,
1524610146.250,,0.000000e+000,3.499950e+001,5.803578e-006,0.000000e+000,3,8.770029e-001,0.000000e+000,,,,,,,,,,,,,,32,1,4.000000e+000,1.560211e-003,0.000000e+000,0,,0,
1524610158.795,,0.000000e+000,3.499833e+001,5.818312e-006,0.000000e+000,3,8.812351e-001,0.000000e+000,,,,,,,,,,,,,,32,1,4.000000e+000,2.349854e-003,0.000000e+000,0,,0,
1524610171.475,,0.000000e+000,3.500145e+001,5.802437e-006,0.000000e+000,3,8.771655e-001,0.000000e+000,,,,,,,,,,,,,,32,1,4.000000e+000,2.349854e-003,0.000000e+000,0,,0,
1524610184.205,,0.000000e+000,3.499950e+001,5.813106e-006,0.000000e+000,3,8.739339e-001,0.000000e+000,,,,,,,,,,,,,,32,1,4.000000e+000,0.000000e+000,0.000000e+000,0,,0,
1524610196.898,,0.000000e+000,3.499833e+001,5.804343e-006,0.000000e+000,3,8.752435e-001,0.000000e+000,,,,,,,,,,,,,,32,1,4.000000e+000,5.470276e-003,0.000000e+000,0,,0,
1524610209.708,,0.000000e+000,3.499950e+001,5.845065e-006,0.000000e+000,3,8.797532e-001,0.000000e+000,,,,,,,,,,,,,,32,1,4.000000e+000,1.560211e-003,0.000000e+000,0,,0,
1524610222.266,,0.000000e+000,3.499872e+001,5.845934e-006,0.000000e+000,3,8.764211e-001,0.000000e+000,,,,,,,,,,,,,,32,1,4.000000e+000,0.000000e+000,0.000000e+000,0,,0,
1524610235.004,,0.000000e+000,3.499911e+001,5.843049e-006,0.000000e+000,3,8.746778e-001,0.000000e+000,,,,,,,,,,,,,,32,1,4.000000e+000,2.338409e-003,0.000000e+000,0,,0,
1524610247.694,,0.000000e+000,3.499872e+001,5.825136e-006,0.000000e+000,3,8.770483e-001,0.000000e+000,,,,,,,,,,,,,,32,1,4.000000e+000,1.560211e-003,0.000000e+000,0,,0,
1524610260.366,,0.000000e+000,3.500067e+001,5.822939e-006,0.000000e+000,3,8.730366e-001,0.000000e+000,,,,,,,,,,,,,,32,1,4.000000e+000,3.910065e-003,0.000000e+000,0,,0,
1524610273.212,,0.000000e+000,3.499950e+001,5.830878e-006,0.000000e+000,3,8.771611e-001,0.000000e+000,,,,,,,,,,,,,,32,1,4.000000e+000,3.120422e-003,0.000000e+000,0,,0,
1524610285.754,,0.000000e+000,3.499950e+001,5.856290e-006,0.000000e+000,3,8.831448e-001,0.000000e+000,,,,,,,,,,,,,,32,1,4.000000e+000,1.560211e-003,0.000000e+000,0,,0,
1524610298.482,,0.000000e+000,3.499989e+001,5.883804e-006,0.000000e+000,3,8.767293e-001,0.000000e+000,,,,,,,,,,,,,,32,1,4.000000e+000,7.781982e-004,0.000000e+000,0,,0,
1524610311.162,,0.000000e+000,3.499950e+001,5.825732e-006,0.000000e+000,3,8.770331e-001,0.000000e+000,,,,,,,,,,,,,,32,1,4.000000e+000,0.000000e+000,0.000000e+000,0,,0,
1524610323.872,,0.000000e+000,3.499989e+001,5.824403e-006,0.000000e+000,3,8.843624e-001,0.000000e+000,,,,,,,,,,,,,,32,1,4.000000e+000,7.781982e-004,0.000000e+000,0,,0,
1524610336.700,,0.000000e+000,3.499793e+001,5.882032e-006,0.000000e+000,3,8.830161e-001,0.000000e+000,,,,,,,,,,,,,,32,1,4.000000e+000,3.131866e-003,0.000000e+000,0,,0,
1524610349.300,,0.000000e+000,3.499989e+001,5.853005e-006,0.000000e+000,3,8.718838e-001,0.000000e+000,,,,,,,,,,,,,,32,1,4.000000e+000,2.342224e-003,0.000000e+000,0,,0,
1524610362.540,,0.000000e+000,3.499911e+001,5.858874e-006,0.000000e+000,3,8.740507e-001,0.000000e+000,,,,,,,,,,,,,,32,1,4.000000e+000,7.820129e-004,0.000000e+000,0,,0,
1524610374.831,,0.000000e+000,3.499871e+001,5.866638e-006,0.000000e+000,3,8.762618e-001,0.000000e+000,,,,,,,,,,,,,,32,1,4.000000e+000,3.128052e-003,0.000000e+000,0,,0,
1524610387.381,,0.000000e+000,3.499950e+001,5.832031e-006,0.000000e+000,3,8.728405e-001,0.000000e+000,,,,,,,,,,,,,,32,1,4.000000e+000,1.560211e-003,0.000000e+000,0,,0,
1524610399.840,,0.000000e+000,3.499833e+001,5.846214e-006,0.000000e+000,3,8.733141e-001,0.000000e+000,,,,,,,,,,,,,,32,1,4.000000e+000,7.781982e-004,0.000000e+000,0,,0,
1524610412.131,,0.000000e+000,3.499950e+001,5.825616e-006,0.000000e+000,3,8.725391e-001,0.000000e+000,,,,,,,,,,,,,,32,1,4.000000e+000,0.000000e+000,0.000000e+000,0,,0,
1524610424.601,,0.000000e+000,3.499911e+001,5.950211e-006,0.000000e+000,3,8.811232e-001,0.000000e+000,,,,,,,,,,,,,,32,1,4.000000e+000,7.820129e-004,0.000000e+000,0,,0,
1524610437.292,,0.000000e+000,3.499911e+001,5.897133e-006,0.000000e+000,3,8.803096e-001,0.000000e+000,,,,,,,,,,,,,,32,1,4.000000e+000,7.820129e-004,0.000000e+000,0,,0,
