[Header]
TITLE,MPMS DC Measurement
BYAPP,MPMS Measurement,2.1,Summary
FILEOPENTIME, 1524132280.785000 4/19/2018, 4:04:40 AM

INFO, APPNAME, MPMS MultiVu Application, Revision 1.61,  Build 082

INFO, NAME, TC04-12-01K
INFO, WEIGHT, 1.000
INFO, AREA, 1.000
INFO, LENGTH, 1.000
INFO, SHAPE, 0
INFO, COMMENT, 
INFO, SEQUENCE FILE: VRMac_53K_12000s_VRMde_55K.seq


INFO, BACKGROUND DATA FILE:, None


STARTUPAXIS,X,4,LINEAR,AUTO,0.000000,0.000000
STARTUPAXIS,Y1,5,LINEAR,AUTO,0.000000,0.000000


STARTUPGROUP,Longitudinal
FIELDGROUP,Longitudinal,1,2,3,4,5,6,7,8,9,15,16,17,18,27,28
FIELDGROUP,Transverse,1,2,3,4,10,11,12,13,14,19,20,21,22,27,28

PLOT_APPEARANCE,ALL,HORZ_GRID_ON,VERT_GRID_ON,MARKERS_AND_LINES

[Data]
Time,Comment,Field (Oe),Temperature (K),Long Moment (emu),Long Scan Std Dev,Long Algorithm,Long Reg Fit,Long Percent Error (%),Trans Moment (emu),Trans Scan Std Dev,Trans Algorithm,Trans Reg Fit,Trans Percent Error (%),Long Moment [w/o ABS] (emu),Long Scan Std Dev [w/o ABS],Long Reg Fit [w/o ABS],Long Percent Error [w/o ABS] (%),Trans Moment [w/o ABS] (emu),Trans Scan Std Dev [w/o ABS],Trans Reg Fit [w/o ABS],Trans Percent Error [w/o ABS] (%),Points per Scan,Scans per Measurement,Scan Length (cm),Delta Temp (K),Rot Position (deg),Error,EC Comp. Running,Using ABS,
1524132280.785,,0.000000e+000,5.316882e+001,-1.963558e-005,0.000000e+000,3,9.649549e-001,0.000000e+000,,,,,,,,,,,,,,32,1,4.000000e+000,3.368492e-001,0.000000e+000,0,,0,
1524132292.935,,0.000000e+000,5.379757e+001,-1.781033e-005,0.000000e+000,3,9.663944e-001,0.000000e+000,,,,,,,,,,,,,,32,1,4.000000e+000,7.360306e-001,0.000000e+000,0,,0,
1524132305.945,,0.000000e+000,5.446838e+001,-1.611238e-005,0.000000e+000,3,9.620131e-001,0.000000e+000,,,,,,,,,,,,,,32,1,4.000000e+000,3.901596e-001,0.000000e+000,0,,0,
1524132318.165,,0.000000e+000,5.482018e+001,-1.472883e-005,0.000000e+000,3,9.586805e-001,0.000000e+000,,,,,,,,,,,,,,32,1,4.000000e+000,2.066498e-001,0.000000e+000,0,,0,
1524132331.075,,0.000000e+000,5.499845e+001,-1.336294e-005,0.000000e+000,3,9.603029e-001,0.000000e+000,,,,,,,,,,,,,,32,1,4.000000e+000,1.105003e-001,0.000000e+000,0,,0,
1524132343.455,,0.000000e+000,5.506821e+001,-1.244553e-005,0.000000e+000,3,9.535848e-001,0.000000e+000,,,,,,,,,,,,,,32,1,4.000000e+000,2.373123e-002,0.000000e+000,0,,0,
1524132356.315,,0.000000e+000,5.507611e+001,-1.151038e-005,0.000000e+000,3,9.648667e-001,0.000000e+000,,,,,,,,,,,,,,32,1,4.000000e+000,0.000000e+000,0.000000e+000,0,,0,
1524132369.815,,0.000000e+000,5.506689e+001,-1.084258e-005,0.000000e+000,3,9.613550e-001,0.000000e+000,,,,,,,,,,,,,,32,1,4.000000e+000,1.318741e-002,0.000000e+000,0,,0,
1524132382.335,,0.000000e+000,5.505634e+001,-1.009955e-005,0.000000e+000,3,9.531373e-001,0.000000e+000,,,,,,,,,,,,,,32,1,4.000000e+000,0.000000e+000,0.000000e+000,0,,0,
1524132395.195,,0.000000e+000,5.504909e+001,-9.632298e-006,0.000000e+000,3,9.525861e-001,0.000000e+000,,,,,,,,,,,,,,32,1,4.000000e+000,1.449966e-002,0.000000e+000,0,,0,
1524132407.725,,0.000000e+000,5.503657e+001,-9.216485e-006,0.000000e+000,3,9.523674e-001,0.000000e+000,,,,,,,,,,,,,,32,1,4.000000e+000,1.054001e-002,0.000000e+000,0,,0,
1524132420.355,,0.000000e+000,5.502274e+001,-8.833013e-006,0.000000e+000,3,9.516383e-001,0.000000e+000,,,,,,,,,,,,,,32,1,4.000000e+000,1.710892e-002,0.000000e+000,0,,0,
1524132433.575,,0.000000e+000,5.502209e+001,-8.595737e-006,0.000000e+000,3,9.543855e-001,0.000000e+000,,,,,,,,,,,,,,32,1,4.000000e+000,2.628326e-003,0.000000e+000,0,,0,
1524132446.125,,0.000000e+000,5.501090e+001,-8.196475e-006,0.000000e+000,3,9.440632e-001,0.000000e+000,,,,,,,,,,,,,,32,1,4.000000e+000,9.220123e-003,0.000000e+000,0,,0,
1524132458.705,,0.000000e+000,5.500629e+001,-7.971581e-006,0.000000e+000,3,9.532138e-001,0.000000e+000,,,,,,,,,,,,,,32,1,4.000000e+000,2.639771e-003,0.000000e+000,0,,0,
1524132470.905,,0.000000e+000,5.500366e+001,-7.647193e-006,0.000000e+000,3,9.409758e-001,0.000000e+000,,,,,,,,,,,,,,32,1,4.000000e+000,2.620697e-003,0.000000e+000,0,,0,
1524132483.365,,0.000000e+000,5.500432e+001,-7.472126e-006,0.000000e+000,3,9.490163e-001,0.000000e+000,,,,,,,,,,,,,,32,1,4.000000e+000,3.940582e-003,0.000000e+000,0,,0,
1524132495.895,,0.000000e+000,5.500037e+001,-7.255886e-006,0.000000e+000,3,9.423739e-001,0.000000e+000,,,,,,,,,,,,,,32,1,4.000000e+000,9.201050e-003,0.000000e+000,0,,0,
1524132508.695,,0.000000e+000,5.499906e+001,-6.910825e-006,0.000000e+000,3,9.423209e-001,0.000000e+000,,,,,,,,,,,,,,32,1,4.000000e+000,6.580353e-003,0.000000e+000,0,,0,
1524132521.095,,0.000000e+000,5.499839e+001,-6.812584e-006,0.000000e+000,3,9.424645e-001,0.000000e+000,,,,,,,,,,,,,,32,1,4.000000e+000,0.000000e+000,0.000000e+000,0,,0,
1524132533.895,,0.000000e+000,5.500497e+001,-6.614441e-006,0.000000e+000,3,9.422500e-001,0.000000e+000,,,,,,,,,,,,,,32,1,4.000000e+000,1.316071e-002,0.000000e+000,0,,0,
1524132546.705,,0.000000e+000,5.500103e+001,-6.413425e-006,0.000000e+000,3,9.396411e-001,0.000000e+000,,,,,,,,,,,,,,32,1,4.000000e+000,2.104187e-002,0.000000e+000,0,,0,
1524132559.365,,0.000000e+000,5.499117e+001,-6.224021e-006,0.000000e+000,3,9.421849e-001,0.000000e+000,,,,,,,,,,,,,,32,1,4.000000e+000,1.312256e-003,0.000000e+000,0,,0,
1524132571.995,,0.000000e+000,5.499182e+001,-6.053217e-006,0.000000e+000,3,9.424463e-001,0.000000e+000,,,,,,,,,,,,,,32,1,4.000000e+000,0.000000e+000,0.000000e+000,0,,0,
1524132584.395,,0.000000e+000,5.499511e+001,-5.893589e-006,0.000000e+000,3,9.325560e-001,0.000000e+000,,,,,,,,,,,,,,32,1,4.000000e+000,6.568909e-003,0.000000e+000,0,,0,
1524132596.825,,0.000000e+000,5.499905e+001,-5.751097e-006,0.000000e+000,3,9.414356e-001,0.000000e+000,,,,,,,,,,,,,,32,1,4.000000e+000,3.948212e-003,0.000000e+000,0,,0,
1524132609.285,,0.000000e+000,5.499643e+001,-5.649169e-006,0.000000e+000,3,9.336317e-001,0.000000e+000,,,,,,,,,,,,,,32,1,4.000000e+000,1.184082e-002,0.000000e+000,0,,0,
1524132622.075,,0.000000e+000,5.499643e+001,-5.488042e-006,0.000000e+000,3,9.408747e-001,0.000000e+000,,,,,,,,,,,,,,32,1,4.000000e+000,1.312256e-003,0.000000e+000,0,,0,
1524132634.215,,0.000000e+000,5.499773e+001,-5.396715e-006,0.000000e+000,3,9.359509e-001,0.000000e+000,,,,,,,,,,,,,,32,1,4.000000e+000,1.308441e-003,0.000000e+000,0,,0,
1524132646.705,,0.000000e+000,5.499642e+001,-5.254192e-006,0.000000e+000,3,9.452493e-001,0.000000e+000,,,,,,,,,,,,,,32,1,4.000000e+000,3.940582e-003,0.000000e+000,0,,0,
1524132658.915,,0.000000e+000,5.499643e+001,-5.204394e-006,0.000000e+000,3,9.296610e-001,0.000000e+000,,,,,,,,,,,,,,32,1,4.000000e+000,9.208679e-003,0.000000e+000,0,,0,
1524132671.555,,0.000000e+000,5.499971e+001,-4.996692e-006,0.000000e+000,3,9.454975e-001,0.000000e+000,,,,,,,,,,,,,,32,1,4.000000e+000,0.000000e+000,0.000000e+000,0,,0,
1524132684.155,,0.000000e+000,5.499905e+001,-4.978197e-006,0.000000e+000,3,9.379180e-001,0.000000e+000,,,,,,,,,,,,,,32,1,4.000000e+000,1.319885e-003,0.000000e+000,0,,0,
1524132696.865,,0.000000e+000,5.500234e+001,-4.778073e-006,0.000000e+000,3,9.301536e-001,0.000000e+000,,,,,,,,,,,,,,32,1,4.000000e+000,5.260468e-003,0.000000e+000,0,,0,
1524132709.386,,0.000000e+000,5.499773e+001,-4.831777e-006,0.000000e+000,3,9.221546e-001,0.000000e+000,,,,,,,,,,,,,,32,1,4.000000e+000,1.308441e-003,0.000000e+000,0,,0,
1524132721.886,,0.000000e+000,5.499971e+001,-4.619249e-006,0.000000e+000,3,9.205288e-001,0.000000e+000,,,,,,,,,,,,,,32,1,4.000000e+000,2.639771e-003,0.000000e+000,0,,0,
1524132734.846,,0.000000e+000,5.500300e+001,-4.577383e-006,0.000000e+000,3,9.279228e-001,0.000000e+000,,,,,,,,,,,,,,32,1,4.000000e+000,3.940582e-003,0.000000e+000,0,,0,
1524132747.546,,0.000000e+000,5.500563e+001,-4.432616e-006,0.000000e+000,3,9.186650e-001,0.000000e+000,,,,,,,,,,,,,,32,1,4.000000e+000,1.184082e-002,0.000000e+000,0,,0,
1524132760.336,,0.000000e+000,5.500103e+001,-4.339060e-006,0.000000e+000,3,9.313425e-001,0.000000e+000,,,,,,,,,,,,,,32,1,4.000000e+000,1.052094e-002,0.000000e+000,0,,0,
1524132772.766,,0.000000e+000,5.500432e+001,-4.336570e-006,0.000000e+000,3,9.259464e-001,0.000000e+000,,,,,,,,,,,,,,32,1,4.000000e+000,3.940582e-003,0.000000e+000,0,,0,
1524132785.496,,0.000000e+000,5.499511e+001,-4.207504e-006,0.000000e+000,3,9.242392e-001,0.000000e+000,,,,,,,,,,,,,,32,1,4.000000e+000,6.568909e-003,0.000000e+000,0,,0,
1524132798.036,,0.000000e+000,5.499577e+001,-4.138062e-006,0.000000e+000,3,9.129874e-001,0.000000e+000,,,,,,,,,,,,,,32,1,4.000000e+000,2.632141e-003,0.000000e+000,0,,0,
1524132810.756,,0.000000e+000,5.499708e+001,-4.084501e-006,0.000000e+000,3,9.342408e-001,0.000000e+000,,,,,,,,,,,,,,32,1,4.000000e+000,2.620697e-003,0.000000e+000,0,,0,
1524132823.286,,0.000000e+000,5.499445e+001,-3.996832e-006,0.000000e+000,3,9.168978e-001,0.000000e+000,,,,,,,,,,,,,,32,1,4.000000e+000,5.260468e-003,0.000000e+000,0,,0,
1524132835.916,,0.000000e+000,5.499708e+001,-3.956591e-006,0.000000e+000,3,9.186496e-001,0.000000e+000,,,,,,,,,,,,,,32,1,4.000000e+000,5.260468e-003,0.000000e+000,0,,0,
1524132848.486,,0.000000e+000,5.500103e+001,-3.900411e-006,0.000000e+000,3,9.152454e-001,0.000000e+000,,,,,,,,,,,,,,32,1,4.000000e+000,2.639771e-003,0.000000e+000,0,,0,
1524132861.236,,0.000000e+000,5.499840e+001,-3.785972e-006,0.000000e+000,3,9.275859e-001,0.000000e+000,,,,,,,,,,,,,,32,1,4.000000e+000,2.628326e-003,0.000000e+000,0,,0,
1524132873.626,,0.000000e+000,5.499840e+001,-3.752500e-006,0.000000e+000,3,9.123998e-001,0.000000e+000,,,,,,,,,,,,,,32,1,4.000000e+000,2.628326e-003,0.000000e+000,0,,0,
1524132886.476,,0.000000e+000,5.500037e+001,-3.673151e-006,0.000000e+000,3,9.123262e-001,0.000000e+000,,,,,,,,,,,,,,32,1,4.000000e+000,9.201050e-003,0.000000e+000,0,,0,
1524132899.016,,0.000000e+000,5.500037e+001,-3.587008e-006,0.000000e+000,3,9.085519e-001,0.000000e+000,,,,,,,,,,,,,,32,1,4.000000e+000,1.709747e-002,0.000000e+000,0,,0,
1524132911.506,,0.000000e+000,5.499905e+001,-3.473735e-006,0.000000e+000,3,9.271889e-001,0.000000e+000,,,,,,,,,,,,,,32,1,4.000000e+000,1.319885e-003,0.000000e+000,0,,0,
1524132923.656,,0.000000e+000,5.499905e+001,-3.502214e-006,0.000000e+000,3,8.996573e-001,0.000000e+000,,,,,,,,,,,,,,32,1,4.000000e+000,1.319885e-003,0.000000e+000,0,,0,
1524132936.396,,0.000000e+000,5.500169e+001,-3.447886e-006,0.000000e+000,3,9.050081e-001,0.000000e+000,,,,,,,,,,,,,,32,1,4.000000e+000,1.319885e-003,0.000000e+000,0,,0,
1524132948.796,,0.000000e+000,5.499905e+001,-3.415766e-006,0.000000e+000,3,8.971285e-001,0.000000e+000,,,,,,,,,,,,,,32,1,4.000000e+000,1.319885e-003,0.000000e+000,0,,0,
1524132961.626,,0.000000e+000,5.500103e+001,-3.309422e-006,0.000000e+000,3,9.005563e-001,0.000000e+000,,,,,,,,,,,,,,32,1,4.000000e+000,7.888794e-003,0.000000e+000,0,,0,
1524132974.046,,0.000000e+000,5.499708e+001,-3.317239e-006,0.000000e+000,3,8.824678e-001,0.000000e+000,,,,,,,,,,,,,,32,1,4.000000e+000,5.260468e-003,0.000000e+000,0,,0,
1524132986.896,,0.000000e+000,5.499445e+001,-3.213549e-006,0.000000e+000,3,9.015660e-001,0.000000e+000,,,,,,,,,,,,,,32,1,4.000000e+000,2.628326e-003,0.000000e+000,0,,0,
1524132999.296,,0.000000e+000,5.499906e+001,-3.208238e-006,0.000000e+000,3,8.824186e-001,0.000000e+000,,,,,,,,,,,,,,32,1,4.000000e+000,6.580353e-003,0.000000e+000,0,,0,
1524133012.116,,0.000000e+000,5.499709e+001,-3.127891e-006,0.000000e+000,3,8.891931e-001,0.000000e+000,,,,,,,,,,,,,,32,1,4.000000e+000,7.888794e-003,0.000000e+000,0,,0,
1524133024.486,,0.000000e+000,5.499905e+001,-3.160399e-006,0.000000e+000,3,8.848918e-001,0.000000e+000,,,,,,,,,,,,,,32,1,4.000000e+000,3.948212e-003,0.000000e+000,0,,0,
1524133037.326,,0.000000e+000,5.499577e+001,-3.082753e-006,0.000000e+000,3,8.903399e-001,0.000000e+000,,,,,,,,,,,,,,32,1,4.000000e+000,0.000000e+000,0.000000e+000,0,,0,
1524133049.746,,0.000000e+000,5.499774e+001,-3.064889e-006,0.000000e+000,3,8.732974e-001,0.000000e+000,,,,,,,,,,,,,,32,1,4.000000e+000,3.940582e-003,0.000000e+000,0,,0,
1524133062.566,,0.000000e+000,5.499840e+001,-2.987102e-006,0.000000e+000,3,8.832183e-001,0.000000e+000,,,,,,,,,,,,,,32,1,4.000000e+000,2.628326e-003,0.000000e+000,0,,0,
1524133075.006,,0.000000e+000,5.499840e+001,-3.001358e-006,0.000000e+000,3,8.872589e-001,0.000000e+000,,,,,,,,,,,,,,32,1,4.000000e+000,2.628326e-003,0.000000e+000,0,,0,
1524133087.796,,0.000000e+000,5.499577e+001,-2.936742e-006,0.000000e+000,3,8.815503e-001,0.000000e+000,,,,,,,,,,,,,,32,1,4.000000e+000,1.578903e-002,0.000000e+000,0,,0,
1524133100.376,,0.000000e+000,5.499708e+001,-2.966525e-006,0.000000e+000,3,8.716744e-001,0.000000e+000,,,,,,,,,,,,,,32,1,4.000000e+000,5.260468e-003,0.000000e+000,0,,0,
1524133113.766,,0.000000e+000,5.499708e+001,-2.854435e-006,0.000000e+000,3,8.865626e-001,0.000000e+000,,,,,,,,,,,,,,32,1,4.000000e+000,2.620697e-003,0.000000e+000,0,,0,
1524133126.266,,0.000000e+000,5.499773e+001,-2.901552e-006,0.000000e+000,3,8.704668e-001,0.000000e+000,,,,,,,,,,,,,,32,1,4.000000e+000,1.308441e-003,0.000000e+000,0,,0,
1524133138.576,,0.000000e+000,5.499314e+001,-2.760326e-006,0.000000e+000,3,8.796915e-001,0.000000e+000,,,,,,,,,,,,,,32,1,4.000000e+000,0.000000e+000,0.000000e+000,0,,0,
1524133150.716,,0.000000e+000,5.500234e+001,-2.818968e-006,0.000000e+000,3,8.465021e-001,0.000000e+000,,,,,,,,,,,,,,32,1,4.000000e+000,7.900238e-003,0.000000e+000,0,,0,
1524133163.536,,0.000000e+000,5.499972e+001,-2.678865e-006,0.000000e+000,3,8.672331e-001,0.000000e+000,,,,,,,,,,,,,,32,1,4.000000e+000,1.314926e-002,0.000000e+000,0,,0,
1524133175.676,,0.000000e+000,5.499380e+001,-2.747511e-006,0.000000e+000,3,8.408353e-001,0.000000e+000,,,,,,,,,,,,,,32,1,4.000000e+000,1.308441e-003,0.000000e+000,0,,0,
1524133188.186,,0.000000e+000,5.499313e+001,-2.638552e-006,0.000000e+000,3,8.690842e-001,0.000000e+000,,,,,,,,,,,,,,32,1,4.000000e+000,2.628326e-003,0.000000e+000,0,,0,
1524133201.136,,0.000000e+000,5.499642e+001,-2.636197e-006,0.000000e+000,3,8.393137e-001,0.000000e+000,,,,,,,,,,,,,,32,1,4.000000e+000,3.940582e-003,0.000000e+000,0,,0,
1524133213.726,,0.000000e+000,5.499642e+001,-2.586827e-006,0.000000e+000,3,8.560423e-001,0.000000e+000,,,,,,,,,,,,,,32,1,4.000000e+000,3.940582e-003,0.000000e+000,0,,0,
1524133226.766,,0.000000e+000,5.499642e+001,-2.564127e-006,0.000000e+000,3,8.516721e-001,0.000000e+000,,,,,,,,,,,,,,32,1,4.000000e+000,3.940582e-003,0.000000e+000,0,,0,
1524133239.136,,0.000000e+000,5.499708e+001,-2.649502e-006,0.000000e+000,3,8.493350e-001,0.000000e+000,,,,,,,,,,,,,,32,1,4.000000e+000,0.000000e+000,0.000000e+000,0,,0,
1524133505.487,,0.000000e+000,5.499380e+001,-7.092502e-007,0.000000e+000,2,0.000000e+000,0.000000e+000,,,,,,,,,,,,,,32,1,4.000000e+000,6.572723e-003,0.000000e+000,0,,0,
1524133519.469,,0.000000e+000,5.499972e+001,-5.869763e-007,0.000000e+000,2,0.000000e+000,0.000000e+000,,,,,,,,,,,,,,32,1,4.000000e+000,5.268097e-003,0.000000e+000,0,,0,
1524133533.601,,0.000000e+000,5.499709e+001,-5.715360e-007,0.000000e+000,2,0.000000e+000,0.000000e+000,,,,,,,,,,,,,,32,1,4.000000e+000,1.052856e-002,0.000000e+000,0,,0,
1524133547.953,,0.000000e+000,5.499775e+001,-5.851335e-007,0.000000e+000,2,0.000000e+000,0.000000e+000,,,,,,,,,,,,,,32,1,4.000000e+000,1.972961e-002,0.000000e+000,0,,0,
1524133562.465,,0.000000e+000,5.500103e+001,-4.789939e-007,0.000000e+000,2,0.000000e+000,0.000000e+000,,,,,,,,,,,,,,32,1,4.000000e+000,2.639771e-003,0.000000e+000,0,,0,
1524133576.467,,0.000000e+000,5.500169e+001,-4.765406e-007,0.000000e+000,2,0.000000e+000,0.000000e+000,,,,,,,,,,,,,,32,1,4.000000e+000,1.184082e-002,0.000000e+000,0,,0,
1524133590.539,,0.000000e+000,5.499774e+001,-4.420220e-007,0.000000e+000,2,0.000000e+000,0.000000e+000,,,,,,,,,,,,,,32,1,4.000000e+000,3.940582e-003,0.000000e+000,0,,0,
1524133604.661,,0.000000e+000,5.500366e+001,-3.462626e-007,0.000000e+000,2,0.000000e+000,0.000000e+000,,,,,,,,,,,,,,32,1,4.000000e+000,1.315689e-002,0.000000e+000,0,,0,
1524133618.573,,0.000000e+000,5.499380e+001,-3.634602e-007,0.000000e+000,2,0.000000e+000,0.000000e+000,,,,,,,,,,,,,,32,1,4.000000e+000,6.572723e-003,0.000000e+000,0,,0,
1524133633.145,,0.000000e+000,5.499512e+001,-2.713989e-007,0.000000e+000,2,0.000000e+000,0.000000e+000,,,,,,,,,,,,,,32,1,4.000000e+000,1.446915e-002,0.000000e+000,0,,0,
1524133647.247,,0.000000e+000,5.500235e+001,-3.507624e-007,0.000000e+000,2,0.000000e+000,0.000000e+000,,,,,,,,,,,,,,32,1,4.000000e+000,2.639771e-003,0.000000e+000,0,,0,
1524133659.447,,0.000000e+000,5.499445e+001,2.244670e-006,0.000000e+000,3,6.266807e-001,0.000000e+000,,,,,,,,,,,,,,32,1,4.000000e+000,7.881165e-003,0.000000e+000,0,,0,
1524133674.189,,0.000000e+000,5.500365e+001,-3.080097e-007,0.000000e+000,2,0.000000e+000,0.000000e+000,,,,,,,,,,,,,,32,1,4.000000e+000,1.052856e-002,0.000000e+000,0,,0,
1524133686.989,,0.000000e+000,5.499972e+001,2.058571e-006,0.000000e+000,3,5.847564e-001,0.000000e+000,,,,,,,,,,,,,,32,1,4.000000e+000,1.578903e-002,0.000000e+000,0,,0,
1524133702.111,,0.000000e+000,5.500037e+001,-3.012615e-007,0.000000e+000,2,0.000000e+000,0.000000e+000,,,,,,,,,,,,,,32,1,4.000000e+000,1.446915e-002,0.000000e+000,0,,0,
1524133713.811,,0.000000e+000,5.500497e+001,2.242938e-006,0.000000e+000,3,6.294730e-001,0.000000e+000,,,,,,,,,,,,,,32,1,4.000000e+000,7.888794e-003,0.000000e+000,0,,0,
1524133726.321,,0.000000e+000,5.499577e+001,2.129142e-006,0.000000e+000,3,6.545595e-001,0.000000e+000,,,,,,,,,,,,,,32,1,4.000000e+000,2.632141e-003,0.000000e+000,0,,0,
1524133738.881,,0.000000e+000,5.500103e+001,2.200699e-006,0.000000e+000,3,6.300049e-001,0.000000e+000,,,,,,,,,,,,,,32,1,4.000000e+000,7.888794e-003,0.000000e+000,0,,0,
1524133751.541,,0.000000e+000,5.499709e+001,2.098080e-006,0.000000e+000,3,6.247050e-001,0.000000e+000,,,,,,,,,,,,,,32,1,4.000000e+000,1.052856e-002,0.000000e+000,0,,0,
1524133764.111,,0.000000e+000,5.500037e+001,2.169811e-006,0.000000e+000,3,6.302273e-001,0.000000e+000,,,,,,,,,,,,,,32,1,4.000000e+000,6.587982e-003,0.000000e+000,0,,0,
1524133776.761,,0.000000e+000,5.499906e+001,2.073157e-006,0.000000e+000,3,6.292712e-001,0.000000e+000,,,,,,,,,,,,,,32,1,4.000000e+000,6.580353e-003,0.000000e+000,0,,0,
1524133789.161,,0.000000e+000,5.499511e+001,2.144807e-006,0.000000e+000,3,6.258264e-001,0.000000e+000,,,,,,,,,,,,,,32,1,4.000000e+000,1.319885e-003,0.000000e+000,0,,0,
1524133802.011,,0.000000e+000,5.499445e+001,1.995448e-006,0.000000e+000,3,6.140112e-001,0.000000e+000,,,,,,,,,,,,,,32,1,4.000000e+000,2.628326e-003,0.000000e+000,0,,0,
1524133814.401,,0.000000e+000,5.499708e+001,-2.209276e-006,0.000000e+000,3,7.433679e-001,0.000000e+000,,,,,,,,,,,,,,32,1,4.000000e+000,0.000000e+000,0.000000e+000,0,,0,
1524133829.253,,0.000000e+000,5.500301e+001,-4.139187e-008,0.000000e+000,2,0.000000e+000,0.000000e+000,,,,,,,,,,,,,,32,1,4.000000e+000,1.319885e-003,0.000000e+000,0,,0,
1524133841.273,,0.000000e+000,5.499445e+001,1.966271e-006,0.000000e+000,3,5.043740e-001,0.000000e+000,,,,,,,,,,,,,,32,1,4.000000e+000,5.260468e-003,0.000000e+000,0,,0,
1524133853.933,,0.000000e+000,5.499643e+001,2.034818e-006,0.000000e+000,3,6.165957e-001,0.000000e+000,,,,,,,,,,,,,,32,1,4.000000e+000,9.208679e-003,0.000000e+000,0,,0,
1524133868.315,,0.000000e+000,5.500563e+001,3.336517e-008,0.000000e+000,2,0.000000e+000,0.000000e+000,,,,,,,,,,,,,,32,1,4.000000e+000,9.208679e-003,0.000000e+000,0,,0,
1524133879.975,,0.000000e+000,5.500365e+001,-2.298199e-006,0.000000e+000,3,7.202266e-001,0.000000e+000,,,,,,,,,,,,,,32,1,4.000000e+000,1.052856e-002,0.000000e+000,0,,0,
1524133894.717,,0.000000e+000,5.499313e+001,3.518267e-008,0.000000e+000,2,0.000000e+000,0.000000e+000,,,,,,,,,,,,,,32,1,4.000000e+000,2.628326e-003,0.000000e+000,0,,0,
1524133907.317,,0.000000e+000,5.500037e+001,-2.292742e-006,0.000000e+000,3,7.681977e-001,0.000000e+000,,,,,,,,,,,,,,32,1,4.000000e+000,3.959656e-003,0.000000e+000,0,,0,
1524133920.087,,0.000000e+000,5.500432e+001,-2.160689e-006,0.000000e+000,3,7.354997e-001,0.000000e+000,,,,,,,,,,,,,,32,1,4.000000e+000,3.940582e-003,0.000000e+000,0,,0,
1524133932.477,,0.000000e+000,5.500103e+001,-2.262907e-006,0.000000e+000,3,7.622753e-001,0.000000e+000,,,,,,,,,,,,,,32,1,4.000000e+000,7.888794e-003,0.000000e+000,0,,0,
1524133945.247,,0.000000e+000,5.499183e+001,-2.142598e-006,0.000000e+000,3,7.300165e-001,0.000000e+000,,,,,,,,,,,,,,32,1,4.000000e+000,7.888794e-003,0.000000e+000,0,,0,
1524133957.697,,0.000000e+000,5.498722e+001,-2.284563e-006,0.000000e+000,3,7.176887e-001,0.000000e+000,,,,,,,,,,,,,,32,1,4.000000e+000,1.319885e-003,0.000000e+000,0,,0,
1524133970.357,,0.000000e+000,5.500169e+001,-2.077715e-006,0.000000e+000,3,7.321714e-001,0.000000e+000,,,,,,,,,,,,,,32,1,4.000000e+000,1.319885e-003,0.000000e+000,0,,0,
1524133982.877,,0.000000e+000,5.499971e+001,-2.188616e-006,0.000000e+000,3,7.169097e-001,0.000000e+000,,,,,,,,,,,,,,32,1,4.000000e+000,2.639771e-003,0.000000e+000,0,,0,
1524133996.067,,0.000000e+000,5.499773e+001,-2.291971e-006,0.000000e+000,3,7.606216e-001,0.000000e+000,,,,,,,,,,,,,,32,1,4.000000e+000,1.308441e-003,0.000000e+000,0,,0,
1524134009.207,,0.000000e+000,5.499773e+001,-2.172259e-006,0.000000e+000,3,7.251360e-001,0.000000e+000,,,,,,,,,,,,,,32,1,4.000000e+000,1.308441e-003,0.000000e+000,0,,0,
1524134021.507,,0.000000e+000,5.499971e+001,-2.242867e-006,0.000000e+000,3,7.072205e-001,0.000000e+000,,,,,,,,,,,,,,32,1,4.000000e+000,2.639771e-003,0.000000e+000,0,,0,
1524134035.909,,0.000000e+000,5.499445e+001,2.676194e-007,0.000000e+000,2,0.000000e+000,0.000000e+000,,,,,,,,,,,,,,32,1,4.000000e+000,7.881165e-003,0.000000e+000,0,,0,
1524134049.871,,0.000000e+000,5.499774e+001,3.351383e-007,0.000000e+000,2,0.000000e+000,0.000000e+000,,,,,,,,,,,,,,32,1,4.000000e+000,6.580353e-003,0.000000e+000,0,,0,
1524134064.163,,0.000000e+000,5.500103e+001,4.058650e-007,0.000000e+000,2,0.000000e+000,0.000000e+000,,,,,,,,,,,,,,32,1,4.000000e+000,2.639771e-003,0.000000e+000,0,,0,
1524134078.155,,0.000000e+000,5.500037e+001,4.105028e-007,0.000000e+000,2,0.000000e+000,0.000000e+000,,,,,,,,,,,,,,32,1,4.000000e+000,6.587982e-003,0.000000e+000,0,,0,
1524134091.897,,0.000000e+000,5.500103e+001,4.599999e-007,0.000000e+000,2,0.000000e+000,0.000000e+000,,,,,,,,,,,,,,32,1,4.000000e+000,1.052094e-002,0.000000e+000,0,,0,
1524134105.739,,0.000000e+000,5.499971e+001,4.620242e-007,0.000000e+000,2,0.000000e+000,0.000000e+000,,,,,,,,,,,,,,32,1,4.000000e+000,2.639771e-003,0.000000e+000,0,,0,
1524134119.521,,0.000000e+000,5.499577e+001,4.469547e-007,0.000000e+000,2,0.000000e+000,0.000000e+000,,,,,,,,,,,,,,32,1,4.000000e+000,5.249023e-003,0.000000e+000,0,,0,
1524134133.364,,0.000000e+000,5.500235e+001,4.328355e-007,0.000000e+000,2,0.000000e+000,0.000000e+000,,,,,,,,,,,,,,32,1,4.000000e+000,2.639771e-003,0.000000e+000,0,,0,
1524134147.386,,0.000000e+000,5.500037e+001,5.607404e-007,0.000000e+000,2,0.000000e+000,0.000000e+000,,,,,,,,,,,,,,32,1,4.000000e+000,1.319885e-003,0.000000e+000,0,,0,
1524134161.868,,0.000000e+000,5.499840e+001,5.395513e-007,0.000000e+000,2,0.000000e+000,0.000000e+000,,,,,,,,,,,,,,32,1,4.000000e+000,7.900238e-003,0.000000e+000,0,,0,
1524134175.780,,0.000000e+000,5.500103e+001,6.131618e-007,0.000000e+000,2,0.000000e+000,0.000000e+000,,,,,,,,,,,,,,32,1,4.000000e+000,1.052094e-002,0.000000e+000,0,,0,
1524134190.152,,0.000000e+000,5.500037e+001,5.891893e-007,0.000000e+000,2,0.000000e+000,0.000000e+000,,,,,,,,,,,,,,32,1,4.000000e+000,6.587982e-003,0.000000e+000,0,,0,
1524134202.642,,0.000000e+000,5.499840e+001,1.958024e-006,0.000000e+000,3,6.460478e-001,0.000000e+000,,,,,,,,,,,,,,32,1,4.000000e+000,5.260468e-003,0.000000e+000,0,,0,
1524134217.294,,0.000000e+000,5.499511e+001,5.291253e-007,0.000000e+000,2,0.000000e+000,0.000000e+000,,,,,,,,,,,,,,32,1,4.000000e+000,1.319885e-003,0.000000e+000,0,,0,
1524134231.766,,0.000000e+000,5.499972e+001,6.490324e-007,0.000000e+000,2,0.000000e+000,0.000000e+000,,,,,,,,,,,,,,32,1,4.000000e+000,5.268097e-003,0.000000e+000,0,,0,
1524134243.496,,0.000000e+000,5.499905e+001,2.058623e-006,0.000000e+000,3,6.683355e-001,0.000000e+000,,,,,,,,,,,,,,32,1,4.000000e+000,1.319885e-003,0.000000e+000,0,,0,
1524134256.216,,0.000000e+000,5.499905e+001,1.997889e-006,0.000000e+000,3,7.031437e-001,0.000000e+000,,,,,,,,,,,,,,32,1,4.000000e+000,1.319885e-003,0.000000e+000,0,,0,
1524134268.476,,0.000000e+000,5.499905e+001,2.125201e-006,0.000000e+000,3,6.478578e-001,0.000000e+000,,,,,,,,,,,,,,32,1,4.000000e+000,1.319885e-003,0.000000e+000,0,,0,
1524134280.896,,0.000000e+000,5.500103e+001,1.973991e-006,0.000000e+000,3,7.153974e-001,0.000000e+000,,,,,,,,,,,,,,32,1,4.000000e+000,2.639771e-003,0.000000e+000,0,,0,
1524134295.398,,0.000000e+000,5.500235e+001,6.571433e-007,0.000000e+000,2,0.000000e+000,0.000000e+000,,,,,,,,,,,,,,32,1,4.000000e+000,0.000000e+000,0.000000e+000,0,,0,
1524134307.508,,0.000000e+000,5.499774e+001,2.157022e-006,0.000000e+000,3,6.846051e-001,0.000000e+000,,,,,,,,,,,,,,32,1,4.000000e+000,6.580353e-003,0.000000e+000,0,,0,
1524134320.248,,0.000000e+000,5.499643e+001,2.090727e-006,0.000000e+000,3,7.326867e-001,0.000000e+000,,,,,,,,,,,,,,32,1,4.000000e+000,1.312256e-003,0.000000e+000,0,,0,
1524134334.590,,0.000000e+000,5.499577e+001,6.697983e-007,0.000000e+000,2,0.000000e+000,0.000000e+000,,,,,,,,,,,,,,32,1,4.000000e+000,7.888794e-003,0.000000e+000,0,,0,
1524134973.921,,0.000000e+000,5.500366e+001,2.250724e-006,0.000000e+000,3,7.722916e-001,0.000000e+000,,,,,,,,,,,,,,32,1,4.000000e+000,1.315689e-002,0.000000e+000,0,,0,
1524134986.221,,0.000000e+000,5.499577e+001,2.230252e-006,0.000000e+000,3,7.378550e-001,0.000000e+000,,,,,,,,,,,,,,32,1,4.000000e+000,2.632141e-003,0.000000e+000,0,,0,
1524134999.321,,0.000000e+000,5.499971e+001,2.219945e-006,0.000000e+000,3,7.851409e-001,0.000000e+000,,,,,,,,,,,,,,32,1,4.000000e+000,1.052094e-002,0.000000e+000,0,,0,
1524135011.861,,0.000000e+000,5.500037e+001,2.285475e-006,0.000000e+000,3,7.713837e-001,0.000000e+000,,,,,,,,,,,,,,32,1,4.000000e+000,9.201050e-003,0.000000e+000,0,,0,
1524135024.561,,0.000000e+000,5.499906e+001,2.236543e-006,0.000000e+000,3,7.841487e-001,0.000000e+000,,,,,,,,,,,,,,32,1,4.000000e+000,6.580353e-003,0.000000e+000,0,,0,
1524135037.091,,0.000000e+000,5.500037e+001,2.245378e-006,0.000000e+000,3,7.485578e-001,0.000000e+000,,,,,,,,,,,,,,32,1,4.000000e+000,1.319885e-003,0.000000e+000,0,,0,
1524135049.781,,0.000000e+000,5.500037e+001,2.244190e-006,0.000000e+000,3,7.818231e-001,0.000000e+000,,,,,,,,,,,,,,32,1,4.000000e+000,1.319885e-003,0.000000e+000,0,,0,
1524135062.341,,0.000000e+000,5.499380e+001,2.314172e-006,0.000000e+000,3,7.617514e-001,0.000000e+000,,,,,,,,,,,,,,32,1,4.000000e+000,1.182938e-002,0.000000e+000,0,,0,
1524135075.021,,0.000000e+000,5.499577e+001,2.245548e-006,0.000000e+000,3,7.767764e-001,0.000000e+000,,,,,,,,,,,,,,32,1,4.000000e+000,1.578903e-002,0.000000e+000,0,,0,
1524135087.551,,0.000000e+000,5.499841e+001,2.331399e-006,0.000000e+000,3,7.608792e-001,0.000000e+000,,,,,,,,,,,,,,32,1,4.000000e+000,1.052856e-002,0.000000e+000,0,,0,
1524135100.251,,0.000000e+000,5.499709e+001,2.281118e-006,0.000000e+000,3,7.921345e-001,0.000000e+000,,,,,,,,,,,,,,32,1,4.000000e+000,7.888794e-003,0.000000e+000,0,,0,
1524135112.791,,0.000000e+000,5.500103e+001,2.314774e-006,0.000000e+000,3,7.708844e-001,0.000000e+000,,,,,,,,,,,,,,32,1,4.000000e+000,0.000000e+000,0.000000e+000,0,,0,
1524135125.491,,0.000000e+000,5.500103e+001,2.245972e-006,0.000000e+000,3,7.959219e-001,0.000000e+000,,,,,,,,,,,,,,32,1,4.000000e+000,0.000000e+000,0.000000e+000,0,,0,
1524135138.031,,0.000000e+000,5.499905e+001,2.323826e-006,0.000000e+000,3,7.692453e-001,0.000000e+000,,,,,,,,,,,,,,32,1,4.000000e+000,3.948212e-003,0.000000e+000,0,,0,
1524135150.721,,0.000000e+000,5.500235e+001,2.256014e-006,0.000000e+000,3,7.911921e-001,0.000000e+000,,,,,,,,,,,,,,32,1,4.000000e+000,0.000000e+000,0.000000e+000,0,,0,
1524135163.271,,0.000000e+000,5.499840e+001,2.308601e-006,0.000000e+000,3,7.535484e-001,0.000000e+000,,,,,,,,,,,,,,32,1,4.000000e+000,7.900238e-003,0.000000e+000,0,,0,
1524135175.961,,0.000000e+000,5.499577e+001,2.264844e-006,0.000000e+000,3,7.876770e-001,0.000000e+000,,,,,,,,,,,,,,32,1,4.000000e+000,2.632141e-003,0.000000e+000,0,,0,
1524135188.501,,0.000000e+000,5.499972e+001,2.332422e-006,0.000000e+000,3,7.615229e-001,0.000000e+000,,,,,,,,,,,,,,32,1,4.000000e+000,5.268097e-003,0.000000e+000,0,,0,
1524135201.191,,0.000000e+000,5.500037e+001,2.269370e-006,0.000000e+000,3,7.887807e-001,0.000000e+000,,,,,,,,,,,,,,32,1,4.000000e+000,6.587982e-003,0.000000e+000,0,,0,
1524135213.731,,0.000000e+000,5.499643e+001,2.321797e-006,0.000000e+000,3,7.599854e-001,0.000000e+000,,,,,,,,,,,,,,32,1,4.000000e+000,1.312256e-003,0.000000e+000,0,,0,
1524135226.421,,0.000000e+000,5.499708e+001,2.263364e-006,0.000000e+000,3,7.966202e-001,0.000000e+000,,,,,,,,,,,,,,32,1,4.000000e+000,2.620697e-003,0.000000e+000,0,,0,
1524135238.971,,0.000000e+000,5.500037e+001,2.344708e-006,0.000000e+000,3,7.780707e-001,0.000000e+000,,,,,,,,,,,,,,32,1,4.000000e+000,3.959656e-003,0.000000e+000,0,,0,
1524135251.431,,0.000000e+000,5.500235e+001,2.303698e-006,0.000000e+000,3,7.886738e-001,0.000000e+000,,,,,,,,,,,,,,32,1,4.000000e+000,0.000000e+000,0.000000e+000,0,,0,
1524135263.991,,0.000000e+000,5.500103e+001,2.340504e-006,0.000000e+000,3,7.658704e-001,0.000000e+000,,,,,,,,,,,,,,32,1,4.000000e+000,2.639771e-003,0.000000e+000,0,,0,
1524135276.941,,0.000000e+000,5.499905e+001,2.287515e-006,0.000000e+000,3,7.822077e-001,0.000000e+000,,,,,,,,,,,,,,32,1,4.000000e+000,1.319885e-003,0.000000e+000,0,,0,
1524135289.501,,0.000000e+000,5.499248e+001,2.352446e-006,0.000000e+000,3,7.475748e-001,0.000000e+000,,,,,,,,,,,,,,32,1,4.000000e+000,1.319885e-003,0.000000e+000,0,,0,
1524135301.991,,0.000000e+000,5.499709e+001,2.328343e-006,0.000000e+000,3,7.784255e-001,0.000000e+000,,,,,,,,,,,,,,32,1,4.000000e+000,7.888794e-003,0.000000e+000,0,,0,
1524135314.481,,0.000000e+000,5.500103e+001,2.448984e-006,0.000000e+000,3,7.870227e-001,0.000000e+000,,,,,,,,,,,,,,32,1,4.000000e+000,0.000000e+000,0.000000e+000,0,,0,
1524135327.141,,0.000000e+000,5.500037e+001,2.305962e-006,0.000000e+000,3,7.652019e-001,0.000000e+000,,,,,,,,,,,,,,32,1,4.000000e+000,1.319885e-003,0.000000e+000,0,,0,
1524135339.921,,0.000000e+000,5.499643e+001,2.350040e-006,0.000000e+000,3,8.145568e-001,0.000000e+000,,,,,,,,,,,,,,32,1,4.000000e+000,6.568909e-003,0.000000e+000,0,,0,
1524135352.171,,0.000000e+000,5.499841e+001,2.362529e-006,0.000000e+000,3,7.620018e-001,0.000000e+000,,,,,,,,,,,,,,32,1,4.000000e+000,1.052856e-002,0.000000e+000,0,,0,
1524135364.521,,0.000000e+000,5.499642e+001,2.347378e-006,0.000000e+000,3,7.794869e-001,0.000000e+000,,,,,,,,,,,,,,32,1,4.000000e+000,3.940582e-003,0.000000e+000,0,,0,
1524135377.121,,0.000000e+000,5.499511e+001,2.327744e-006,0.000000e+000,3,7.647673e-001,0.000000e+000,,,,,,,,,,,,,,32,1,4.000000e+000,1.319885e-003,0.000000e+000,0,,0,
1524135390.211,,0.000000e+000,5.499445e+001,2.397892e-006,0.000000e+000,3,8.090130e-001,0.000000e+000,,,,,,,,,,,,,,32,1,4.000000e+000,2.628326e-003,0.000000e+000,0,,0,
1524135402.361,,0.000000e+000,5.499314e+001,2.384876e-006,0.000000e+000,3,7.849470e-001,0.000000e+000,,,,,,,,,,,,,,32,1,4.000000e+000,0.000000e+000,0.000000e+000,0,,0,
1524135415.121,,0.000000e+000,5.499511e+001,2.400631e-006,0.000000e+000,3,8.025584e-001,0.000000e+000,,,,,,,,,,,,,,32,1,4.000000e+000,3.940582e-003,0.000000e+000,0,,0,
1524135427.721,,0.000000e+000,5.499643e+001,2.354122e-006,0.000000e+000,3,7.863963e-001,0.000000e+000,,,,,,,,,,,,,,32,1,4.000000e+000,1.312256e-003,0.000000e+000,0,,0,
1524135440.131,,0.000000e+000,5.500234e+001,2.375077e-006,0.000000e+000,3,8.093823e-001,0.000000e+000,,,,,,,,,,,,,,32,1,4.000000e+000,5.260468e-003,0.000000e+000,0,,0,
1524135452.771,,0.000000e+000,5.500037e+001,2.456606e-006,0.000000e+000,3,7.890193e-001,0.000000e+000,,,,,,,,,,,,,,32,1,4.000000e+000,1.319885e-003,0.000000e+000,0,,0,
1524135465.361,,0.000000e+000,5.499905e+001,2.342563e-006,0.000000e+000,3,8.093953e-001,0.000000e+000,,,,,,,,,,,,,,32,1,4.000000e+000,3.948212e-003,0.000000e+000,0,,0,
1524135477.741,,0.000000e+000,5.499905e+001,2.387378e-006,0.000000e+000,3,7.966160e-001,0.000000e+000,,,,,,,,,,,,,,32,1,4.000000e+000,3.948212e-003,0.000000e+000,0,,0,
1524135490.831,,0.000000e+000,5.500300e+001,2.382201e-006,0.000000e+000,3,8.122318e-001,0.000000e+000,,,,,,,,,,,,,,32,1,4.000000e+000,3.940582e-003,0.000000e+000,0,,0,
1524135503.371,,0.000000e+000,5.499248e+001,2.450405e-006,0.000000e+000,3,8.034313e-001,0.000000e+000,,,,,,,,,,,,,,32,1,4.000000e+000,6.580353e-003,0.000000e+000,0,,0,
1524135515.841,,0.000000e+000,5.499577e+001,2.397082e-006,0.000000e+000,3,8.082458e-001,0.000000e+000,,,,,,,,,,,,,,32,1,4.000000e+000,0.000000e+000,0.000000e+000,0,,0,
1524135528.401,,0.000000e+000,5.500103e+001,2.468090e-006,0.000000e+000,3,7.955436e-001,0.000000e+000,,,,,,,,,,,,,,32,1,4.000000e+000,1.052094e-002,0.000000e+000,0,,0,
1524135541.361,,0.000000e+000,5.500300e+001,2.365354e-006,0.000000e+000,3,8.141872e-001,0.000000e+000,,,,,,,,,,,,,,32,1,4.000000e+000,6.580353e-003,0.000000e+000,0,,0,
1524135553.821,,0.000000e+000,5.500169e+001,2.488128e-006,0.000000e+000,3,8.411714e-001,0.000000e+000,,,,,,,,,,,,,,32,1,4.000000e+000,3.959656e-003,0.000000e+000,0,,0,
1524135566.152,,0.000000e+000,5.500235e+001,2.452535e-006,0.000000e+000,3,8.152429e-001,0.000000e+000,,,,,,,,,,,,,,32,1,4.000000e+000,2.639771e-003,0.000000e+000,0,,0,
1524135578.462,,0.000000e+000,5.499840e+001,2.510150e-006,0.000000e+000,3,8.352422e-001,0.000000e+000,,,,,,,,,,,,,,32,1,4.000000e+000,5.260468e-003,0.000000e+000,0,,0,
1524135591.032,,0.000000e+000,5.499840e+001,2.464317e-006,0.000000e+000,3,8.013474e-001,0.000000e+000,,,,,,,,,,,,,,32,1,4.000000e+000,5.260468e-003,0.000000e+000,0,,0,
1524135603.822,,0.000000e+000,5.500037e+001,2.362876e-006,0.000000e+000,3,8.333088e-001,0.000000e+000,,,,,,,,,,,,,,32,1,4.000000e+000,1.319885e-003,0.000000e+000,0,,0,
1524135616.512,,0.000000e+000,5.499840e+001,2.483988e-006,0.000000e+000,3,8.078300e-001,0.000000e+000,,,,,,,,,,,,,,32,1,4.000000e+000,2.628326e-003,0.000000e+000,0,,0,
1524135628.832,,0.000000e+000,5.499117e+001,2.374662e-006,0.000000e+000,3,8.227803e-001,0.000000e+000,,,,,,,,,,,,,,32,1,4.000000e+000,6.568909e-003,0.000000e+000,0,,0,
1524135641.752,,0.000000e+000,5.499840e+001,2.527377e-006,0.000000e+000,3,7.936929e-001,0.000000e+000,,,,,,,,,,,,,,32,1,4.000000e+000,2.628326e-003,0.000000e+000,0,,0,
1524135654.552,,0.000000e+000,5.499840e+001,2.427259e-006,0.000000e+000,3,8.105346e-001,0.000000e+000,,,,,,,,,,,,,,32,1,4.000000e+000,2.628326e-003,0.000000e+000,0,,0,
1524135667.022,,0.000000e+000,5.499445e+001,2.529609e-006,0.000000e+000,3,8.024482e-001,0.000000e+000,,,,,,,,,,,,,,32,1,4.000000e+000,5.260468e-003,0.000000e+000,0,,0,
1524135679.932,,0.000000e+000,5.499248e+001,2.424208e-006,0.000000e+000,3,8.138226e-001,0.000000e+000,,,,,,,,,,,,,,32,1,4.000000e+000,6.580353e-003,0.000000e+000,0,,0,
1524135693.002,,0.000000e+000,5.500234e+001,2.465898e-006,0.000000e+000,3,8.256553e-001,0.000000e+000,,,,,,,,,,,,,,32,1,4.000000e+000,5.260468e-003,0.000000e+000,0,,0,
1524135704.982,,0.000000e+000,5.499840e+001,2.457666e-006,0.000000e+000,3,8.039661e-001,0.000000e+000,,,,,,,,,,,,,,32,1,4.000000e+000,2.628326e-003,0.000000e+000,0,,0,
1524135717.922,,0.000000e+000,5.499774e+001,2.462582e-006,0.000000e+000,3,8.239359e-001,0.000000e+000,,,,,,,,,,,,,,32,1,4.000000e+000,6.580353e-003,0.000000e+000,0,,0,
1524135730.592,,0.000000e+000,5.499708e+001,2.529601e-006,0.000000e+000,3,8.151199e-001,0.000000e+000,,,,,,,,,,,,,,32,1,4.000000e+000,5.260468e-003,0.000000e+000,0,,0,
1524135743.562,,0.000000e+000,5.499905e+001,2.402360e-006,0.000000e+000,3,8.272315e-001,0.000000e+000,,,,,,,,,,,,,,32,1,4.000000e+000,1.319885e-003,0.000000e+000,0,,0,
1524135755.952,,0.000000e+000,5.499905e+001,2.474375e-006,0.000000e+000,3,8.014607e-001,0.000000e+000,,,,,,,,,,,,,,32,1,4.000000e+000,3.948212e-003,0.000000e+000,0,,0,
1524135768.662,,0.000000e+000,5.499445e+001,2.470699e-006,0.000000e+000,3,8.169290e-001,0.000000e+000,,,,,,,,,,,,,,32,1,4.000000e+000,5.260468e-003,0.000000e+000,0,,0,
1524135781.032,,0.000000e+000,5.499906e+001,2.523114e-006,0.000000e+000,3,8.055983e-001,0.000000e+000,,,,,,,,,,,,,,32,1,4.000000e+000,6.580353e-003,0.000000e+000,0,,0,
1524135793.842,,0.000000e+000,5.499905e+001,2.474395e-006,0.000000e+000,3,8.162940e-001,0.000000e+000,,,,,,,,,,,,,,32,1,4.000000e+000,1.319885e-003,0.000000e+000,0,,0,
1524135806.292,,0.000000e+000,5.499708e+001,2.498666e-006,0.000000e+000,3,8.059387e-001,0.000000e+000,,,,,,,,,,,,,,32,1,4.000000e+000,5.260468e-003,0.000000e+000,0,,0,
1524135818.542,,0.000000e+000,5.500037e+001,2.490499e-006,0.000000e+000,3,8.168352e-001,0.000000e+000,,,,,,,,,,,,,,32,1,4.000000e+000,1.319885e-003,0.000000e+000,0,,0,
1524135831.032,,0.000000e+000,5.499839e+001,2.517701e-006,0.000000e+000,3,8.118992e-001,0.000000e+000,,,,,,,,,,,,,,32,1,4.000000e+000,0.000000e+000,0.000000e+000,0,,0,
1524135843.782,,0.000000e+000,5.499577e+001,2.475857e-006,0.000000e+000,3,8.231698e-001,0.000000e+000,,,,,,,,,,,,,,32,1,4.000000e+000,5.249023e-003,0.000000e+000,0,,0,
1524135856.162,,0.000000e+000,5.499117e+001,2.531815e-006,0.000000e+000,3,8.115562e-001,0.000000e+000,,,,,,,,,,,,,,32,1,4.000000e+000,3.952026e-003,0.000000e+000,0,,0,
1524135868.992,,0.000000e+000,5.499643e+001,2.501677e-006,0.000000e+000,3,8.238052e-001,0.000000e+000,,,,,,,,,,,,,,32,1,4.000000e+000,1.184082e-002,0.000000e+000,0,,0,
1524135881.702,,0.000000e+000,5.499839e+001,2.614131e-006,0.000000e+000,3,8.354768e-001,0.000000e+000,,,,,,,,,,,,,,32,1,4.000000e+000,0.000000e+000,0.000000e+000,0,,0,
1524135894.152,,0.000000e+000,5.499905e+001,2.530084e-006,0.000000e+000,3,8.474391e-001,0.000000e+000,,,,,,,,,,,,,,32,1,4.000000e+000,1.319885e-003,0.000000e+000,0,,0,
1524135906.902,,0.000000e+000,5.499840e+001,2.626493e-006,0.000000e+000,3,8.330412e-001,0.000000e+000,,,,,,,,,,,,,,32,1,4.000000e+000,2.628326e-003,0.000000e+000,0,,0,
1524135919.162,,0.000000e+000,5.499708e+001,2.542881e-006,0.000000e+000,3,8.231934e-001,0.000000e+000,,,,,,,,,,,,,,32,1,4.000000e+000,5.260468e-003,0.000000e+000,0,,0,
1524135931.862,,0.000000e+000,5.499642e+001,2.569640e-006,0.000000e+000,3,8.207503e-001,0.000000e+000,,,,,,,,,,,,,,32,1,4.000000e+000,3.940582e-003,0.000000e+000,0,,0,
1524135944.172,,0.000000e+000,5.499840e+001,2.594734e-006,0.000000e+000,3,8.168550e-001,0.000000e+000,,,,,,,,,,,,,,32,1,4.000000e+000,2.628326e-003,0.000000e+000,0,,0,
1524135956.752,,0.000000e+000,5.499905e+001,2.435743e-006,0.000000e+000,3,8.588504e-001,0.000000e+000,,,,,,,,,,,,,,32,1,4.000000e+000,3.948212e-003,0.000000e+000,0,,0,
1524135969.132,,0.000000e+000,5.499380e+001,2.590375e-006,0.000000e+000,3,8.168634e-001,0.000000e+000,,,,,,,,,,,,,,32,1,4.000000e+000,6.572723e-003,0.000000e+000,0,,0,
1524135981.792,,0.000000e+000,5.499643e+001,2.518204e-006,0.000000e+000,3,8.416559e-001,0.000000e+000,,,,,,,,,,,,,,32,1,4.000000e+000,1.184082e-002,0.000000e+000,0,,0,
1524135994.332,,0.000000e+000,5.500301e+001,2.604820e-006,0.000000e+000,3,8.214754e-001,0.000000e+000,,,,,,,,,,,,,,32,1,4.000000e+000,1.319885e-003,0.000000e+000,0,,0,
1524136007.022,,0.000000e+000,5.500432e+001,2.540675e-006,0.000000e+000,3,8.352598e-001,0.000000e+000,,,,,,,,,,,,,,32,1,4.000000e+000,1.300812e-003,0.000000e+000,0,,0,
1524136019.572,,0.000000e+000,5.499051e+001,2.573636e-006,0.000000e+000,3,8.269547e-001,0.000000e+000,,,,,,,,,,,,,,32,1,4.000000e+000,2.632141e-003,0.000000e+000,0,,0,
1524136032.492,,0.000000e+000,5.500169e+001,2.577412e-006,0.000000e+000,3,8.370502e-001,0.000000e+000,,,,,,,,,,,,,,32,1,4.000000e+000,3.959656e-003,0.000000e+000,0,,0,
1524136044.762,,0.000000e+000,5.499708e+001,2.623397e-006,0.000000e+000,3,8.192714e-001,0.000000e+000,,,,,,,,,,,,,,32,1,4.000000e+000,2.620697e-003,0.000000e+000,0,,0,
1524136057.152,,0.000000e+000,5.500103e+001,2.568481e-006,0.000000e+000,3,8.278738e-001,0.000000e+000,,,,,,,,,,,,,,32,1,4.000000e+000,2.639771e-003,0.000000e+000,0,,0,
1524136069.632,,0.000000e+000,5.499972e+001,2.602883e-006,0.000000e+000,3,8.098772e-001,0.000000e+000,,,,,,,,,,,,,,32,1,4.000000e+000,5.268097e-003,0.000000e+000,0,,0,
1524136082.402,,0.000000e+000,5.500103e+001,2.568204e-006,0.000000e+000,3,8.195271e-001,0.000000e+000,,,,,,,,,,,,,,32,1,4.000000e+000,7.888794e-003,0.000000e+000,0,,0,
1524136094.742,,0.000000e+000,5.500497e+001,2.680601e-006,0.000000e+000,3,8.303666e-001,0.000000e+000,,,,,,,,,,,,,,32,1,4.000000e+000,1.052856e-002,0.000000e+000,0,,0,
1524136107.672,,0.000000e+000,5.499708e+001,2.609565e-006,0.000000e+000,3,8.520952e-001,0.000000e+000,,,,,,,,,,,,,,32,1,4.000000e+000,0.000000e+000,0.000000e+000,0,,0,
1524136119.792,,0.000000e+000,5.500300e+001,2.657110e-006,0.000000e+000,3,8.207554e-001,0.000000e+000,,,,,,,,,,,,,,32,1,4.000000e+000,3.940582e-003,0.000000e+000,0,,0,
1524136132.462,,0.000000e+000,5.499839e+001,2.649619e-006,0.000000e+000,3,8.574298e-001,0.000000e+000,,,,,,,,,,,,,,32,1,4.000000e+000,0.000000e+000,0.000000e+000,0,,0,
1524136145.022,,0.000000e+000,5.500037e+001,2.726446e-006,0.000000e+000,3,8.439825e-001,0.000000e+000,,,,,,,,,,,,,,32,1,4.000000e+000,1.319885e-003,0.000000e+000,0,,0,
1524136157.772,,0.000000e+000,5.499971e+001,2.568923e-006,0.000000e+000,3,8.289025e-001,0.000000e+000,,,,,,,,,,,,,,32,1,4.000000e+000,2.639771e-003,0.000000e+000,0,,0,
1524136170.282,,0.000000e+000,5.500103e+001,2.623659e-006,0.000000e+000,3,8.334857e-001,0.000000e+000,,,,,,,,,,,,,,32,1,4.000000e+000,0.000000e+000,0.000000e+000,0,,0,
1524136182.782,,0.000000e+000,5.499643e+001,2.623729e-006,0.000000e+000,3,8.222086e-001,0.000000e+000,,,,,,,,,,,,,,32,1,4.000000e+000,9.208679e-003,0.000000e+000,0,,0,
1524136195.742,,0.000000e+000,5.499577e+001,2.544426e-006,0.000000e+000,3,8.380401e-001,0.000000e+000,,,,,,,,,,,,,,32,1,4.000000e+000,7.888794e-003,0.000000e+000,0,,0,
1524136208.412,,0.000000e+000,5.499708e+001,2.634161e-006,0.000000e+000,3,8.270322e-001,0.000000e+000,,,,,,,,,,,,,,32,1,4.000000e+000,5.260468e-003,0.000000e+000,0,,0,
1524136221.372,,0.000000e+000,5.499642e+001,2.607284e-006,0.000000e+000,3,8.545527e-001,0.000000e+000,,,,,,,,,,,,,,32,1,4.000000e+000,3.940582e-003,0.000000e+000,0,,0,
1524136234.252,,0.000000e+000,5.499773e+001,2.688676e-006,0.000000e+000,3,8.325385e-001,0.000000e+000,,,,,,,,,,,,,,32,1,4.000000e+000,1.308441e-003,0.000000e+000,0,,0,
1524136246.792,,0.000000e+000,5.499117e+001,2.651668e-006,0.000000e+000,3,8.426859e-001,0.000000e+000,,,,,,,,,,,,,,32,1,4.000000e+000,1.183319e-002,0.000000e+000,0,,0,
1524136259.682,,0.000000e+000,5.499511e+001,2.660025e-006,0.000000e+000,3,8.602311e-001,0.000000e+000,,,,,,,,,,,,,,32,1,4.000000e+000,1.972198e-002,0.000000e+000,0,,0,
1524136272.322,,0.000000e+000,5.499905e+001,2.695983e-006,0.000000e+000,3,8.238241e-001,0.000000e+000,,,,,,,,,,,,,,32,1,4.000000e+000,1.182938e-002,0.000000e+000,0,,0,
1524136285.563,,0.000000e+000,5.499511e+001,2.622535e-006,0.000000e+000,3,8.422671e-001,0.000000e+000,,,,,,,,,,,,,,32,1,4.000000e+000,3.940582e-003,0.000000e+000,0,,0,
1524136297.933,,0.000000e+000,5.499839e+001,2.675826e-006,0.000000e+000,3,8.325047e-001,0.000000e+000,,,,,,,,,,,,,,32,1,4.000000e+000,0.000000e+000,0.000000e+000,0,,0,
1524136310.623,,0.000000e+000,5.499248e+001,2.637698e-006,0.000000e+000,3,8.512357e-001,0.000000e+000,,,,,,,,,,,,,,32,1,4.000000e+000,1.319885e-003,0.000000e+000,0,,0,
1524136323.013,,0.000000e+000,5.500103e+001,2.682957e-006,0.000000e+000,3,8.285617e-001,0.000000e+000,,,,,,,,,,,,,,32,1,4.000000e+000,2.639771e-003,0.000000e+000,0,,0,
1524136335.833,,0.000000e+000,5.500037e+001,2.647233e-006,0.000000e+000,3,8.403920e-001,0.000000e+000,,,,,,,,,,,,,,32,1,4.000000e+000,1.319885e-003,0.000000e+000,0,,0,
1524136348.283,,0.000000e+000,5.500695e+001,2.701639e-006,0.000000e+000,3,8.276784e-001,0.000000e+000,,,,,,,,,,,,,,32,1,4.000000e+000,1.319885e-003,0.000000e+000,0,,0,
1524136361.103,,0.000000e+000,5.500300e+001,2.628746e-006,0.000000e+000,3,8.442411e-001,0.000000e+000,,,,,,,,,,,,,,32,1,4.000000e+000,9.220123e-003,0.000000e+000,0,,0,
1524136373.653,,0.000000e+000,5.500169e+001,2.672642e-006,0.000000e+000,3,8.290406e-001,0.000000e+000,,,,,,,,,,,,,,32,1,4.000000e+000,1.184082e-002,0.000000e+000,0,,0,
1524136386.313,,0.000000e+000,5.499775e+001,2.650281e-006,0.000000e+000,3,8.353540e-001,0.000000e+000,,,,,,,,,,,,,,32,1,4.000000e+000,9.208679e-003,0.000000e+000,0,,0,
1524136398.733,,0.000000e+000,5.500037e+001,2.679468e-006,0.000000e+000,3,8.239089e-001,0.000000e+000,,,,,,,,,,,,,,32,1,4.000000e+000,6.587982e-003,0.000000e+000,0,,0,
1524136411.573,,0.000000e+000,5.499905e+001,2.636685e-006,0.000000e+000,3,8.434047e-001,0.000000e+000,,,,,,,,,,,,,,32,1,4.000000e+000,3.948212e-003,0.000000e+000,0,,0,
1524136423.953,,0.000000e+000,5.499380e+001,2.697960e-006,0.000000e+000,3,8.269427e-001,0.000000e+000,,,,,,,,,,,,,,32,1,4.000000e+000,6.572723e-003,0.000000e+000,0,,0,
1524136436.793,,0.000000e+000,5.499775e+001,2.659868e-006,0.000000e+000,3,8.590892e-001,0.000000e+000,,,,,,,,,,,,,,32,1,4.000000e+000,9.208679e-003,0.000000e+000,0,,0,
1524136449.193,,0.000000e+000,5.500497e+001,2.712627e-006,0.000000e+000,3,8.354362e-001,0.000000e+000,,,,,,,,,,,,,,32,1,4.000000e+000,7.888794e-003,0.000000e+000,0,,0,
1524136462.053,,0.000000e+000,5.500169e+001,2.682575e-006,0.000000e+000,3,8.416609e-001,0.000000e+000,,,,,,,,,,,,,,32,1,4.000000e+000,1.319885e-003,0.000000e+000,0,,0,
1524136474.473,,0.000000e+000,5.500037e+001,2.716779e-006,0.000000e+000,3,8.255550e-001,0.000000e+000,,,,,,,,,,,,,,32,1,4.000000e+000,3.959656e-003,0.000000e+000,0,,0,
1524136487.253,,0.000000e+000,5.499773e+001,2.715893e-006,0.000000e+000,3,8.459851e-001,0.000000e+000,,,,,,,,,,,,,,32,1,4.000000e+000,1.308441e-003,0.000000e+000,0,,0,
1524136499.703,,0.000000e+000,5.500103e+001,2.746169e-006,0.000000e+000,3,8.329120e-001,0.000000e+000,,,,,,,,,,,,,,32,1,4.000000e+000,1.841736e-002,0.000000e+000,0,,0,
1524136511.903,,0.000000e+000,5.499380e+001,2.668826e-006,0.000000e+000,3,8.541896e-001,0.000000e+000,,,,,,,,,,,,,,32,1,4.000000e+000,3.948212e-003,0.000000e+000,0,,0,
1524136524.423,,0.000000e+000,5.499971e+001,2.750872e-006,0.000000e+000,3,8.401797e-001,0.000000e+000,,,,,,,,,,,,,,32,1,4.000000e+000,2.639771e-003,0.000000e+000,0,,0,
1524136537.193,,0.000000e+000,5.499906e+001,2.691107e-006,0.000000e+000,3,8.377177e-001,0.000000e+000,,,,,,,,,,,,,,32,1,4.000000e+000,9.220123e-003,0.000000e+000,0,,0,
1524136549.573,,0.000000e+000,5.500037e+001,2.749069e-006,0.000000e+000,3,8.409958e-001,0.000000e+000,,,,,,,,,,,,,,32,1,4.000000e+000,1.319885e-003,0.000000e+000,0,,0,
1524136562.373,,0.000000e+000,5.499183e+001,2.703807e-006,0.000000e+000,3,8.414032e-001,0.000000e+000,,,,,,,,,,,,,,32,1,4.000000e+000,2.632141e-003,0.000000e+000,0,,0,
1524136574.803,,0.000000e+000,5.499577e+001,2.751057e-006,0.000000e+000,3,8.325756e-001,0.000000e+000,,,,,,,,,,,,,,32,1,4.000000e+000,7.888794e-003,0.000000e+000,0,,0,
1524136587.683,,0.000000e+000,5.499709e+001,2.740968e-006,0.000000e+000,3,8.437186e-001,0.000000e+000,,,,,,,,,,,,,,32,1,4.000000e+000,7.888794e-003,0.000000e+000,0,,0,
1524136600.133,,0.000000e+000,5.500103e+001,2.742615e-006,0.000000e+000,3,8.300435e-001,0.000000e+000,,,,,,,,,,,,,,32,1,4.000000e+000,0.000000e+000,0.000000e+000,0,,0,
1524136612.343,,0.000000e+000,5.499248e+001,2.717662e-006,0.000000e+000,3,8.491161e-001,0.000000e+000,,,,,,,,,,,,,,32,1,4.000000e+000,6.580353e-003,0.000000e+000,0,,0,
1524136624.813,,0.000000e+000,5.499708e+001,2.736699e-006,0.000000e+000,3,8.438345e-001,0.000000e+000,,,,,,,,,,,,,,32,1,4.000000e+000,2.620697e-003,0.000000e+000,0,,0,
1524136637.573,,0.000000e+000,5.499511e+001,2.732943e-006,0.000000e+000,3,8.500130e-001,0.000000e+000,,,,,,,,,,,,,,32,1,4.000000e+000,9.201050e-003,0.000000e+000,0,,0,
1524136650.273,,0.000000e+000,5.499313e+001,2.755589e-006,0.000000e+000,3,8.271702e-001,0.000000e+000,,,,,,,,,,,,,,32,1,4.000000e+000,2.628326e-003,0.000000e+000,0,,0,
1524136662.803,,0.000000e+000,5.499708e+001,2.784934e-006,0.000000e+000,3,8.751661e-001,0.000000e+000,,,,,,,,,,,,,,32,1,4.000000e+000,5.260468e-003,0.000000e+000,0,,0,
1524136675.473,,0.000000e+000,5.499445e+001,2.854540e-006,0.000000e+000,3,8.521236e-001,0.000000e+000,,,,,,,,,,,,,,32,1,4.000000e+000,2.628326e-003,0.000000e+000,0,,0,
1524136688.003,,0.000000e+000,5.499643e+001,2.702904e-006,0.000000e+000,3,8.497393e-001,0.000000e+000,,,,,,,,,,,,,,32,1,4.000000e+000,1.312256e-003,0.000000e+000,0,,0,
1524136700.703,,0.000000e+000,5.499773e+001,2.838450e-006,0.000000e+000,3,8.610496e-001,0.000000e+000,,,,,,,,,,,,,,32,1,4.000000e+000,1.308441e-003,0.000000e+000,0,,0,
1524136713.433,,0.000000e+000,5.500169e+001,2.766609e-006,0.000000e+000,3,8.570207e-001,0.000000e+000,,,,,,,,,,,,,,32,1,4.000000e+000,1.319885e-003,0.000000e+000,0,,0,
1524136726.583,,0.000000e+000,5.499642e+001,2.778723e-006,0.000000e+000,3,8.508661e-001,0.000000e+000,,,,,,,,,,,,,,32,1,4.000000e+000,3.940582e-003,0.000000e+000,0,,0,
1524136739.513,,0.000000e+000,5.499708e+001,2.805682e-006,0.000000e+000,3,8.470120e-001,0.000000e+000,,,,,,,,,,,,,,32,1,4.000000e+000,5.260468e-003,0.000000e+000,0,,0,
1524136752.213,,0.000000e+000,5.499905e+001,2.760328e-006,0.000000e+000,3,8.653563e-001,0.000000e+000,,,,,,,,,,,,,,32,1,4.000000e+000,3.948212e-003,0.000000e+000,0,,0,
1524136764.713,,0.000000e+000,5.500037e+001,2.785686e-006,0.000000e+000,3,8.359917e-001,0.000000e+000,,,,,,,,,,,,,,32,1,4.000000e+000,1.319885e-003,0.000000e+000,0,,0,
1524136777.463,,0.000000e+000,5.499971e+001,2.792609e-006,0.000000e+000,3,8.673687e-001,0.000000e+000,,,,,,,,,,,,,,32,1,4.000000e+000,2.639771e-003,0.000000e+000,0,,0,
1524136789.983,,0.000000e+000,5.500169e+001,2.826042e-006,0.000000e+000,3,8.421718e-001,0.000000e+000,,,,,,,,,,,,,,32,1,4.000000e+000,1.319885e-003,0.000000e+000,0,,0,
1524136802.693,,0.000000e+000,5.499840e+001,2.775433e-006,0.000000e+000,3,8.584142e-001,0.000000e+000,,,,,,,,,,,,,,32,1,4.000000e+000,2.628326e-003,0.000000e+000,0,,0,
1524136815.133,,0.000000e+000,5.500037e+001,2.807603e-006,0.000000e+000,3,8.393281e-001,0.000000e+000,,,,,,,,,,,,,,32,1,4.000000e+000,1.319885e-003,0.000000e+000,0,,0,
1524136827.923,,0.000000e+000,5.499708e+001,2.823583e-006,0.000000e+000,3,8.674614e-001,0.000000e+000,,,,,,,,,,,,,,32,1,4.000000e+000,0.000000e+000,0.000000e+000,0,,0,
1524136840.413,,0.000000e+000,5.499643e+001,2.823675e-006,0.000000e+000,3,8.442675e-001,0.000000e+000,,,,,,,,,,,,,,32,1,4.000000e+000,1.312256e-003,0.000000e+000,0,,0,
1524136853.153,,0.000000e+000,5.499972e+001,2.813613e-006,0.000000e+000,3,8.670787e-001,0.000000e+000,,,,,,,,,,,,,,32,1,4.000000e+000,5.268097e-003,0.000000e+000,0,,0,
1524136865.563,,0.000000e+000,5.499840e+001,2.863356e-006,0.000000e+000,3,8.522676e-001,0.000000e+000,,,,,,,,,,,,,,32,1,4.000000e+000,2.628326e-003,0.000000e+000,0,,0,
1524136878.373,,0.000000e+000,5.499839e+001,2.824763e-006,0.000000e+000,3,8.511887e-001,0.000000e+000,,,,,,,,,,,,,,32,1,4.000000e+000,0.000000e+000,0.000000e+000,0,,0,
1524136890.853,,0.000000e+000,5.499773e+001,2.872701e-006,0.000000e+000,3,8.356501e-001,0.000000e+000,,,,,,,,,,,,,,32,1,4.000000e+000,1.308441e-003,0.000000e+000,0,,0,
1524136903.633,,0.000000e+000,5.499905e+001,2.871614e-006,0.000000e+000,3,8.532510e-001,0.000000e+000,,,,,,,,,,,,,,32,1,4.000000e+000,3.948212e-003,0.000000e+000,0,,0,
1524136916.123,,0.000000e+000,5.499905e+001,2.868700e-006,0.000000e+000,3,8.528823e-001,0.000000e+000,,,,,,,,,,,,,,32,1,4.000000e+000,3.948212e-003,0.000000e+000,0,,0,
1524136929.363,,0.000000e+000,5.500103e+001,2.843353e-006,0.000000e+000,3,8.721313e-001,0.000000e+000,,,,,,,,,,,,,,32,1,4.000000e+000,7.888794e-003,0.000000e+000,0,,0,
1524136941.523,,0.000000e+000,5.499643e+001,2.899770e-006,0.000000e+000,3,8.728136e-001,0.000000e+000,,,,,,,,,,,,,,32,1,4.000000e+000,9.208679e-003,0.000000e+000,0,,0,
1524136954.113,,0.000000e+000,5.499643e+001,2.873791e-006,0.000000e+000,3,8.719089e-001,0.000000e+000,,,,,,,,,,,,,,32,1,4.000000e+000,1.184082e-002,0.000000e+000,0,,0,
1524136966.793,,0.000000e+000,5.499511e+001,2.887695e-006,0.000000e+000,3,8.680767e-001,0.000000e+000,,,,,,,,,,,,,,32,1,4.000000e+000,1.319885e-003,0.000000e+000,0,,0,
1524136979.313,,0.000000e+000,5.499182e+001,2.756212e-006,0.000000e+000,3,8.622515e-001,0.000000e+000,,,,,,,,,,,,,,32,1,4.000000e+000,5.260468e-003,0.000000e+000,0,,0,
1524136991.604,,0.000000e+000,5.499708e+001,2.873007e-006,0.000000e+000,3,8.474850e-001,0.000000e+000,,,,,,,,,,,,,,32,1,4.000000e+000,5.260468e-003,0.000000e+000,0,,0,
1524137004.074,,0.000000e+000,5.500958e+001,2.815987e-006,0.000000e+000,3,8.528381e-001,0.000000e+000,,,,,,,,,,,,,,32,1,4.000000e+000,3.940582e-003,0.000000e+000,0,,0,
1524137016.904,,0.000000e+000,5.499511e+001,2.854051e-006,0.000000e+000,3,8.461230e-001,0.000000e+000,,,,,,,,,,,,,,32,1,4.000000e+000,9.201050e-003,0.000000e+000,0,,0,
1524137029.414,,0.000000e+000,5.499380e+001,2.827563e-006,0.000000e+000,3,8.594365e-001,0.000000e+000,,,,,,,,,,,,,,32,1,4.000000e+000,6.572723e-003,0.000000e+000,0,,0,
1524137042.184,,0.000000e+000,5.499117e+001,2.819821e-006,0.000000e+000,3,8.711790e-001,0.000000e+000,,,,,,,,,,,,,,32,1,4.000000e+000,1.312256e-003,0.000000e+000,0,,0,
1524137054.854,,0.000000e+000,5.499313e+001,2.914720e-006,0.000000e+000,3,8.522534e-001,0.000000e+000,,,,,,,,,,,,,,32,1,4.000000e+000,2.628326e-003,0.000000e+000,0,,0,
1524137067.814,,0.000000e+000,5.499905e+001,2.856124e-006,0.000000e+000,3,8.623022e-001,0.000000e+000,,,,,,,,,,,,,,32,1,4.000000e+000,1.319885e-003,0.000000e+000,0,,0,
1524137080.174,,0.000000e+000,5.499183e+001,2.918226e-006,0.000000e+000,3,8.378954e-001,0.000000e+000,,,,,,,,,,,,,,32,1,4.000000e+000,7.888794e-003,0.000000e+000,0,,0,
1524137092.874,,0.000000e+000,5.500103e+001,2.886658e-006,0.000000e+000,3,8.554180e-001,0.000000e+000,,,,,,,,,,,,,,32,1,4.000000e+000,7.888794e-003,0.000000e+000,0,,0,
1524137105.024,,0.000000e+000,5.500169e+001,2.962632e-006,0.000000e+000,3,8.448514e-001,0.000000e+000,,,,,,,,,,,,,,32,1,4.000000e+000,3.959656e-003,0.000000e+000,0,,0,
1524137117.664,,0.000000e+000,5.499577e+001,2.909135e-006,0.000000e+000,3,8.808926e-001,0.000000e+000,,,,,,,,,,,,,,32,1,4.000000e+000,2.632141e-003,0.000000e+000,0,,0,
1524137130.284,,0.000000e+000,5.500037e+001,2.939161e-006,0.000000e+000,3,8.739491e-001,0.000000e+000,,,,,,,,,,,,,,32,1,4.000000e+000,1.319885e-003,0.000000e+000,0,,0,
1524137143.004,,0.000000e+000,5.500037e+001,2.841758e-006,0.000000e+000,3,8.634790e-001,0.000000e+000,,,,,,,,,,,,,,32,1,4.000000e+000,1.319885e-003,0.000000e+000,0,,0,
1524137156.064,,0.000000e+000,5.499840e+001,2.899929e-006,0.000000e+000,3,8.807350e-001,0.000000e+000,,,,,,,,,,,,,,32,1,4.000000e+000,5.260468e-003,0.000000e+000,0,,0,
1524137168.004,,0.000000e+000,5.499906e+001,2.879917e-006,0.000000e+000,3,8.585907e-001,0.000000e+000,,,,,,,,,,,,,,32,1,4.000000e+000,6.580353e-003,0.000000e+000,0,,0,
1524137180.564,,0.000000e+000,5.500169e+001,2.898906e-006,0.000000e+000,3,8.589627e-001,0.000000e+000,,,,,,,,,,,,,,32,1,4.000000e+000,1.319885e-003,0.000000e+000,0,,0,
1524137193.014,,0.000000e+000,5.499906e+001,2.834736e-006,0.000000e+000,3,8.557720e-001,0.000000e+000,,,,,,,,,,,,,,32,1,4.000000e+000,6.580353e-003,0.000000e+000,0,,0,
1524137205.814,,0.000000e+000,5.500037e+001,2.961673e-006,0.000000e+000,3,8.456383e-001,0.000000e+000,,,,,,,,,,,,,,32,1,4.000000e+000,6.587982e-003,0.000000e+000,0,,0,
1524137219.084,,0.000000e+000,5.499577e+001,2.863180e-006,0.000000e+000,3,8.550532e-001,0.000000e+000,,,,,,,,,,,,,,32,1,4.000000e+000,1.052094e-002,0.000000e+000,0,,0,
1524137232.394,,0.000000e+000,5.499511e+001,2.845604e-006,0.000000e+000,3,8.643593e-001,0.000000e+000,,,,,,,,,,,,,,32,1,4.000000e+000,6.568909e-003,0.000000e+000,0,,0,
1524137244.784,,0.000000e+000,5.500037e+001,2.985717e-006,0.000000e+000,3,8.593912e-001,0.000000e+000,,,,,,,,,,,,,,32,1,4.000000e+000,6.587982e-003,0.000000e+000,0,,0,
1524137257.484,,0.000000e+000,5.499773e+001,2.932591e-006,0.000000e+000,3,8.556347e-001,0.000000e+000,,,,,,,,,,,,,,32,1,4.000000e+000,1.308441e-003,0.000000e+000,0,,0,
1524137269.774,,0.000000e+000,5.499905e+001,3.013346e-006,0.000000e+000,3,8.427330e-001,0.000000e+000,,,,,,,,,,,,,,32,1,4.000000e+000,1.319885e-003,0.000000e+000,0,,0,
1524137282.684,,0.000000e+000,5.499445e+001,2.893339e-006,0.000000e+000,3,8.593891e-001,0.000000e+000,,,,,,,,,,,,,,32,1,4.000000e+000,5.260468e-003,0.000000e+000,0,,0,
1524137295.104,,0.000000e+000,5.499248e+001,2.928974e-006,0.000000e+000,3,8.407946e-001,0.000000e+000,,,,,,,,,,,,,,32,1,4.000000e+000,1.319885e-003,0.000000e+000,0,,0,
1524137307.934,,0.000000e+000,5.500103e+001,2.910919e-006,0.000000e+000,3,8.614978e-001,0.000000e+000,,,,,,,,,,,,,,32,1,4.000000e+000,2.639771e-003,0.000000e+000,0,,0,
1524137320.314,,0.000000e+000,5.500300e+001,2.963878e-006,0.000000e+000,3,8.509098e-001,0.000000e+000,,,,,,,,,,,,,,32,1,4.000000e+000,1.183701e-002,0.000000e+000,0,,0,
1524137333.194,,0.000000e+000,5.499905e+001,2.902899e-006,0.000000e+000,3,8.547141e-001,0.000000e+000,,,,,,,,,,,,,,32,1,4.000000e+000,1.319885e-003,0.000000e+000,0,,0,
1524137345.614,,0.000000e+000,5.499511e+001,2.946074e-006,0.000000e+000,3,8.507792e-001,0.000000e+000,,,,,,,,,,,,,,32,1,4.000000e+000,6.568909e-003,0.000000e+000,0,,0,
1524137358.394,,0.000000e+000,5.500235e+001,2.933478e-006,0.000000e+000,3,8.640153e-001,0.000000e+000,,,,,,,,,,,,,,32,1,4.000000e+000,1.052856e-002,0.000000e+000,0,,0,
1524137370.794,,0.000000e+000,5.500761e+001,2.922124e-006,0.000000e+000,3,8.590211e-001,0.000000e+000,,,,,,,,,,,,,,32,1,4.000000e+000,1.052094e-002,0.000000e+000,0,,0,
1524137383.644,,0.000000e+000,5.499905e+001,2.916974e-006,0.000000e+000,3,8.538728e-001,0.000000e+000,,,,,,,,,,,,,,32,1,4.000000e+000,3.948212e-003,0.000000e+000,0,,0,
1524137396.194,,0.000000e+000,5.499512e+001,2.951845e-006,0.000000e+000,3,8.425189e-001,0.000000e+000,,,,,,,,,,,,,,32,1,4.000000e+000,1.446915e-002,0.000000e+000,0,,0,
1524137408.894,,0.000000e+000,5.500234e+001,2.904789e-006,0.000000e+000,3,8.526279e-001,0.000000e+000,,,,,,,,,,,,,,32,1,4.000000e+000,7.900238e-003,0.000000e+000,0,,0,
1524137421.284,,0.000000e+000,5.499380e+001,3.004924e-006,0.000000e+000,3,8.475324e-001,0.000000e+000,,,,,,,,,,,,,,32,1,4.000000e+000,1.446915e-002,0.000000e+000,0,,0,
1524137434.094,,0.000000e+000,5.500103e+001,2.944087e-006,0.000000e+000,3,8.598396e-001,0.000000e+000,,,,,,,,,,,,,,32,1,4.000000e+000,5.279541e-003,0.000000e+000,0,,0,
1524137446.534,,0.000000e+000,5.499972e+001,2.996210e-006,0.000000e+000,3,8.635606e-001,0.000000e+000,,,,,,,,,,,,,,32,1,4.000000e+000,7.900238e-003,0.000000e+000,0,,0,
1524137459.364,,0.000000e+000,5.500234e+001,2.969113e-006,0.000000e+000,3,8.664874e-001,0.000000e+000,,,,,,,,,,,,,,32,1,4.000000e+000,5.260468e-003,0.000000e+000,0,,0,
1524137471.754,,0.000000e+000,5.499379e+001,2.977650e-006,0.000000e+000,3,8.492823e-001,0.000000e+000,,,,,,,,,,,,,,32,1,4.000000e+000,9.201050e-003,0.000000e+000,0,,0,
1524137484.564,,0.000000e+000,5.500037e+001,2.991087e-006,0.000000e+000,3,8.649300e-001,0.000000e+000,,,,,,,,,,,,,,32,1,4.000000e+000,3.959656e-003,0.000000e+000,0,,0,
1524137496.964,,0.000000e+000,5.499906e+001,3.001946e-006,0.000000e+000,3,8.463004e-001,0.000000e+000,,,,,,,,,,,,,,32,1,4.000000e+000,6.580353e-003,0.000000e+000,0,,0,
1524137509.844,,0.000000e+000,5.500168e+001,2.955765e-006,0.000000e+000,3,8.587145e-001,0.000000e+000,,,,,,,,,,,,,,32,1,4.000000e+000,6.580353e-003,0.000000e+000,0,,0,
1524137522.234,,0.000000e+000,5.499314e+001,3.030738e-006,0.000000e+000,3,8.572974e-001,0.000000e+000,,,,,,,,,,,,,,32,1,4.000000e+000,5.260468e-003,0.000000e+000,0,,0,
1524137535.044,,0.000000e+000,5.499643e+001,3.000259e-006,0.000000e+000,3,8.610775e-001,0.000000e+000,,,,,,,,,,,,,,32,1,4.000000e+000,9.208679e-003,0.000000e+000,0,,0,
1524137547.434,,0.000000e+000,5.499708e+001,2.985456e-006,0.000000e+000,3,8.455959e-001,0.000000e+000,,,,,,,,,,,,,,32,1,4.000000e+000,5.260468e-003,0.000000e+000,0,,0,
1524137560.304,,0.000000e+000,5.499643e+001,2.926141e-006,0.000000e+000,3,8.565850e-001,0.000000e+000,,,,,,,,,,,,,,32,1,4.000000e+000,6.568909e-003,0.000000e+000,0,,0,
1524137572.694,,0.000000e+000,5.499445e+001,3.007231e-006,0.000000e+000,3,8.430828e-001,0.000000e+000,,,,,,,,,,,,,,32,1,4.000000e+000,2.628326e-003,0.000000e+000,0,,0,
1524137585.524,,0.000000e+000,5.499905e+001,2.975606e-006,0.000000e+000,3,8.634632e-001,0.000000e+000,,,,,,,,,,,,,,32,1,4.000000e+000,1.319885e-003,0.000000e+000,0,,0,
1524137597.924,,0.000000e+000,5.499841e+001,3.006472e-006,0.000000e+000,3,8.441234e-001,0.000000e+000,,,,,,,,,,,,,,32,1,4.000000e+000,1.052856e-002,0.000000e+000,0,,0,
1524137610.784,,0.000000e+000,5.499840e+001,2.963353e-006,0.000000e+000,3,8.603455e-001,0.000000e+000,,,,,,,,,,,,,,32,1,4.000000e+000,5.260468e-003,0.000000e+000,0,,0,
1524137623.174,,0.000000e+000,5.499774e+001,3.016056e-006,0.000000e+000,3,8.529601e-001,0.000000e+000,,,,,,,,,,,,,,32,1,4.000000e+000,3.940582e-003,0.000000e+000,0,,0,
1524137635.984,,0.000000e+000,5.500103e+001,2.964140e-006,0.000000e+000,3,8.553594e-001,0.000000e+000,,,,,,,,,,,,,,32,1,4.000000e+000,5.279541e-003,0.000000e+000,0,,0,
1524137648.424,,0.000000e+000,5.500564e+001,3.030721e-006,0.000000e+000,3,8.583140e-001,0.000000e+000,,,,,,,,,,,,,,32,1,4.000000e+000,1.710892e-002,0.000000e+000,0,,0,
1524137661.214,,0.000000e+000,5.499905e+001,3.000133e-006,0.000000e+000,3,8.699044e-001,0.000000e+000,,,,,,,,,,,,,,32,1,4.000000e+000,3.948212e-003,0.000000e+000,0,,0,
1524137673.634,,0.000000e+000,5.500169e+001,2.997849e-006,0.000000e+000,3,8.508028e-001,0.000000e+000,,,,,,,,,,,,,,32,1,4.000000e+000,1.319885e-003,0.000000e+000,0,,0,
1524137685.904,,0.000000e+000,5.499773e+001,2.989018e-006,0.000000e+000,3,8.567359e-001,0.000000e+000,,,,,,,,,,,,,,32,1,4.000000e+000,1.308441e-003,0.000000e+000,0,,0,
1524137698.404,,0.000000e+000,5.499773e+001,3.048583e-006,0.000000e+000,3,8.555014e-001,0.000000e+000,,,,,,,,,,,,,,32,1,4.000000e+000,1.308441e-003,0.000000e+000,0,,0,
1524137711.175,,0.000000e+000,5.499511e+001,2.990134e-006,0.000000e+000,3,8.617291e-001,0.000000e+000,,,,,,,,,,,,,,32,1,4.000000e+000,3.940582e-003,0.000000e+000,0,,0,
1524137723.585,,0.000000e+000,5.499905e+001,3.047703e-006,0.000000e+000,3,8.529658e-001,0.000000e+000,,,,,,,,,,,,,,32,1,4.000000e+000,3.948212e-003,0.000000e+000,0,,0,
1524137736.495,,0.000000e+000,5.499840e+001,3.036501e-006,0.000000e+000,3,8.959534e-001,0.000000e+000,,,,,,,,,,,,,,32,1,4.000000e+000,2.628326e-003,0.000000e+000,0,,0,
1524137748.625,,0.000000e+000,5.499445e+001,3.092817e-006,0.000000e+000,3,8.607768e-001,0.000000e+000,,,,,,,,,,,,,,32,1,4.000000e+000,5.260468e-003,0.000000e+000,0,,0,
1524137761.535,,0.000000e+000,5.499972e+001,2.991072e-006,0.000000e+000,3,8.722219e-001,0.000000e+000,,,,,,,,,,,,,,32,1,4.000000e+000,7.900238e-003,0.000000e+000,0,,0,
1524137774.025,,0.000000e+000,5.500168e+001,3.085780e-006,0.000000e+000,3,8.577218e-001,0.000000e+000,,,,,,,,,,,,,,32,1,4.000000e+000,6.580353e-003,0.000000e+000,0,,0,
1524137786.845,,0.000000e+000,5.499248e+001,2.992981e-006,0.000000e+000,3,8.747642e-001,0.000000e+000,,,,,,,,,,,,,,32,1,4.000000e+000,9.201050e-003,0.000000e+000,0,,0,
1524137799.535,,0.000000e+000,5.499972e+001,3.043696e-006,0.000000e+000,3,8.803811e-001,0.000000e+000,,,,,,,,,,,,,,32,1,4.000000e+000,5.268097e-003,0.000000e+000,0,,0,
1524137812.145,,0.000000e+000,5.500103e+001,3.024754e-006,0.000000e+000,3,8.922015e-001,0.000000e+000,,,,,,,,,,,,,,32,1,4.000000e+000,2.639771e-003,0.000000e+000,0,,0,
1524137824.195,,0.000000e+000,5.499839e+001,3.057164e-006,0.000000e+000,3,8.823266e-001,0.000000e+000,,,,,,,,,,,,,,32,1,4.000000e+000,0.000000e+000,0.000000e+000,0,,0,
1524137836.895,,0.000000e+000,5.500432e+001,3.018237e-006,0.000000e+000,3,8.903351e-001,0.000000e+000,,,,,,,,,,,,,,32,1,4.000000e+000,3.940582e-003,0.000000e+000,0,,0,
1524137849.275,,0.000000e+000,5.500103e+001,3.107737e-006,0.000000e+000,3,8.565838e-001,0.000000e+000,,,,,,,,,,,,,,32,1,4.000000e+000,5.279541e-003,0.000000e+000,0,,0,
1524137861.995,,0.000000e+000,5.499905e+001,3.031274e-006,0.000000e+000,3,8.714318e-001,0.000000e+000,,,,,,,,,,,,,,32,1,4.000000e+000,1.319885e-003,0.000000e+000,0,,0,
1524137874.145,,0.000000e+000,5.499445e+001,3.111237e-006,0.000000e+000,3,8.611271e-001,0.000000e+000,,,,,,,,,,,,,,32,1,4.000000e+000,0.000000e+000,0.000000e+000,0,,0,
1524137886.785,,0.000000e+000,5.499971e+001,3.085786e-006,0.000000e+000,3,8.927885e-001,0.000000e+000,,,,,,,,,,,,,,32,1,4.000000e+000,0.000000e+000,0.000000e+000,0,,0,
1524137899.135,,0.000000e+000,5.499905e+001,3.111244e-006,0.000000e+000,3,8.462854e-001,0.000000e+000,,,,,,,,,,,,,,32,1,4.000000e+000,1.319885e-003,0.000000e+000,0,,0,
1524137911.725,,0.000000e+000,5.499906e+001,3.061324e-006,0.000000e+000,3,8.750646e-001,0.000000e+000,,,,,,,,,,,,,,32,1,4.000000e+000,6.580353e-003,0.000000e+000,0,,0,
1524137924.635,,0.000000e+000,5.499773e+001,3.146615e-006,0.000000e+000,3,8.637626e-001,0.000000e+000,,,,,,,,,,,,,,32,1,4.000000e+000,1.308441e-003,0.000000e+000,0,,0,
1524137937.205,,0.000000e+000,5.500037e+001,3.082056e-006,0.000000e+000,3,8.943357e-001,0.000000e+000,,,,,,,,,,,,,,32,1,4.000000e+000,9.201050e-003,0.000000e+000,0,,0,
1524137949.575,,0.000000e+000,5.499972e+001,3.118647e-006,0.000000e+000,3,8.847347e-001,0.000000e+000,,,,,,,,,,,,,,32,1,4.000000e+000,7.900238e-003,0.000000e+000,0,,0,
1524137962.395,,0.000000e+000,5.500498e+001,3.029466e-006,0.000000e+000,3,8.765453e-001,0.000000e+000,,,,,,,,,,,,,,32,1,4.000000e+000,2.620697e-003,0.000000e+000,0,,0,
1524137975.085,,0.000000e+000,5.499642e+001,3.151516e-006,0.000000e+000,3,8.979926e-001,0.000000e+000,,,,,,,,,,,,,,32,1,4.000000e+000,3.940582e-003,0.000000e+000,0,,0,
1524137987.595,,0.000000e+000,5.499511e+001,3.078954e-006,0.000000e+000,3,8.891816e-001,0.000000e+000,,,,,,,,,,,,,,32,1,4.000000e+000,6.568909e-003,0.000000e+000,0,,0,
1524138000.275,,0.000000e+000,5.499839e+001,3.124672e-006,0.000000e+000,3,8.861359e-001,0.000000e+000,,,,,,,,,,,,,,32,1,4.000000e+000,0.000000e+000,0.000000e+000,0,,0,
1524138012.395,,0.000000e+000,5.500169e+001,3.122740e-006,0.000000e+000,3,8.972056e-001,0.000000e+000,,,,,,,,,,,,,,32,1,4.000000e+000,3.959656e-003,0.000000e+000,0,,0,
1524138025.035,,0.000000e+000,5.499774e+001,3.127552e-006,0.000000e+000,3,8.930191e-001,0.000000e+000,,,,,,,,,,,,,,32,1,4.000000e+000,6.580353e-003,0.000000e+000,0,,0,
1524138037.525,,0.000000e+000,5.499905e+001,3.036900e-006,0.000000e+000,3,8.809073e-001,0.000000e+000,,,,,,,,,,,,,,32,1,4.000000e+000,1.319885e-003,0.000000e+000,0,,0,
1524138049.805,,0.000000e+000,5.500169e+001,3.083660e-006,0.000000e+000,3,8.684026e-001,0.000000e+000,,,,,,,,,,,,,,32,1,4.000000e+000,1.184082e-002,0.000000e+000,0,,0,
1524138062.265,,0.000000e+000,5.499972e+001,3.061012e-006,0.000000e+000,3,8.776441e-001,0.000000e+000,,,,,,,,,,,,,,32,1,4.000000e+000,7.900238e-003,0.000000e+000,0,,0,
1524138074.655,,0.000000e+000,5.499905e+001,3.095314e-006,0.000000e+000,3,8.632493e-001,0.000000e+000,,,,,,,,,,,,,,32,1,4.000000e+000,3.948212e-003,0.000000e+000,0,,0,
1524138086.905,,0.000000e+000,5.499313e+001,3.071764e-006,0.000000e+000,3,8.752567e-001,0.000000e+000,,,,,,,,,,,,,,32,1,4.000000e+000,7.892609e-003,0.000000e+000,0,,0,
1524138099.375,,0.000000e+000,5.499380e+001,3.146131e-006,0.000000e+000,3,8.660651e-001,0.000000e+000,,,,,,,,,,,,,,32,1,4.000000e+000,1.710129e-002,0.000000e+000,0,,0,
1524138112.145,,0.000000e+000,5.499906e+001,3.093621e-006,0.000000e+000,3,8.760468e-001,0.000000e+000,,,,,,,,,,,,,,32,1,4.000000e+000,9.220123e-003,0.000000e+000,0,,0,
1524138124.415,,0.000000e+000,5.499511e+001,3.118823e-006,0.000000e+000,3,8.650940e-001,0.000000e+000,,,,,,,,,,,,,,32,1,4.000000e+000,1.319885e-003,0.000000e+000,0,,0,
1524138137.295,,0.000000e+000,5.499773e+001,3.105360e-006,0.000000e+000,3,8.748683e-001,0.000000e+000,,,,,,,,,,,,,,32,1,4.000000e+000,1.308441e-003,0.000000e+000,0,,0,
1524138149.895,,0.000000e+000,5.499577e+001,3.164460e-006,0.000000e+000,3,8.586049e-001,0.000000e+000,,,,,,,,,,,,,,32,1,4.000000e+000,0.000000e+000,0.000000e+000,0,,0,
1524138162.625,,0.000000e+000,5.499708e+001,3.095239e-006,0.000000e+000,3,8.938856e-001,0.000000e+000,,,,,,,,,,,,,,32,1,4.000000e+000,2.620697e-003,0.000000e+000,0,,0,
1524138175.305,,0.000000e+000,5.499577e+001,3.137231e-006,0.000000e+000,3,8.953678e-001,0.000000e+000,,,,,,,,,,,,,,32,1,4.000000e+000,1.052094e-002,0.000000e+000,0,,0,
1524138188.015,,0.000000e+000,5.500234e+001,3.087280e-006,0.000000e+000,3,8.793501e-001,0.000000e+000,,,,,,,,,,,,,,32,1,4.000000e+000,7.900238e-003,0.000000e+000,0,,0,
1524138201.135,,0.000000e+000,5.500169e+001,3.057395e-006,0.000000e+000,3,8.678436e-001,0.000000e+000,,,,,,,,,,,,,,32,1,4.000000e+000,9.208679e-003,0.000000e+000,0,,0,
1524138213.245,,0.000000e+000,5.499840e+001,3.106774e-006,0.000000e+000,3,8.732868e-001,0.000000e+000,,,,,,,,,,,,,,32,1,4.000000e+000,2.628326e-003,0.000000e+000,0,,0,
1524138226.365,,0.000000e+000,5.499971e+001,3.059136e-006,0.000000e+000,3,8.764319e-001,0.000000e+000,,,,,,,,,,,,,,32,1,4.000000e+000,0.000000e+000,0.000000e+000,0,,0,
1524138238.475,,0.000000e+000,5.499905e+001,3.117849e-006,0.000000e+000,3,8.797236e-001,0.000000e+000,,,,,,,,,,,,,,32,1,4.000000e+000,1.319885e-003,0.000000e+000,0,,0,
1524138251.285,,0.000000e+000,5.500234e+001,3.067223e-006,0.000000e+000,3,8.861108e-001,0.000000e+000,,,,,,,,,,,,,,32,1,4.000000e+000,7.900238e-003,0.000000e+000,0,,0,
1524138263.955,,0.000000e+000,5.500169e+001,3.113056e-006,0.000000e+000,3,8.656156e-001,0.000000e+000,,,,,,,,,,,,,,32,1,4.000000e+000,3.959656e-003,0.000000e+000,0,,0,
1524138276.505,,0.000000e+000,5.500234e+001,3.105107e-006,0.000000e+000,3,8.763943e-001,0.000000e+000,,,,,,,,,,,,,,32,1,4.000000e+000,5.260468e-003,0.000000e+000,0,,0,
1524138289.035,,0.000000e+000,5.499972e+001,3.085501e-006,0.000000e+000,3,8.647425e-001,0.000000e+000,,,,,,,,,,,,,,32,1,4.000000e+000,5.268097e-003,0.000000e+000,0,,0,
1524138301.735,,0.000000e+000,5.499643e+001,3.090657e-006,0.000000e+000,3,8.791165e-001,0.000000e+000,,,,,,,,,,,,,,32,1,4.000000e+000,1.312256e-003,0.000000e+000,0,,0,
1524138314.275,,0.000000e+000,5.499511e+001,3.116824e-006,0.000000e+000,3,8.697056e-001,0.000000e+000,,,,,,,,,,,,,,32,1,4.000000e+000,1.319885e-003,0.000000e+000,0,,0,
1524138326.975,,0.000000e+000,5.499445e+001,3.102246e-006,0.000000e+000,3,8.735269e-001,0.000000e+000,,,,,,,,,,,,,,32,1,4.000000e+000,0.000000e+000,0.000000e+000,0,,0,
1524138339.515,,0.000000e+000,5.499774e+001,3.161471e-006,0.000000e+000,3,8.667057e-001,0.000000e+000,,,,,,,,,,,,,,32,1,4.000000e+000,3.940582e-003,0.000000e+000,0,,0,
1524138352.205,,0.000000e+000,5.499840e+001,3.104982e-006,0.000000e+000,3,8.756180e-001,0.000000e+000,,,,,,,,,,,,,,32,1,4.000000e+000,5.260468e-003,0.000000e+000,0,,0,
1524138364.755,,0.000000e+000,5.500103e+001,3.107596e-006,0.000000e+000,3,8.727990e-001,0.000000e+000,,,,,,,,,,,,,,32,1,4.000000e+000,0.000000e+000,0.000000e+000,0,,0,
1524138377.445,,0.000000e+000,5.499905e+001,3.083925e-006,0.000000e+000,3,8.702520e-001,0.000000e+000,,,,,,,,,,,,,,32,1,4.000000e+000,3.948212e-003,0.000000e+000,0,,0,
1524138389.995,,0.000000e+000,5.499643e+001,3.121267e-006,0.000000e+000,3,8.649725e-001,0.000000e+000,,,,,,,,,,,,,,32,1,4.000000e+000,1.312256e-003,0.000000e+000,0,,0,
1524138402.685,,0.000000e+000,5.499577e+001,3.112352e-006,0.000000e+000,3,8.770083e-001,0.000000e+000,,,,,,,,,,,,,,32,1,4.000000e+000,0.000000e+000,0.000000e+000,0,,0,
1524138415.225,,0.000000e+000,5.500037e+001,3.151931e-006,0.000000e+000,3,8.623443e-001,0.000000e+000,,,,,,,,,,,,,,32,1,4.000000e+000,9.201050e-003,0.000000e+000,0,,0,
1524138427.906,,0.000000e+000,5.499971e+001,3.103369e-006,0.000000e+000,3,8.766223e-001,0.000000e+000,,,,,,,,,,,,,,32,1,4.000000e+000,1.052094e-002,0.000000e+000,0,,0,
1524138440.446,,0.000000e+000,5.499708e+001,3.143981e-006,0.000000e+000,3,8.628786e-001,0.000000e+000,,,,,,,,,,,,,,32,1,4.000000e+000,5.260468e-003,0.000000e+000,0,,0,
1524138453.136,,0.000000e+000,5.499577e+001,3.092280e-006,0.000000e+000,3,8.782014e-001,0.000000e+000,,,,,,,,,,,,,,32,1,4.000000e+000,5.249023e-003,0.000000e+000,0,,0,
1524138465.686,,0.000000e+000,5.499248e+001,3.176831e-006,0.000000e+000,3,8.694243e-001,0.000000e+000,,,,,,,,,,,,,,32,1,4.000000e+000,1.319885e-003,0.000000e+000,0,,0,
1524138478.376,,0.000000e+000,5.499248e+001,3.100284e-006,0.000000e+000,3,8.779813e-001,0.000000e+000,,,,,,,,,,,,,,32,1,4.000000e+000,1.319885e-003,0.000000e+000,0,,0,
1524138490.916,,0.000000e+000,5.499577e+001,3.161366e-006,0.000000e+000,3,8.691695e-001,0.000000e+000,,,,,,,,,,,,,,32,1,4.000000e+000,5.249023e-003,0.000000e+000,0,,0,
1524138503.606,,0.000000e+000,5.499313e+001,3.173281e-006,0.000000e+000,3,8.759134e-001,0.000000e+000,,,,,,,,,,,,,,32,1,4.000000e+000,1.050949e-002,0.000000e+000,0,,0,
1524138516.156,,0.000000e+000,5.499643e+001,3.174131e-006,0.000000e+000,3,8.686301e-001,0.000000e+000,,,,,,,,,,,,,,32,1,4.000000e+000,1.312256e-003,0.000000e+000,0,,0,
1524138528.836,,0.000000e+000,5.499577e+001,3.100746e-006,0.000000e+000,3,8.767834e-001,0.000000e+000,,,,,,,,,,,,,,32,1,4.000000e+000,0.000000e+000,0.000000e+000,0,,0,
1524138541.376,,0.000000e+000,5.499248e+001,3.175799e-006,0.000000e+000,3,8.667980e-001,0.000000e+000,,,,,,,,,,,,,,32,1,4.000000e+000,6.580353e-003,0.000000e+000,0,,0,
1524138554.076,,0.000000e+000,5.498985e+001,3.112523e-006,0.000000e+000,3,8.779508e-001,0.000000e+000,,,,,,,,,,,,,,32,1,4.000000e+000,1.319885e-003,0.000000e+000,0,,0,
1524138566.626,,0.000000e+000,5.500037e+001,3.184518e-006,0.000000e+000,3,8.731046e-001,0.000000e+000,,,,,,,,,,,,,,32,1,4.000000e+000,1.319885e-003,0.000000e+000,0,,0,
1524138579.316,,0.000000e+000,5.499774e+001,3.114145e-006,0.000000e+000,3,8.825398e-001,0.000000e+000,,,,,,,,,,,,,,32,1,4.000000e+000,3.940582e-003,0.000000e+000,0,,0,
1524138591.866,,0.000000e+000,5.499906e+001,3.193761e-006,0.000000e+000,3,8.697541e-001,0.000000e+000,,,,,,,,,,,,,,32,1,4.000000e+000,6.580353e-003,0.000000e+000,0,,0,
1524138604.546,,0.000000e+000,5.500235e+001,3.156513e-006,0.000000e+000,3,8.758101e-001,0.000000e+000,,,,,,,,,,,,,,32,1,4.000000e+000,0.000000e+000,0.000000e+000,0,,0,
1524138617.096,,0.000000e+000,5.499841e+001,3.189881e-006,0.000000e+000,3,8.714597e-001,0.000000e+000,,,,,,,,,,,,,,32,1,4.000000e+000,1.052856e-002,0.000000e+000,0,,0,
1524138629.776,,0.000000e+000,5.499972e+001,3.146246e-006,0.000000e+000,3,8.834703e-001,0.000000e+000,,,,,,,,,,,,,,32,1,4.000000e+000,7.900238e-003,0.000000e+000,0,,0,
