[Header]
TITLE,MPMS DC Measurement
BYAPP,MPMS Measurement,2.1,Summary
FILEOPENTIME, 1524687525.945000 4/25/2018, 2:18:45 PM

INFO, APPNAME, MPMS MultiVu Application, Revision 1.61,  Build 082

INFO, NAME, TC04-12-01K
INFO, WEIGHT, 1.000
INFO, AREA, 1.000
INFO, LENGTH, 1.000
INFO, SHAPE, 0
INFO, COMMENT, 
INFO, SEQUENCE FILE: TRMac_57K_0.06Kmin_VRMde_55K.seq


INFO, BACKGROUND DATA FILE:, None


STARTUPAXIS,X,4,LINEAR,AUTO,0.000000,0.000000
STARTUPAXIS,Y1,5,LINEAR,AUTO,0.000000,0.000000


STARTUPGROUP,Longitudinal
FIELDGROUP,Longitudinal,1,2,3,4,5,6,7,8,9,15,16,17,18,27,28
FIELDGROUP,Transverse,1,2,3,4,10,11,12,13,14,19,20,21,22,27,28

PLOT_APPEARANCE,ALL,HORZ_GRID_ON,VERT_GRID_ON,MARKERS_AND_LINES

[Data]
Time,Comment,Field (Oe),Temperature (K),Long Moment (emu),Long Scan Std Dev,Long Algorithm,Long Reg Fit,Long Percent Error (%),Trans Moment (emu),Trans Scan Std Dev,Trans Algorithm,Trans Reg Fit,Trans Percent Error (%),Long Moment [w/o ABS] (emu),Long Scan Std Dev [w/o ABS],Long Reg Fit [w/o ABS],Long Percent Error [w/o ABS] (%),Trans Moment [w/o ABS] (emu),Trans Scan Std Dev [w/o ABS],Trans Reg Fit [w/o ABS],Trans Percent Error [w/o ABS] (%),Points per Scan,Scans per Measurement,Scan Length (cm),Delta Temp (K),Rot Position (deg),Error,EC Comp. Running,Using ABS,
1524687525.945,,0.000000e+000,5.498920e+001,8.213769e-006,0.000000e+000,3,7.884965e-001,0.000000e+000,,,,,,,,,,,,,,32,1,4.000000e+000,2.628326e-003,0.000000e+000,0,,0,
1524687538.685,,0.000000e+000,5.499314e+001,7.335353e-006,0.000000e+000,3,7.876531e-001,0.000000e+000,,,,,,,,,,,,,,32,1,4.000000e+000,5.260468e-003,0.000000e+000,0,,0,
1524687551.225,,0.000000e+000,5.498788e+001,6.728844e-006,0.000000e+000,3,7.804571e-001,0.000000e+000,,,,,,,,,,,,,,32,1,4.000000e+000,1.052094e-002,0.000000e+000,0,,0,
1524687563.925,,0.000000e+000,5.499708e+001,6.270159e-006,0.000000e+000,3,7.783961e-001,0.000000e+000,,,,,,,,,,,,,,32,1,4.000000e+000,2.620697e-003,0.000000e+000,0,,0,
1524687576.835,,0.000000e+000,5.499773e+001,5.762422e-006,0.000000e+000,3,7.638348e-001,0.000000e+000,,,,,,,,,,,,,,32,1,4.000000e+000,1.308441e-003,0.000000e+000,0,,0,
1524687589.875,,0.000000e+000,5.499182e+001,5.509334e-006,0.000000e+000,3,7.612894e-001,0.000000e+000,,,,,,,,,,,,,,32,1,4.000000e+000,5.260468e-003,0.000000e+000,0,,0,
1524687602.505,,0.000000e+000,5.498920e+001,5.260179e-006,0.000000e+000,3,7.814883e-001,0.000000e+000,,,,,,,,,,,,,,32,1,4.000000e+000,2.103043e-002,0.000000e+000,0,,0,
1524687615.045,,0.000000e+000,5.499840e+001,5.000461e-006,0.000000e+000,3,7.609285e-001,0.000000e+000,,,,,,,,,,,,,,32,1,4.000000e+000,2.628326e-003,0.000000e+000,0,,0,
1524687628.025,,0.000000e+000,5.499643e+001,4.709477e-006,0.000000e+000,3,7.794442e-001,0.000000e+000,,,,,,,,,,,,,,32,1,4.000000e+000,1.708984e-002,0.000000e+000,0,,0,
1524687640.855,,0.000000e+000,5.499577e+001,4.532446e-006,0.000000e+000,3,7.587856e-001,0.000000e+000,,,,,,,,,,,,,,32,1,4.000000e+000,1.052094e-002,0.000000e+000,0,,0,
1524687653.375,,0.000000e+000,5.499774e+001,4.323339e-006,0.000000e+000,3,7.469504e-001,0.000000e+000,,,,,,,,,,,,,,32,1,4.000000e+000,6.580353e-003,0.000000e+000,0,,0,
1524687666.485,,0.000000e+000,5.499642e+001,4.188219e-006,0.000000e+000,3,7.397059e-001,0.000000e+000,,,,,,,,,,,,,,32,1,4.000000e+000,3.940582e-003,0.000000e+000,0,,0,
1524687678.595,,0.000000e+000,5.499773e+001,4.023198e-006,0.000000e+000,3,7.464904e-001,0.000000e+000,,,,,,,,,,,,,,32,1,4.000000e+000,1.308441e-003,0.000000e+000,0,,0,
1524687691.715,,0.000000e+000,5.500169e+001,3.901288e-006,0.000000e+000,3,7.277766e-001,0.000000e+000,,,,,,,,,,,,,,32,1,4.000000e+000,9.208679e-003,0.000000e+000,0,,0,
1524687703.825,,0.000000e+000,5.500103e+001,3.846059e-006,0.000000e+000,3,7.424279e-001,0.000000e+000,,,,,,,,,,,,,,32,1,4.000000e+000,1.052094e-002,0.000000e+000,0,,0,
1524687716.445,,0.000000e+000,5.499708e+001,3.676346e-006,0.000000e+000,3,7.234061e-001,0.000000e+000,,,,,,,,,,,,,,32,1,4.000000e+000,2.620697e-003,0.000000e+000,0,,0,
1524687729.035,,0.000000e+000,5.499774e+001,3.670675e-006,0.000000e+000,3,7.251668e-001,0.000000e+000,,,,,,,,,,,,,,32,1,4.000000e+000,3.940582e-003,0.000000e+000,0,,0,
1524687741.665,,0.000000e+000,5.500234e+001,3.492705e-006,0.000000e+000,3,7.108611e-001,0.000000e+000,,,,,,,,,,,,,,32,1,4.000000e+000,1.314926e-002,0.000000e+000,0,,0,
1524687754.405,,0.000000e+000,5.500300e+001,8.395257e-005,0.000000e+000,3,3.932046e-001,0.000000e+000,,,,,,,,,,,,,,32,1,4.000000e+000,1.183701e-002,0.000000e+000,0,,0,
1524687766.835,,0.000000e+000,5.499905e+001,3.357728e-006,0.000000e+000,3,7.120871e-001,0.000000e+000,,,,,,,,,,,,,,32,1,4.000000e+000,3.948212e-003,0.000000e+000,0,,0,
1524687779.735,,0.000000e+000,5.500563e+001,3.317755e-006,0.000000e+000,3,7.222167e-001,0.000000e+000,,,,,,,,,,,,,,32,1,4.000000e+000,1.184082e-002,0.000000e+000,0,,0,
1524687792.345,,0.000000e+000,5.500103e+001,3.200561e-006,0.000000e+000,3,7.222108e-001,0.000000e+000,,,,,,,,,,,,,,32,1,4.000000e+000,0.000000e+000,0.000000e+000,0,,0,
1524687804.675,,0.000000e+000,5.499905e+001,3.200042e-006,0.000000e+000,3,7.155972e-001,0.000000e+000,,,,,,,,,,,,,,32,1,4.000000e+000,1.319885e-003,0.000000e+000,0,,0,
1524687817.165,,0.000000e+000,5.500169e+001,3.049489e-006,0.000000e+000,3,7.240688e-001,0.000000e+000,,,,,,,,,,,,,,32,1,4.000000e+000,1.184082e-002,0.000000e+000,0,,0,
1524687829.915,,0.000000e+000,5.499708e+001,3.040725e-006,0.000000e+000,3,7.118152e-001,0.000000e+000,,,,,,,,,,,,,,32,1,4.000000e+000,2.620697e-003,0.000000e+000,0,,0,
1524687842.685,,0.000000e+000,5.500169e+001,2.919757e-006,0.000000e+000,3,6.937449e-001,0.000000e+000,,,,,,,,,,,,,,32,1,4.000000e+000,3.959656e-003,0.000000e+000,0,,0,
1524687855.375,,0.000000e+000,5.500300e+001,2.892660e-006,0.000000e+000,3,6.743510e-001,0.000000e+000,,,,,,,,,,,,,,32,1,4.000000e+000,6.580353e-003,0.000000e+000,0,,0,
1524687868.295,,0.000000e+000,5.499643e+001,2.831028e-006,0.000000e+000,3,6.937320e-001,0.000000e+000,,,,,,,,,,,,,,32,1,4.000000e+000,6.568909e-003,0.000000e+000,0,,0,
1524687880.665,,0.000000e+000,5.499708e+001,2.748287e-006,0.000000e+000,3,6.810564e-001,0.000000e+000,,,,,,,,,,,,,,32,1,4.000000e+000,5.260468e-003,0.000000e+000,0,,0,
1524687893.455,,0.000000e+000,5.499117e+001,2.739263e-006,0.000000e+000,3,7.028884e-001,0.000000e+000,,,,,,,,,,,,,,32,1,4.000000e+000,3.952026e-003,0.000000e+000,0,,0,
1524687906.805,,0.000000e+000,5.500301e+001,2.575681e-006,0.000000e+000,3,6.912961e-001,0.000000e+000,,,,,,,,,,,,,,32,1,4.000000e+000,1.319885e-003,0.000000e+000,0,,0,
1524687944.805,,0.000000e+000,5.499774e+001,2.485325e-006,0.000000e+000,3,6.530813e-001,0.000000e+000,,,,,,,,,,,,,,32,1,4.000000e+000,3.940582e-003,0.000000e+000,0,,0,
1524687957.295,,0.000000e+000,5.499643e+001,2.472162e-006,0.000000e+000,3,6.916427e-001,0.000000e+000,,,,,,,,,,,,,,32,1,4.000000e+000,6.568909e-003,0.000000e+000,0,,0,
1524687970.165,,0.000000e+000,5.499314e+001,2.447556e-006,0.000000e+000,3,6.562532e-001,0.000000e+000,,,,,,,,,,,,,,32,1,4.000000e+000,5.260468e-003,0.000000e+000,0,,0,
1524687982.735,,0.000000e+000,5.499971e+001,2.425612e-006,0.000000e+000,3,6.978204e-001,0.000000e+000,,,,,,,,,,,,,,32,1,4.000000e+000,0.000000e+000,0.000000e+000,0,,0,
1524687994.995,,0.000000e+000,5.499774e+001,2.409931e-006,0.000000e+000,3,6.530374e-001,0.000000e+000,,,,,,,,,,,,,,32,1,4.000000e+000,6.580353e-003,0.000000e+000,0,,0,
1524688007.735,,0.000000e+000,5.499905e+001,2.327893e-006,0.000000e+000,3,6.805291e-001,0.000000e+000,,,,,,,,,,,,,,32,1,4.000000e+000,1.319885e-003,0.000000e+000,0,,0,
1524688020.275,,0.000000e+000,5.499774e+001,2.255046e-006,0.000000e+000,3,6.325971e-001,0.000000e+000,,,,,,,,,,,,,,32,1,4.000000e+000,3.940582e-003,0.000000e+000,0,,0,
1524688032.915,,0.000000e+000,5.499643e+001,2.218564e-006,0.000000e+000,3,6.589477e-001,0.000000e+000,,,,,,,,,,,,,,32,1,4.000000e+000,1.312256e-003,0.000000e+000,0,,0,
1524688045.205,,0.000000e+000,5.499905e+001,2.151077e-006,0.000000e+000,3,6.276226e-001,0.000000e+000,,,,,,,,,,,,,,32,1,4.000000e+000,1.319885e-003,0.000000e+000,0,,0,
1524688057.785,,0.000000e+000,5.499905e+001,2.199298e-006,0.000000e+000,3,6.641902e-001,0.000000e+000,,,,,,,,,,,,,,32,1,4.000000e+000,3.948212e-003,0.000000e+000,0,,0,
1524688070.275,,0.000000e+000,5.499643e+001,2.081570e-006,0.000000e+000,3,5.986385e-001,0.000000e+000,,,,,,,,,,,,,,32,1,4.000000e+000,1.312256e-003,0.000000e+000,0,,0,
1524688083.395,,0.000000e+000,5.499577e+001,2.114707e-006,0.000000e+000,3,6.318719e-001,0.000000e+000,,,,,,,,,,,,,,32,1,4.000000e+000,2.632141e-003,0.000000e+000,0,,0,
1524688095.676,,0.000000e+000,5.499643e+001,2.073047e-006,0.000000e+000,3,6.492603e-001,0.000000e+000,,,,,,,,,,,,,,32,1,4.000000e+000,6.568909e-003,0.000000e+000,0,,0,
1524688108.106,,0.000000e+000,5.499511e+001,2.084410e-006,0.000000e+000,3,6.234410e-001,0.000000e+000,,,,,,,,,,,,,,32,1,4.000000e+000,3.940582e-003,0.000000e+000,0,,0,
1524688120.486,,0.000000e+000,5.499971e+001,1.954835e-006,0.000000e+000,3,6.573373e-001,0.000000e+000,,,,,,,,,,,,,,32,1,4.000000e+000,2.639771e-003,0.000000e+000,0,,0,
1524688132.996,,0.000000e+000,5.499971e+001,2.062826e-006,0.000000e+000,3,6.267120e-001,0.000000e+000,,,,,,,,,,,,,,32,1,4.000000e+000,2.639771e-003,0.000000e+000,0,,0,
1524688146.196,,0.000000e+000,5.499971e+001,1.870375e-006,0.000000e+000,3,5.821627e-001,0.000000e+000,,,,,,,,,,,,,,32,1,4.000000e+000,2.639771e-003,0.000000e+000,0,,0,
1524688158.746,,0.000000e+000,5.499840e+001,1.953038e-006,0.000000e+000,3,5.761948e-001,0.000000e+000,,,,,,,,,,,,,,32,1,4.000000e+000,2.628326e-003,0.000000e+000,0,,0,
1524688171.336,,0.000000e+000,5.499840e+001,1.913725e-006,0.000000e+000,3,5.995070e-001,0.000000e+000,,,,,,,,,,,,,,32,1,4.000000e+000,2.628326e-003,0.000000e+000,0,,0,
1524688183.766,,0.000000e+000,5.499511e+001,1.924184e-006,0.000000e+000,3,5.555625e-001,0.000000e+000,,,,,,,,,,,,,,32,1,4.000000e+000,3.940582e-003,0.000000e+000,0,,0,
1524688196.686,,0.000000e+000,5.499445e+001,1.850495e-006,0.000000e+000,3,5.806107e-001,0.000000e+000,,,,,,,,,,,,,,32,1,4.000000e+000,2.628326e-003,0.000000e+000,0,,0,
1524688209.836,,0.000000e+000,5.499840e+001,1.762198e-006,0.000000e+000,3,5.856195e-001,0.000000e+000,,,,,,,,,,,,,,32,1,4.000000e+000,5.260468e-003,0.000000e+000,0,,0,
1524688222.376,,0.000000e+000,5.499577e+001,1.824415e-006,0.000000e+000,3,5.623546e-001,0.000000e+000,,,,,,,,,,,,,,32,1,4.000000e+000,1.316071e-002,0.000000e+000,0,,0,
1524688235.346,,0.000000e+000,5.500235e+001,1.760133e-006,0.000000e+000,3,5.652978e-001,0.000000e+000,,,,,,,,,,,,,,32,1,4.000000e+000,0.000000e+000,0.000000e+000,0,,0,
1524688247.836,,0.000000e+000,5.499905e+001,1.753437e-006,0.000000e+000,3,5.553471e-001,0.000000e+000,,,,,,,,,,,,,,32,1,4.000000e+000,1.319885e-003,0.000000e+000,0,,0,
1524688260.606,,0.000000e+000,5.499708e+001,1.772179e-006,0.000000e+000,3,5.914288e-001,0.000000e+000,,,,,,,,,,,,,,32,1,4.000000e+000,0.000000e+000,0.000000e+000,0,,0,
1524688273.016,,0.000000e+000,5.499445e+001,1.710724e-006,0.000000e+000,3,5.418392e-001,0.000000e+000,,,,,,,,,,,,,,32,1,4.000000e+000,1.578903e-002,0.000000e+000,0,,0,
1524688285.856,,0.000000e+000,5.499839e+001,1.671612e-006,0.000000e+000,3,5.413954e-001,0.000000e+000,,,,,,,,,,,,,,32,1,4.000000e+000,0.000000e+000,0.000000e+000,0,,0,
1524688298.286,,0.000000e+000,5.499839e+001,1.674611e-006,0.000000e+000,3,5.348686e-001,0.000000e+000,,,,,,,,,,,,,,32,1,4.000000e+000,0.000000e+000,0.000000e+000,0,,0,
1524688311.076,,0.000000e+000,5.499840e+001,1.634626e-006,0.000000e+000,3,5.420265e-001,0.000000e+000,,,,,,,,,,,,,,32,1,4.000000e+000,2.628326e-003,0.000000e+000,0,,0,
1524688323.516,,0.000000e+000,5.499905e+001,1.630624e-006,0.000000e+000,3,5.156395e-001,0.000000e+000,,,,,,,,,,,,,,32,1,4.000000e+000,1.319885e-003,0.000000e+000,0,,0,
1524688336.346,,0.000000e+000,5.499577e+001,1.613483e-006,0.000000e+000,3,5.115780e-001,0.000000e+000,,,,,,,,,,,,,,32,1,4.000000e+000,5.249023e-003,0.000000e+000,0,,0,
1524688348.726,,0.000000e+000,5.499906e+001,1.579390e-006,0.000000e+000,3,5.516320e-001,0.000000e+000,,,,,,,,,,,,,,32,1,4.000000e+000,6.580353e-003,0.000000e+000,0,,0,
1524688361.086,,0.000000e+000,5.499971e+001,1.616284e-006,0.000000e+000,3,5.735708e-001,0.000000e+000,,,,,,,,,,,,,,32,1,4.000000e+000,2.639771e-003,0.000000e+000,0,,0,
1524688373.446,,0.000000e+000,5.499117e+001,1.516295e-006,0.000000e+000,3,4.740429e-001,0.000000e+000,,,,,,,,,,,,,,32,1,4.000000e+000,1.312256e-003,0.000000e+000,0,,0,
1524688386.536,,0.000000e+000,5.499774e+001,1.562675e-006,0.000000e+000,3,4.998130e-001,0.000000e+000,,,,,,,,,,,,,,32,1,4.000000e+000,3.940582e-003,0.000000e+000,0,,0,
1524688399.576,,0.000000e+000,5.499773e+001,1.554917e-006,0.000000e+000,3,5.432609e-001,0.000000e+000,,,,,,,,,,,,,,32,1,4.000000e+000,1.308441e-003,0.000000e+000,0,,0,
1524688412.186,,0.000000e+000,5.499511e+001,1.555441e-006,0.000000e+000,3,4.926221e-001,0.000000e+000,,,,,,,,,,,,,,32,1,4.000000e+000,9.201050e-003,0.000000e+000,0,,0,
1524688425.046,,0.000000e+000,5.499117e+001,1.603393e-006,0.000000e+000,3,5.248505e-001,0.000000e+000,,,,,,,,,,,,,,32,1,4.000000e+000,1.312256e-003,0.000000e+000,0,,0,
1524688438.586,,0.000000e+000,5.499445e+001,1.477019e-006,0.000000e+000,3,4.921931e-001,0.000000e+000,,,,,,,,,,,,,,32,1,4.000000e+000,2.628326e-003,0.000000e+000,0,,0,
1524688450.986,,0.000000e+000,5.499709e+001,1.607193e-006,0.000000e+000,3,4.818290e-001,0.000000e+000,,,,,,,,,,,,,,32,1,4.000000e+000,7.888794e-003,0.000000e+000,0,,0,
1524688464.056,,0.000000e+000,5.499971e+001,1.568653e-006,0.000000e+000,3,5.092583e-001,0.000000e+000,,,,,,,,,,,,,,32,1,4.000000e+000,2.639771e-003,0.000000e+000,0,,0,
1524688476.606,,0.000000e+000,5.499642e+001,1.479341e-006,0.000000e+000,3,4.378666e-001,0.000000e+000,,,,,,,,,,,,,,32,1,4.000000e+000,3.940582e-003,0.000000e+000,0,,0,
1524688489.186,,0.000000e+000,5.499182e+001,1.542439e-006,0.000000e+000,3,5.135744e-001,0.000000e+000,,,,,,,,,,,,,,32,1,4.000000e+000,5.260468e-003,0.000000e+000,0,,0,
1524688501.676,,0.000000e+000,5.499840e+001,1.468523e-006,0.000000e+000,3,4.564715e-001,0.000000e+000,,,,,,,,,,,,,,32,1,4.000000e+000,5.260468e-003,0.000000e+000,0,,0,
1524688514.506,,0.000000e+000,5.499708e+001,1.476221e-006,0.000000e+000,3,4.637146e-001,0.000000e+000,,,,,,,,,,,,,,32,1,4.000000e+000,2.620697e-003,0.000000e+000,0,,0,
1524688526.896,,0.000000e+000,5.500103e+001,1.361191e-006,0.000000e+000,3,4.431358e-001,0.000000e+000,,,,,,,,,,,,,,32,1,4.000000e+000,5.279541e-003,0.000000e+000,0,,0,
1524688539.656,,0.000000e+000,5.499905e+001,1.472067e-006,0.000000e+000,3,5.320566e-001,0.000000e+000,,,,,,,,,,,,,,32,1,4.000000e+000,3.948212e-003,0.000000e+000,0,,0,
1524688551.816,,0.000000e+000,5.499840e+001,1.395461e-006,0.000000e+000,3,4.653480e-001,0.000000e+000,,,,,,,,,,,,,,32,1,4.000000e+000,2.628326e-003,0.000000e+000,0,,0,
1524688564.286,,0.000000e+000,5.499905e+001,1.478277e-006,0.000000e+000,3,5.045723e-001,0.000000e+000,,,,,,,,,,,,,,32,1,4.000000e+000,1.319885e-003,0.000000e+000,0,,0,
1524688576.766,,0.000000e+000,5.499708e+001,1.371141e-006,0.000000e+000,3,4.218874e-001,0.000000e+000,,,,,,,,,,,,,,32,1,4.000000e+000,0.000000e+000,0.000000e+000,0,,0,
1524688589.396,,0.000000e+000,5.500168e+001,1.470305e-006,0.000000e+000,3,5.017483e-001,0.000000e+000,,,,,,,,,,,,,,32,1,4.000000e+000,6.580353e-003,0.000000e+000,0,,0,
1524688601.986,,0.000000e+000,5.499643e+001,1.318224e-006,0.000000e+000,3,4.330297e-001,0.000000e+000,,,,,,,,,,,,,,32,1,4.000000e+000,1.312256e-003,0.000000e+000,0,,0,
1524688614.526,,0.000000e+000,5.499906e+001,1.404542e-006,0.000000e+000,3,4.309973e-001,0.000000e+000,,,,,,,,,,,,,,32,1,4.000000e+000,6.580353e-003,0.000000e+000,0,,0,
1524688627.086,,0.000000e+000,5.500366e+001,1.290206e-006,0.000000e+000,3,4.184274e-001,0.000000e+000,,,,,,,,,,,,,,32,1,4.000000e+000,1.578140e-002,0.000000e+000,0,,0,
1524688639.806,,0.000000e+000,5.500563e+001,1.315217e-006,0.000000e+000,3,3.976489e-001,0.000000e+000,,,,,,,,,,,,,,32,1,4.000000e+000,1.184082e-002,0.000000e+000,0,,0,
1524688652.706,,0.000000e+000,5.499643e+001,1.354195e-006,0.000000e+000,3,4.745163e-001,0.000000e+000,,,,,,,,,,,,,,32,1,4.000000e+000,9.208679e-003,0.000000e+000,0,,0,
1524688665.066,,0.000000e+000,5.499643e+001,1.257572e-006,0.000000e+000,3,4.065339e-001,0.000000e+000,,,,,,,,,,,,,,32,1,4.000000e+000,1.312256e-003,0.000000e+000,0,,0,
1524688677.766,,0.000000e+000,5.499840e+001,1.303023e-006,0.000000e+000,3,4.400178e-001,0.000000e+000,,,,,,,,,,,,,,32,1,4.000000e+000,2.628326e-003,0.000000e+000,0,,0,
1524688690.206,,0.000000e+000,5.499773e+001,1.293592e-006,0.000000e+000,3,4.115092e-001,0.000000e+000,,,,,,,,,,,,,,32,1,4.000000e+000,1.308441e-003,0.000000e+000,0,,0,
1524688703.006,,0.000000e+000,5.499906e+001,1.319155e-006,0.000000e+000,3,4.551784e-001,0.000000e+000,,,,,,,,,,,,,,32,1,4.000000e+000,6.580353e-003,0.000000e+000,0,,0,
1524688715.416,,0.000000e+000,5.499773e+001,1.308615e-006,0.000000e+000,3,4.276709e-001,0.000000e+000,,,,,,,,,,,,,,32,1,4.000000e+000,1.308441e-003,0.000000e+000,0,,0,
1524688728.206,,0.000000e+000,5.500301e+001,1.292875e-006,0.000000e+000,3,4.307848e-001,0.000000e+000,,,,,,,,,,,,,,32,1,4.000000e+000,1.319885e-003,0.000000e+000,0,,0,
1524688740.576,,0.000000e+000,5.499051e+001,1.272159e-006,0.000000e+000,3,4.308765e-001,0.000000e+000,,,,,,,,,,,,,,32,1,4.000000e+000,5.260468e-003,0.000000e+000,0,,0,
1524688753.406,,0.000000e+000,5.499642e+001,1.326283e-006,0.000000e+000,3,4.590779e-001,0.000000e+000,,,,,,,,,,,,,,32,1,4.000000e+000,3.940582e-003,0.000000e+000,0,,0,
1524688765.776,,0.000000e+000,5.499182e+001,1.248685e-006,0.000000e+000,3,4.049355e-001,0.000000e+000,,,,,,,,,,,,,,32,1,4.000000e+000,1.314163e-002,0.000000e+000,0,,0,
1524688778.656,,0.000000e+000,5.500103e+001,1.338476e-006,0.000000e+000,3,4.501058e-001,0.000000e+000,,,,,,,,,,,,,,32,1,4.000000e+000,7.888794e-003,0.000000e+000,0,,0,
1524688790.896,,0.000000e+000,5.499774e+001,1.213030e-006,0.000000e+000,3,3.819720e-001,0.000000e+000,,,,,,,,,,,,,,32,1,4.000000e+000,6.580353e-003,0.000000e+000,0,,0,
1524688803.607,,0.000000e+000,5.500235e+001,1.294257e-006,0.000000e+000,3,4.075347e-001,0.000000e+000,,,,,,,,,,,,,,32,1,4.000000e+000,2.639771e-003,0.000000e+000,0,,0,
1524688815.907,,0.000000e+000,5.499906e+001,1.180782e-006,0.000000e+000,3,4.582478e-001,0.000000e+000,,,,,,,,,,,,,,32,1,4.000000e+000,9.220123e-003,0.000000e+000,0,,0,
1524688828.367,,0.000000e+000,5.499708e+001,1.317592e-006,0.000000e+000,3,4.117921e-001,0.000000e+000,,,,,,,,,,,,,,32,1,4.000000e+000,5.260468e-003,0.000000e+000,0,,0,
1524688841.287,,0.000000e+000,5.499905e+001,1.211708e-006,0.000000e+000,3,3.814146e-001,0.000000e+000,,,,,,,,,,,,,,32,1,4.000000e+000,1.319885e-003,0.000000e+000,0,,0,
1524688853.637,,0.000000e+000,5.499773e+001,1.275991e-006,0.000000e+000,3,3.517932e-001,0.000000e+000,,,,,,,,,,,,,,32,1,4.000000e+000,1.308441e-003,0.000000e+000,0,,0,
1524688866.107,,0.000000e+000,5.499511e+001,1.293961e-006,0.000000e+000,3,4.136546e-001,0.000000e+000,,,,,,,,,,,,,,32,1,4.000000e+000,3.940582e-003,0.000000e+000,0,,0,
1524688878.787,,0.000000e+000,5.499380e+001,1.212098e-006,0.000000e+000,3,3.260082e-001,0.000000e+000,,,,,,,,,,,,,,32,1,4.000000e+000,1.308441e-003,0.000000e+000,0,,0,
1524688891.717,,0.000000e+000,5.500103e+001,1.267952e-006,0.000000e+000,3,4.029103e-001,0.000000e+000,,,,,,,,,,,,,,32,1,4.000000e+000,1.316071e-002,0.000000e+000,0,,0,
1524688904.077,,0.000000e+000,5.499773e+001,1.202396e-006,0.000000e+000,3,3.839486e-001,0.000000e+000,,,,,,,,,,,,,,32,1,4.000000e+000,1.308441e-003,0.000000e+000,0,,0,
1524688916.757,,0.000000e+000,5.499774e+001,1.226744e-006,0.000000e+000,3,4.363668e-001,0.000000e+000,,,,,,,,,,,,,,32,1,4.000000e+000,6.580353e-003,0.000000e+000,0,,0,
1524688929.157,,0.000000e+000,5.499905e+001,1.254727e-006,0.000000e+000,3,3.795599e-001,0.000000e+000,,,,,,,,,,,,,,32,1,4.000000e+000,3.948212e-003,0.000000e+000,0,,0,
1524688941.967,,0.000000e+000,5.499773e+001,1.227753e-006,0.000000e+000,3,4.139768e-001,0.000000e+000,,,,,,,,,,,,,,32,1,4.000000e+000,1.308441e-003,0.000000e+000,0,,0,
1524688954.407,,0.000000e+000,5.499249e+001,1.222738e-006,0.000000e+000,3,3.905388e-001,0.000000e+000,,,,,,,,,,,,,,32,1,4.000000e+000,2.236938e-002,0.000000e+000,0,,0,
1524688966.637,,0.000000e+000,5.499380e+001,1.232741e-006,0.000000e+000,3,4.119545e-001,0.000000e+000,,,,,,,,,,,,,,32,1,4.000000e+000,1.308441e-003,0.000000e+000,0,,0,
1524688979.107,,0.000000e+000,5.499839e+001,1.161009e-006,0.000000e+000,3,2.931546e-001,0.000000e+000,,,,,,,,,,,,,,32,1,4.000000e+000,0.000000e+000,0.000000e+000,0,,0,
1524688991.857,,0.000000e+000,5.499708e+001,1.270360e-006,0.000000e+000,3,3.795561e-001,0.000000e+000,,,,,,,,,,,,,,32,1,4.000000e+000,2.620697e-003,0.000000e+000,0,,0,
1524689004.237,,0.000000e+000,5.499840e+001,1.193953e-006,0.000000e+000,3,3.701458e-001,0.000000e+000,,,,,,,,,,,,,,32,1,4.000000e+000,5.260468e-003,0.000000e+000,0,,0,
1524689017.027,,0.000000e+000,5.500103e+001,1.247058e-006,0.000000e+000,3,2.915286e-001,0.000000e+000,,,,,,,,,,,,,,32,1,4.000000e+000,0.000000e+000,0.000000e+000,0,,0,
1524689029.927,,0.000000e+000,5.500037e+001,1.263734e-006,0.000000e+000,3,4.276090e-001,0.000000e+000,,,,,,,,,,,,,,32,1,4.000000e+000,1.319885e-003,0.000000e+000,0,,0,
1524689042.667,,0.000000e+000,5.500037e+001,1.151371e-006,0.000000e+000,3,2.407121e-001,0.000000e+000,,,,,,,,,,,,,,32,1,4.000000e+000,1.319885e-003,0.000000e+000,0,,0,
1524689055.557,,0.000000e+000,5.498919e+001,1.295664e-006,0.000000e+000,3,3.858859e-001,0.000000e+000,,,,,,,,,,,,,,32,1,4.000000e+000,5.260468e-003,0.000000e+000,0,,0,
1524689067.727,,0.000000e+000,5.499840e+001,1.196670e-006,0.000000e+000,3,3.023864e-001,0.000000e+000,,,,,,,,,,,,,,32,1,4.000000e+000,2.628326e-003,0.000000e+000,0,,0,
1524689080.827,,0.000000e+000,5.500103e+001,1.272523e-006,0.000000e+000,3,3.655266e-001,0.000000e+000,,,,,,,,,,,,,,32,1,4.000000e+000,2.639771e-003,0.000000e+000,0,,0,
1524689093.387,,0.000000e+000,5.499906e+001,1.016582e-006,0.000000e+000,3,1.455103e-001,0.000000e+000,,,,,,,,,,,,,,32,1,4.000000e+000,6.580353e-003,0.000000e+000,0,,0,
1524689131.017,,0.000000e+000,5.499380e+001,1.166621e-006,0.000000e+000,3,2.232787e-001,0.000000e+000,,,,,,,,,,,,,,32,1,4.000000e+000,1.446915e-002,0.000000e+000,0,,0,
1524689144.077,,0.000000e+000,5.498919e+001,1.224891e-006,0.000000e+000,3,3.053191e-001,0.000000e+000,,,,,,,,,,,,,,32,1,4.000000e+000,5.260468e-003,0.000000e+000,0,,0,
1524689156.707,,0.000000e+000,5.499708e+001,9.996442e-007,0.000000e+000,3,1.443457e-001,0.000000e+000,,,,,,,,,,,,,,32,1,4.000000e+000,0.000000e+000,0.000000e+000,0,,0,
1524689169.447,,0.000000e+000,5.500235e+001,1.166315e-006,0.000000e+000,3,3.064732e-001,0.000000e+000,,,,,,,,,,,,,,32,1,4.000000e+000,2.639771e-003,0.000000e+000,0,,0,
1524689181.947,,0.000000e+000,5.498985e+001,1.064887e-006,0.000000e+000,3,2.630794e-001,0.000000e+000,,,,,,,,,,,,,,32,1,4.000000e+000,9.201050e-003,0.000000e+000,0,,0,
1524689194.637,,0.000000e+000,5.499840e+001,1.169472e-006,0.000000e+000,3,3.552123e-001,0.000000e+000,,,,,,,,,,,,,,32,1,4.000000e+000,7.900238e-003,0.000000e+000,0,,0,
1524689206.977,,0.000000e+000,5.499839e+001,1.010580e-006,0.000000e+000,3,2.335411e-001,0.000000e+000,,,,,,,,,,,,,,32,1,4.000000e+000,0.000000e+000,0.000000e+000,0,,0,
1524689219.917,,0.000000e+000,5.500432e+001,1.146090e-006,0.000000e+000,3,3.559126e-001,0.000000e+000,,,,,,,,,,,,,,32,1,4.000000e+000,1.300812e-003,0.000000e+000,0,,0,
1524689232.307,,0.000000e+000,5.499511e+001,1.085437e-006,0.000000e+000,3,2.338160e-001,0.000000e+000,,,,,,,,,,,,,,32,1,4.000000e+000,1.319885e-003,0.000000e+000,0,,0,
1524689245.097,,0.000000e+000,5.500037e+001,1.753885e-007,0.000000e+000,3,0.000000e+000,0.000000e+000,,,,,,,,,,,,,,32,1,4.000000e+000,1.319885e-003,0.000000e+000,0,,0,
1524689257.497,,0.000000e+000,5.499511e+001,9.232003e-007,0.000000e+000,3,0.000000e+000,0.000000e+000,,,,,,,,,,,,,,32,1,4.000000e+000,1.319885e-003,0.000000e+000,0,,0,
1524689270.317,,0.000000e+000,5.499972e+001,9.217054e-007,0.000000e+000,3,0.000000e+000,0.000000e+000,,,,,,,,,,,,,,32,1,4.000000e+000,5.268097e-003,0.000000e+000,0,,0,
1524689282.717,,0.000000e+000,5.499511e+001,1.027749e-006,0.000000e+000,3,1.226947e-001,0.000000e+000,,,,,,,,,,,,,,32,1,4.000000e+000,6.568909e-003,0.000000e+000,0,,0,
1524689295.547,,0.000000e+000,5.499183e+001,-4.333758e-007,0.000000e+000,3,0.000000e+000,0.000000e+000,,,,,,,,,,,,,,32,1,4.000000e+000,7.888794e-003,0.000000e+000,0,,0,
1524689307.947,,0.000000e+000,5.500103e+001,1.078942e-006,0.000000e+000,3,2.112354e-001,0.000000e+000,,,,,,,,,,,,,,32,1,4.000000e+000,7.888794e-003,0.000000e+000,0,,0,
1524689320.777,,0.000000e+000,5.499577e+001,-2.712935e-007,0.000000e+000,3,0.000000e+000,0.000000e+000,,,,,,,,,,,,,,32,1,4.000000e+000,1.578903e-002,0.000000e+000,0,,0,
1524689333.037,,0.000000e+000,5.499577e+001,6.477704e-007,0.000000e+000,3,0.000000e+000,0.000000e+000,,,,,,,,,,,,,,32,1,4.000000e+000,2.632141e-003,0.000000e+000,0,,0,
1524689347.977,,0.000000e+000,5.499643e+001,3.178957e-007,0.000000e+000,2,0.000000e+000,0.000000e+000,,,,,,,,,,,,,,32,1,4.000000e+000,1.312256e-003,0.000000e+000,0,,0,
1524689362.309,,0.000000e+000,5.500037e+001,2.648229e-007,0.000000e+000,2,0.000000e+000,0.000000e+000,,,,,,,,,,,,,,32,1,4.000000e+000,3.959656e-003,0.000000e+000,0,,0,
1524689373.679,,0.000000e+000,5.499971e+001,1.147068e-007,0.000000e+000,3,0.000000e+000,0.000000e+000,,,,,,,,,,,,,,32,1,4.000000e+000,1.052094e-002,0.000000e+000,0,,0,
1524689386.529,,0.000000e+000,5.499577e+001,1.024162e-006,0.000000e+000,3,3.097523e-001,0.000000e+000,,,,,,,,,,,,,,32,1,4.000000e+000,5.249023e-003,0.000000e+000,0,,0,
1524689399.189,,0.000000e+000,5.499708e+001,9.155962e-007,0.000000e+000,3,2.212340e-001,0.000000e+000,,,,,,,,,,,,,,32,1,4.000000e+000,0.000000e+000,0.000000e+000,0,,0,
1524689414.291,,0.000000e+000,5.499773e+001,2.441286e-007,0.000000e+000,2,0.000000e+000,0.000000e+000,,,,,,,,,,,,,,32,1,4.000000e+000,1.308441e-003,0.000000e+000,0,,0,
1524689428.723,,0.000000e+000,5.499709e+001,3.054199e-007,0.000000e+000,2,0.000000e+000,0.000000e+000,,,,,,,,,,,,,,32,1,4.000000e+000,1.052856e-002,0.000000e+000,0,,0,
1524689443.305,,0.000000e+000,5.500234e+001,2.035222e-007,0.000000e+000,2,0.000000e+000,0.000000e+000,,,,,,,,,,,,,,32,1,4.000000e+000,7.900238e-003,0.000000e+000,0,,0,
1524689458.047,,0.000000e+000,5.499577e+001,2.712881e-007,0.000000e+000,2,0.000000e+000,0.000000e+000,,,,,,,,,,,,,,32,1,4.000000e+000,5.249023e-003,0.000000e+000,0,,0,
1524689472.029,,0.000000e+000,5.499511e+001,2.459247e-007,0.000000e+000,2,0.000000e+000,0.000000e+000,,,,,,,,,,,,,,32,1,4.000000e+000,3.940582e-003,0.000000e+000,0,,0,
1524689486.251,,0.000000e+000,5.499971e+001,2.468445e-007,0.000000e+000,2,0.000000e+000,0.000000e+000,,,,,,,,,,,,,,32,1,4.000000e+000,0.000000e+000,0.000000e+000,0,,0,
1524689498.111,,0.000000e+000,5.499643e+001,-1.743794e-006,0.000000e+000,3,8.124173e-001,0.000000e+000,,,,,,,,,,,,,,32,1,4.000000e+000,6.568909e-003,0.000000e+000,0,,0,
1524689512.864,,0.000000e+000,5.499577e+001,3.009026e-007,0.000000e+000,2,0.000000e+000,0.000000e+000,,,,,,,,,,,,,,32,1,4.000000e+000,5.249023e-003,0.000000e+000,0,,0,
1524689526.326,,0.000000e+000,5.499313e+001,2.126956e-007,0.000000e+000,2,0.000000e+000,0.000000e+000,,,,,,,,,,,,,,32,1,4.000000e+000,2.628326e-003,0.000000e+000,0,,0,
1524689540.388,,0.000000e+000,5.499511e+001,2.682720e-007,0.000000e+000,2,0.000000e+000,0.000000e+000,,,,,,,,,,,,,,32,1,4.000000e+000,9.201050e-003,0.000000e+000,0,,0,
1524689554.410,,0.000000e+000,5.500037e+001,6.465446e-008,0.000000e+000,2,0.000000e+000,0.000000e+000,,,,,,,,,,,,,,32,1,4.000000e+000,1.184082e-002,0.000000e+000,0,,0,
1524689568.602,,0.000000e+000,5.499511e+001,2.229937e-007,0.000000e+000,2,0.000000e+000,0.000000e+000,,,,,,,,,,,,,,32,1,4.000000e+000,6.568909e-003,0.000000e+000,0,,0,
1524689582.494,,0.000000e+000,5.500169e+001,2.579812e-007,0.000000e+000,2,0.000000e+000,0.000000e+000,,,,,,,,,,,,,,32,1,4.000000e+000,1.319885e-003,0.000000e+000,0,,0,
1524689596.686,,0.000000e+000,5.499773e+001,2.192974e-007,0.000000e+000,2,0.000000e+000,0.000000e+000,,,,,,,,,,,,,,32,1,4.000000e+000,1.308441e-003,0.000000e+000,0,,0,
1524689608.716,,0.000000e+000,5.500498e+001,-1.783238e-006,0.000000e+000,3,8.075031e-001,0.000000e+000,,,,,,,,,,,,,,32,1,4.000000e+000,2.620697e-003,0.000000e+000,0,,0,
1524689621.466,,0.000000e+000,5.499906e+001,-1.858823e-006,0.000000e+000,3,8.241578e-001,0.000000e+000,,,,,,,,,,,,,,32,1,4.000000e+000,9.220123e-003,0.000000e+000,0,,0,
1524689636.108,,0.000000e+000,5.499445e+001,2.122999e-007,0.000000e+000,2,0.000000e+000,0.000000e+000,,,,,,,,,,,,,,32,1,4.000000e+000,0.000000e+000,0.000000e+000,0,,0,
1524689650.740,,0.000000e+000,5.499840e+001,2.325655e-007,0.000000e+000,2,0.000000e+000,0.000000e+000,,,,,,,,,,,,,,32,1,4.000000e+000,7.900238e-003,0.000000e+000,0,,0,
1524689664.872,,0.000000e+000,5.499642e+001,1.626173e-007,0.000000e+000,2,0.000000e+000,0.000000e+000,,,,,,,,,,,,,,32,1,4.000000e+000,3.940582e-003,0.000000e+000,0,,0,
1524689677.562,,0.000000e+000,5.499643e+001,-1.749668e-006,0.000000e+000,3,8.054499e-001,0.000000e+000,,,,,,,,,,,,,,32,1,4.000000e+000,1.312256e-003,0.000000e+000,0,,0,
1524689691.974,,0.000000e+000,5.500169e+001,1.931660e-007,0.000000e+000,2,0.000000e+000,0.000000e+000,,,,,,,,,,,,,,32,1,4.000000e+000,9.208679e-003,0.000000e+000,0,,0,
1524689705.696,,0.000000e+000,5.499248e+001,3.071325e-007,0.000000e+000,2,0.000000e+000,0.000000e+000,,,,,,,,,,,,,,32,1,4.000000e+000,3.940582e-003,0.000000e+000,0,,0,
1524689717.806,,0.000000e+000,5.499972e+001,-1.771630e-006,0.000000e+000,3,8.094506e-001,0.000000e+000,,,,,,,,,,,,,,32,1,4.000000e+000,7.900238e-003,0.000000e+000,0,,0,
1524689730.366,,0.000000e+000,5.499511e+001,-1.705624e-006,0.000000e+000,3,8.099674e-001,0.000000e+000,,,,,,,,,,,,,,32,1,4.000000e+000,1.319885e-003,0.000000e+000,0,,0,
1524689742.996,,0.000000e+000,5.499773e+001,-1.702935e-006,0.000000e+000,3,7.893660e-001,0.000000e+000,,,,,,,,,,,,,,32,1,4.000000e+000,1.308441e-003,0.000000e+000,0,,0,
1524689757.628,,0.000000e+000,5.499773e+001,4.366736e-008,0.000000e+000,2,0.000000e+000,0.000000e+000,,,,,,,,,,,,,,32,1,4.000000e+000,1.308441e-003,0.000000e+000,0,,0,
1524689769.528,,0.000000e+000,5.500366e+001,-1.593008e-006,0.000000e+000,3,7.575583e-001,0.000000e+000,,,,,,,,,,,,,,32,1,4.000000e+000,5.260468e-003,0.000000e+000,0,,0,
1524689782.098,,0.000000e+000,5.500498e+001,-1.791905e-006,0.000000e+000,3,8.317202e-001,0.000000e+000,,,,,,,,,,,,,,32,1,4.000000e+000,5.260468e-003,0.000000e+000,0,,0,
1524689796.710,,0.000000e+000,5.499775e+001,2.464832e-007,0.000000e+000,2,0.000000e+000,0.000000e+000,,,,,,,,,,,,,,32,1,4.000000e+000,1.184845e-002,0.000000e+000,0,,0,
1524689808.620,,0.000000e+000,5.499840e+001,-1.796282e-006,0.000000e+000,3,8.028039e-001,0.000000e+000,,,,,,,,,,,,,,32,1,4.000000e+000,5.260468e-003,0.000000e+000,0,,0,
1524689821.870,,0.000000e+000,5.499643e+001,-1.814588e-006,0.000000e+000,3,8.201484e-001,0.000000e+000,,,,,,,,,,,,,,32,1,4.000000e+000,6.568909e-003,0.000000e+000,0,,0,
1524689836.642,,0.000000e+000,5.499840e+001,2.117889e-007,0.000000e+000,2,0.000000e+000,0.000000e+000,,,,,,,,,,,,,,32,1,4.000000e+000,2.628326e-003,0.000000e+000,0,,0,
1524689850.714,,0.000000e+000,5.499905e+001,2.036913e-007,0.000000e+000,2,0.000000e+000,0.000000e+000,,,,,,,,,,,,,,32,1,4.000000e+000,3.948212e-003,0.000000e+000,0,,0,
1524689864.806,,0.000000e+000,5.499774e+001,2.217645e-007,0.000000e+000,2,0.000000e+000,0.000000e+000,,,,,,,,,,,,,,32,1,4.000000e+000,3.940582e-003,0.000000e+000,0,,0,
1524689876.796,,0.000000e+000,5.500234e+001,-1.750561e-006,0.000000e+000,3,8.096631e-001,0.000000e+000,,,,,,,,,,,,,,32,1,4.000000e+000,5.260468e-003,0.000000e+000,0,,0,
1524689889.516,,0.000000e+000,5.498919e+001,-1.684238e-006,0.000000e+000,3,8.103329e-001,0.000000e+000,,,,,,,,,,,,,,32,1,4.000000e+000,0.000000e+000,0.000000e+000,0,,0,
1524689902.086,,0.000000e+000,5.498590e+001,-1.791014e-006,0.000000e+000,3,8.069305e-001,0.000000e+000,,,,,,,,,,,,,,32,1,4.000000e+000,6.568909e-003,0.000000e+000,0,,0,
1524689915.126,,0.000000e+000,5.498853e+001,-1.417813e-006,0.000000e+000,3,4.030217e-001,0.000000e+000,,,,,,,,,,,,,,32,1,4.000000e+000,1.182938e-002,0.000000e+000,0,,0,
1524689927.496,,0.000000e+000,5.499774e+001,-1.488311e-006,0.000000e+000,3,7.709739e-001,0.000000e+000,,,,,,,,,,,,,,32,1,4.000000e+000,3.940582e-003,0.000000e+000,0,,0,
1524689942.178,,0.000000e+000,5.499116e+001,1.788126e-007,0.000000e+000,2,0.000000e+000,0.000000e+000,,,,,,,,,,,,,,32,1,4.000000e+000,1.446152e-002,0.000000e+000,0,,0,
1524689954.208,,0.000000e+000,5.499774e+001,-1.660049e-006,0.000000e+000,3,8.135100e-001,0.000000e+000,,,,,,,,,,,,,,32,1,4.000000e+000,6.580353e-003,0.000000e+000,0,,0,
1524689968.900,,0.000000e+000,5.499971e+001,3.605198e-008,0.000000e+000,2,0.000000e+000,0.000000e+000,,,,,,,,,,,,,,32,1,4.000000e+000,2.639771e-003,0.000000e+000,0,,0,
1524689983.182,,0.000000e+000,5.499379e+001,1.837954e-007,0.000000e+000,2,0.000000e+000,0.000000e+000,,,,,,,,,,,,,,32,1,4.000000e+000,9.201050e-003,0.000000e+000,0,,0,
1524689997.174,,0.000000e+000,5.500432e+001,4.274069e-008,0.000000e+000,2,0.000000e+000,0.000000e+000,,,,,,,,,,,,,,32,1,4.000000e+000,3.940582e-003,0.000000e+000,0,,0,
1524690011.606,,0.000000e+000,5.500169e+001,-3.035914e-008,0.000000e+000,2,0.000000e+000,0.000000e+000,,,,,,,,,,,,,,32,1,4.000000e+000,3.959656e-003,0.000000e+000,0,,0,
1524690025.568,,0.000000e+000,5.499642e+001,3.677453e-008,0.000000e+000,2,0.000000e+000,0.000000e+000,,,,,,,,,,,,,,32,1,4.000000e+000,3.940582e-003,0.000000e+000,0,,0,
1524690037.618,,0.000000e+000,5.500235e+001,-1.571016e-006,0.000000e+000,3,7.996946e-001,0.000000e+000,,,,,,,,,,,,,,32,1,4.000000e+000,0.000000e+000,0.000000e+000,0,,0,
1524690052.180,,0.000000e+000,5.499577e+001,-8.502352e-009,0.000000e+000,2,0.000000e+000,0.000000e+000,,,,,,,,,,,,,,32,1,4.000000e+000,5.249023e-003,0.000000e+000,0,,0,
1524690064.400,,0.000000e+000,5.500103e+001,-1.600199e-006,0.000000e+000,3,7.925376e-001,0.000000e+000,,,,,,,,,,,,,,32,1,4.000000e+000,0.000000e+000,0.000000e+000,0,,0,
1524690078.962,,0.000000e+000,5.499314e+001,1.908128e-007,0.000000e+000,2,0.000000e+000,0.000000e+000,,,,,,,,,,,,,,32,1,4.000000e+000,1.578140e-002,0.000000e+000,0,,0,
1524690093.114,,0.000000e+000,5.499905e+001,-2.961510e-008,0.000000e+000,2,0.000000e+000,0.000000e+000,,,,,,,,,,,,,,32,1,4.000000e+000,3.948212e-003,0.000000e+000,0,,0,
1524690105.634,,0.000000e+000,5.499708e+001,-1.556072e-006,0.000000e+000,3,8.069025e-001,0.000000e+000,,,,,,,,,,,,,,32,1,4.000000e+000,5.260468e-003,0.000000e+000,0,,0,
1524690118.354,,0.000000e+000,5.499511e+001,-1.416213e-006,0.000000e+000,3,8.101131e-001,0.000000e+000,,,,,,,,,,,,,,32,1,4.000000e+000,9.201050e-003,0.000000e+000,0,,0,
1524690130.374,,0.000000e+000,5.499117e+001,7.663768e-007,0.000000e+000,3,0.000000e+000,0.000000e+000,,,,,,,,,,,,,,32,1,4.000000e+000,1.312256e-003,0.000000e+000,0,,0,
1524690145.096,,0.000000e+000,5.499445e+001,-2.789363e-008,0.000000e+000,2,0.000000e+000,0.000000e+000,,,,,,,,,,,,,,32,1,4.000000e+000,5.260468e-003,0.000000e+000,0,,0,
1524690158.036,,0.000000e+000,5.499643e+001,9.435526e-007,0.000000e+000,3,1.626279e-001,0.000000e+000,,,,,,,,,,,,,,32,1,4.000000e+000,9.208679e-003,0.000000e+000,0,,0,
1524690170.986,,0.000000e+000,5.499313e+001,-1.636607e-006,0.000000e+000,3,7.766483e-001,0.000000e+000,,,,,,,,,,,,,,32,1,4.000000e+000,2.628326e-003,0.000000e+000,0,,0,
1524690183.576,,0.000000e+000,5.499773e+001,-1.628778e-006,0.000000e+000,3,8.039893e-001,0.000000e+000,,,,,,,,,,,,,,32,1,4.000000e+000,1.308441e-003,0.000000e+000,0,,0,
1524690196.036,,0.000000e+000,5.499445e+001,9.678553e-007,0.000000e+000,3,1.021176e-001,0.000000e+000,,,,,,,,,,,,,,32,1,4.000000e+000,2.628326e-003,0.000000e+000,0,,0,
1524690208.966,,0.000000e+000,5.499972e+001,1.002778e-006,0.000000e+000,3,1.673499e-001,0.000000e+000,,,,,,,,,,,,,,32,1,4.000000e+000,5.268097e-003,0.000000e+000,0,,0,
1524690221.476,,0.000000e+000,5.499577e+001,-1.493030e-006,0.000000e+000,3,8.022698e-001,0.000000e+000,,,,,,,,,,,,,,32,1,4.000000e+000,1.316071e-002,0.000000e+000,0,,0,
1524690234.207,,0.000000e+000,5.499709e+001,8.719489e-007,0.000000e+000,3,0.000000e+000,0.000000e+000,,,,,,,,,,,,,,32,1,4.000000e+000,1.316071e-002,0.000000e+000,0,,0,
1524690246.747,,0.000000e+000,5.499511e+001,8.644603e-007,0.000000e+000,3,7.791830e-002,0.000000e+000,,,,,,,,,,,,,,32,1,4.000000e+000,3.940582e-003,0.000000e+000,0,,0,
1524690261.219,,0.000000e+000,5.499972e+001,5.286028e-008,0.000000e+000,2,0.000000e+000,0.000000e+000,,,,,,,,,,,,,,32,1,4.000000e+000,5.268097e-003,0.000000e+000,0,,0,
1524690273.999,,0.000000e+000,5.500037e+001,-1.556601e-006,0.000000e+000,3,8.343872e-001,0.000000e+000,,,,,,,,,,,,,,32,1,4.000000e+000,6.587982e-003,0.000000e+000,0,,0,
1524690286.049,,0.000000e+000,5.499971e+001,-1.437428e-006,0.000000e+000,3,7.799813e-001,0.000000e+000,,,,,,,,,,,,,,32,1,4.000000e+000,2.639771e-003,0.000000e+000,0,,0,
1524690300.731,,0.000000e+000,5.499248e+001,-3.291456e-006,0.000000e+000,2,0.000000e+000,0.000000e+000,,,,,,,,,,,,,,32,1,4.000000e+000,6.580353e-003,0.000000e+000,0,,0,
1524690313.371,,0.000000e+000,5.499577e+001,1.048950e-006,0.000000e+000,3,2.461701e-001,0.000000e+000,,,,,,,,,,,,,,32,1,4.000000e+000,5.249023e-003,0.000000e+000,0,,0,
1524690325.921,,0.000000e+000,5.499971e+001,8.960483e-007,0.000000e+000,3,8.857522e-002,0.000000e+000,,,,,,,,,,,,,,32,1,4.000000e+000,2.639771e-003,0.000000e+000,0,,0,
1524690340.543,,0.000000e+000,5.499642e+001,4.378279e-008,0.000000e+000,2,0.000000e+000,0.000000e+000,,,,,,,,,,,,,,32,1,4.000000e+000,3.940582e-003,0.000000e+000,0,,0,
1524690354.785,,0.000000e+000,5.499577e+001,-3.434240e-008,0.000000e+000,2,0.000000e+000,0.000000e+000,,,,,,,,,,,,,,32,1,4.000000e+000,5.249023e-003,0.000000e+000,0,,0,
1524690368.777,,0.000000e+000,5.499248e+001,-3.407536e-008,0.000000e+000,2,0.000000e+000,0.000000e+000,,,,,,,,,,,,,,32,1,4.000000e+000,1.319885e-003,0.000000e+000,0,,0,
1524690382.779,,0.000000e+000,5.499708e+001,-5.649393e-008,0.000000e+000,2,0.000000e+000,0.000000e+000,,,,,,,,,,,,,,32,1,4.000000e+000,1.578140e-002,0.000000e+000,0,,0,
1524690396.611,,0.000000e+000,5.499773e+001,-7.544892e-008,0.000000e+000,2,0.000000e+000,0.000000e+000,,,,,,,,,,,,,,32,1,4.000000e+000,1.308441e-003,0.000000e+000,0,,0,
1524690410.853,,0.000000e+000,5.499774e+001,-4.344628e-008,0.000000e+000,2,0.000000e+000,0.000000e+000,,,,,,,,,,,,,,32,1,4.000000e+000,3.940582e-003,0.000000e+000,0,,0,
1524690425.585,,0.000000e+000,5.499314e+001,-4.192298e-008,0.000000e+000,2,0.000000e+000,0.000000e+000,,,,,,,,,,,,,,32,1,4.000000e+000,5.260468e-003,0.000000e+000,0,,0,
1524690437.945,,0.000000e+000,5.499313e+001,1.003739e-006,0.000000e+000,3,7.435610e-002,0.000000e+000,,,,,,,,,,,,,,32,1,4.000000e+000,7.892609e-003,0.000000e+000,0,,0,
1524690452.757,,0.000000e+000,5.499643e+001,-4.916453e-008,0.000000e+000,2,0.000000e+000,0.000000e+000,,,,,,,,,,,,,,32,1,4.000000e+000,1.312256e-003,0.000000e+000,0,,0,
1524690465.227,,0.000000e+000,5.500103e+001,9.876474e-007,0.000000e+000,3,9.025753e-002,0.000000e+000,,,,,,,,,,,,,,32,1,4.000000e+000,1.316071e-002,0.000000e+000,0,,0,
1524690477.987,,0.000000e+000,5.500234e+001,1.007696e-006,0.000000e+000,3,9.178724e-002,0.000000e+000,,,,,,,,,,,,,,32,1,4.000000e+000,7.900238e-003,0.000000e+000,0,,0,
1524690492.619,,0.000000e+000,5.500037e+001,-6.462643e-008,0.000000e+000,2,0.000000e+000,0.000000e+000,,,,,,,,,,,,,,32,1,4.000000e+000,9.201050e-003,0.000000e+000,0,,0,
1524690507.041,,0.000000e+000,5.499906e+001,-6.674508e-008,0.000000e+000,2,0.000000e+000,0.000000e+000,,,,,,,,,,,,,,32,1,4.000000e+000,6.580353e-003,0.000000e+000,0,,0,
1524690518.951,,0.000000e+000,5.499773e+001,1.044547e-006,0.000000e+000,3,7.674503e-002,0.000000e+000,,,,,,,,,,,,,,32,1,4.000000e+000,1.308441e-003,0.000000e+000,0,,0,
1524690531.321,,0.000000e+000,5.499708e+001,1.015367e-006,0.000000e+000,3,1.354293e-001,0.000000e+000,,,,,,,,,,,,,,32,1,4.000000e+000,0.000000e+000,0.000000e+000,0,,0,
1524690545.963,,0.000000e+000,5.499840e+001,-3.383287e-008,0.000000e+000,2,0.000000e+000,0.000000e+000,,,,,,,,,,,,,,32,1,4.000000e+000,2.628326e-003,0.000000e+000,0,,0,
1524690558.073,,0.000000e+000,5.499840e+001,1.177455e-006,0.000000e+000,3,2.546499e-001,0.000000e+000,,,,,,,,,,,,,,32,1,4.000000e+000,5.260468e-003,0.000000e+000,0,,0,
1524690572.285,,0.000000e+000,5.499971e+001,-3.859768e-008,0.000000e+000,2,0.000000e+000,0.000000e+000,,,,,,,,,,,,,,32,1,4.000000e+000,2.639771e-003,0.000000e+000,0,,0,
1524690586.617,,0.000000e+000,5.500169e+001,-3.951999e-008,0.000000e+000,2,0.000000e+000,0.000000e+000,,,,,,,,,,,,,,32,1,4.000000e+000,3.959656e-003,0.000000e+000,0,,0,
1524690599.307,,0.000000e+000,5.499905e+001,1.071204e-006,0.000000e+000,3,8.512719e-002,0.000000e+000,,,,,,,,,,,,,,32,1,4.000000e+000,3.948212e-003,0.000000e+000,0,,0,
1524690612.227,,0.000000e+000,5.499971e+001,1.174152e-006,0.000000e+000,3,2.682086e-001,0.000000e+000,,,,,,,,,,,,,,32,1,4.000000e+000,2.639771e-003,0.000000e+000,0,,0,
1524690626.529,,0.000000e+000,5.499248e+001,-3.009377e-008,0.000000e+000,2,0.000000e+000,0.000000e+000,,,,,,,,,,,,,,32,1,4.000000e+000,1.319885e-003,0.000000e+000,0,,0,
1524690638.329,,0.000000e+000,5.499577e+001,1.003545e-006,0.000000e+000,3,4.446090e-002,0.000000e+000,,,,,,,,,,,,,,32,1,4.000000e+000,5.249023e-003,0.000000e+000,0,,0,
1524690650.889,,0.000000e+000,5.500169e+001,1.084569e-006,0.000000e+000,3,2.618475e-001,0.000000e+000,,,,,,,,,,,,,,32,1,4.000000e+000,3.959656e-003,0.000000e+000,0,,0,
1524690663.849,,0.000000e+000,5.500169e+001,9.891190e-007,0.000000e+000,3,1.817464e-002,0.000000e+000,,,,,,,,,,,,,,32,1,4.000000e+000,3.959656e-003,0.000000e+000,0,,0,
1524690676.529,,0.000000e+000,5.499643e+001,1.156320e-006,0.000000e+000,3,2.255569e-001,0.000000e+000,,,,,,,,,,,,,,32,1,4.000000e+000,6.568909e-003,0.000000e+000,0,,0,
1524690690.951,,0.000000e+000,5.499840e+001,-9.840222e-009,0.000000e+000,2,0.000000e+000,0.000000e+000,,,,,,,,,,,,,,32,1,4.000000e+000,2.628326e-003,0.000000e+000,0,,0,
1524690705.333,,0.000000e+000,5.499905e+001,-6.877097e-008,0.000000e+000,2,0.000000e+000,0.000000e+000,,,,,,,,,,,,,,32,1,4.000000e+000,3.948212e-003,0.000000e+000,0,,0,
1524690718.133,,0.000000e+000,5.499905e+001,9.716190e-007,0.000000e+000,3,0.000000e+000,0.000000e+000,,,,,,,,,,,,,,32,1,4.000000e+000,1.319885e-003,0.000000e+000,0,,0,
1524690731.413,,0.000000e+000,5.499972e+001,1.103457e-006,0.000000e+000,3,2.823404e-001,0.000000e+000,,,,,,,,,,,,,,32,1,4.000000e+000,5.268097e-003,0.000000e+000,0,,0,
1524690745.965,,0.000000e+000,5.499511e+001,-5.824517e-008,0.000000e+000,2,0.000000e+000,0.000000e+000,,,,,,,,,,,,,,32,1,4.000000e+000,1.319885e-003,0.000000e+000,0,,0,
1524690760.657,,0.000000e+000,5.499708e+001,-6.364210e-008,0.000000e+000,2,0.000000e+000,0.000000e+000,,,,,,,,,,,,,,32,1,4.000000e+000,5.260468e-003,0.000000e+000,0,,0,
1524690772.757,,0.000000e+000,5.500168e+001,1.074173e-006,0.000000e+000,3,1.027818e-001,0.000000e+000,,,,,,,,,,,,,,32,1,4.000000e+000,6.580353e-003,0.000000e+000,0,,0,
1524690785.527,,0.000000e+000,5.499445e+001,1.104307e-006,0.000000e+000,3,1.973313e-001,0.000000e+000,,,,,,,,,,,,,,32,1,4.000000e+000,2.628326e-003,0.000000e+000,0,,0,
1524690798.007,,0.000000e+000,5.500037e+001,1.026103e-006,0.000000e+000,3,1.435326e-001,0.000000e+000,,,,,,,,,,,,,,32,1,4.000000e+000,1.319885e-003,0.000000e+000,0,,0,
1524690810.747,,0.000000e+000,5.500037e+001,1.122013e-006,0.000000e+000,3,2.104942e-001,0.000000e+000,,,,,,,,,,,,,,32,1,4.000000e+000,3.959656e-003,0.000000e+000,0,,0,
1524690825.129,,0.000000e+000,5.499577e+001,-5.145073e-008,0.000000e+000,2,0.000000e+000,0.000000e+000,,,,,,,,,,,,,,32,1,4.000000e+000,2.632141e-003,0.000000e+000,0,,0,
1524690839.001,,0.000000e+000,5.499905e+001,-2.957948e-008,0.000000e+000,2,0.000000e+000,0.000000e+000,,,,,,,,,,,,,,32,1,4.000000e+000,3.948212e-003,0.000000e+000,0,,0,
1524690850.861,,0.000000e+000,5.499511e+001,1.210088e-006,0.000000e+000,3,2.506453e-001,0.000000e+000,,,,,,,,,,,,,,32,1,4.000000e+000,1.319885e-003,0.000000e+000,0,,0,
1524690865.253,,0.000000e+000,5.499577e+001,-5.979539e-008,0.000000e+000,2,0.000000e+000,0.000000e+000,,,,,,,,,,,,,,32,1,4.000000e+000,2.632141e-003,0.000000e+000,0,,0,
1524690877.413,,0.000000e+000,5.499971e+001,9.989118e-007,0.000000e+000,3,1.783478e-002,0.000000e+000,,,,,,,,,,,,,,32,1,4.000000e+000,0.000000e+000,0.000000e+000,0,,0,
1524690890.023,,0.000000e+000,5.499905e+001,1.078127e-006,0.000000e+000,3,2.066396e-001,0.000000e+000,,,,,,,,,,,,,,32,1,4.000000e+000,1.319885e-003,0.000000e+000,0,,0,
1524690902.703,,0.000000e+000,5.499905e+001,1.008837e-006,0.000000e+000,3,1.090982e-001,0.000000e+000,,,,,,,,,,,,,,32,1,4.000000e+000,1.319885e-003,0.000000e+000,0,,0,
1524690915.623,,0.000000e+000,5.500300e+001,1.036143e-006,0.000000e+000,3,1.742624e-001,0.000000e+000,,,,,,,,,,,,,,32,1,4.000000e+000,6.580353e-003,0.000000e+000,0,,0,
1524690927.973,,0.000000e+000,5.499905e+001,1.016861e-006,0.000000e+000,3,1.540536e-001,0.000000e+000,,,,,,,,,,,,,,32,1,4.000000e+000,1.319885e-003,0.000000e+000,0,,0,
1524690940.684,,0.000000e+000,5.499511e+001,1.053123e-006,0.000000e+000,3,1.760683e-001,0.000000e+000,,,,,,,,,,,,,,32,1,4.000000e+000,1.319885e-003,0.000000e+000,0,,0,
1524690955.116,,0.000000e+000,5.499511e+001,-5.842557e-008,0.000000e+000,2,0.000000e+000,0.000000e+000,,,,,,,,,,,,,,32,1,4.000000e+000,3.940582e-003,0.000000e+000,0,,0,
1524690967.266,,0.000000e+000,5.499313e+001,9.944060e-007,0.000000e+000,3,5.206864e-002,0.000000e+000,,,,,,,,,,,,,,32,1,4.000000e+000,1.314926e-002,0.000000e+000,0,,0,
1524690979.686,,0.000000e+000,5.499248e+001,1.092937e-006,0.000000e+000,3,2.464005e-001,0.000000e+000,,,,,,,,,,,,,,32,1,4.000000e+000,1.182938e-002,0.000000e+000,0,,0,
1524690992.066,,0.000000e+000,5.499577e+001,9.154969e-007,0.000000e+000,3,0.000000e+000,0.000000e+000,,,,,,,,,,,,,,32,1,4.000000e+000,5.249023e-003,0.000000e+000,0,,0,
1524691004.986,,0.000000e+000,5.499642e+001,1.064040e-006,0.000000e+000,3,1.122034e-001,0.000000e+000,,,,,,,,,,,,,,32,1,4.000000e+000,3.940582e-003,0.000000e+000,0,,0,
1524691018.346,,0.000000e+000,5.499445e+001,1.003319e-006,0.000000e+000,3,2.222693e-001,0.000000e+000,,,,,,,,,,,,,,32,1,4.000000e+000,0.000000e+000,0.000000e+000,0,,0,
1524691032.218,,0.000000e+000,5.499642e+001,-6.630411e-008,0.000000e+000,2,0.000000e+000,0.000000e+000,,,,,,,,,,,,,,32,1,4.000000e+000,3.940582e-003,0.000000e+000,0,,0,
1524691044.308,,0.000000e+000,5.499971e+001,1.160142e-006,0.000000e+000,3,2.633537e-001,0.000000e+000,,,,,,,,,,,,,,32,1,4.000000e+000,2.639771e-003,0.000000e+000,0,,0,
1524691056.698,,0.000000e+000,5.499971e+001,1.039276e-006,0.000000e+000,3,1.524512e-001,0.000000e+000,,,,,,,,,,,,,,32,1,4.000000e+000,2.639771e-003,0.000000e+000,0,,0,
1524691069.528,,0.000000e+000,5.499642e+001,1.083637e-006,0.000000e+000,3,1.934540e-001,0.000000e+000,,,,,,,,,,,,,,32,1,4.000000e+000,3.940582e-003,0.000000e+000,0,,0,
1524691081.828,,0.000000e+000,5.499117e+001,8.683995e-007,0.000000e+000,3,5.763215e-002,0.000000e+000,,,,,,,,,,,,,,32,1,4.000000e+000,1.312256e-003,0.000000e+000,0,,0,
1524691096.060,,0.000000e+000,5.499380e+001,-3.465656e-008,0.000000e+000,2,0.000000e+000,0.000000e+000,,,,,,,,,,,,,,32,1,4.000000e+000,3.948212e-003,0.000000e+000,0,,0,
1524691108.370,,0.000000e+000,5.499248e+001,1.026878e-006,0.000000e+000,3,1.344337e-001,0.000000e+000,,,,,,,,,,,,,,32,1,4.000000e+000,1.710129e-002,0.000000e+000,0,,0,
1524691120.780,,0.000000e+000,5.499051e+001,9.469239e-007,0.000000e+000,3,6.565215e-002,0.000000e+000,,,,,,,,,,,,,,32,1,4.000000e+000,5.260468e-003,0.000000e+000,0,,0,
1524691133.640,,0.000000e+000,5.499971e+001,9.941119e-007,0.000000e+000,3,1.660156e-001,0.000000e+000,,,,,,,,,,,,,,32,1,4.000000e+000,0.000000e+000,0.000000e+000,0,,0,
1524691146.020,,0.000000e+000,5.498985e+001,9.673149e-007,0.000000e+000,3,1.003196e-001,0.000000e+000,,,,,,,,,,,,,,32,1,4.000000e+000,6.580353e-003,0.000000e+000,0,,0,
1524691158.850,,0.000000e+000,5.499906e+001,1.041002e-006,0.000000e+000,3,1.793111e-001,0.000000e+000,,,,,,,,,,,,,,32,1,4.000000e+000,6.580353e-003,0.000000e+000,0,,0,
1524691171.220,,0.000000e+000,5.500300e+001,1.013570e-006,0.000000e+000,3,1.609972e-001,0.000000e+000,,,,,,,,,,,,,,32,1,4.000000e+000,1.183701e-002,0.000000e+000,0,,0,
1524691184.070,,0.000000e+000,5.499840e+001,1.066941e-006,0.000000e+000,3,1.742881e-001,0.000000e+000,,,,,,,,,,,,,,32,1,4.000000e+000,2.628326e-003,0.000000e+000,0,,0,
1524691196.470,,0.000000e+000,5.499643e+001,9.544754e-007,0.000000e+000,3,5.440636e-002,0.000000e+000,,,,,,,,,,,,,,32,1,4.000000e+000,6.568909e-003,0.000000e+000,0,,0,
1524691209.280,,0.000000e+000,5.499774e+001,1.091616e-006,0.000000e+000,3,2.037173e-001,0.000000e+000,,,,,,,,,,,,,,32,1,4.000000e+000,6.580353e-003,0.000000e+000,0,,0,
1524691221.660,,0.000000e+000,5.500497e+001,1.096422e-006,0.000000e+000,3,1.816572e-001,0.000000e+000,,,,,,,,,,,,,,32,1,4.000000e+000,7.888794e-003,0.000000e+000,0,,0,
1524691234.500,,0.000000e+000,5.500169e+001,1.107437e-006,0.000000e+000,3,2.042113e-001,0.000000e+000,,,,,,,,,,,,,,32,1,4.000000e+000,9.208679e-003,0.000000e+000,0,,0,
1524691246.930,,0.000000e+000,5.500300e+001,9.958180e-007,0.000000e+000,3,1.396459e-001,0.000000e+000,,,,,,,,,,,,,,32,1,4.000000e+000,6.580353e-003,0.000000e+000,0,,0,
1524691259.730,,0.000000e+000,5.500300e+001,1.079871e-006,0.000000e+000,3,2.052882e-001,0.000000e+000,,,,,,,,,,,,,,32,1,4.000000e+000,3.940582e-003,0.000000e+000,0,,0,
1524691272.170,,0.000000e+000,5.499577e+001,9.721734e-007,0.000000e+000,3,8.282465e-002,0.000000e+000,,,,,,,,,,,,,,32,1,4.000000e+000,0.000000e+000,0.000000e+000,0,,0,
1524691284.970,,0.000000e+000,5.500103e+001,9.894434e-007,0.000000e+000,3,1.026265e-001,0.000000e+000,,,,,,,,,,,,,,32,1,4.000000e+000,0.000000e+000,0.000000e+000,0,,0,
1524691297.360,,0.000000e+000,5.499840e+001,9.491362e-007,0.000000e+000,3,7.596857e-002,0.000000e+000,,,,,,,,,,,,,,32,1,4.000000e+000,5.260468e-003,0.000000e+000,0,,0,
1524691310.160,,0.000000e+000,5.500235e+001,1.064595e-006,0.000000e+000,3,1.849826e-001,0.000000e+000,,,,,,,,,,,,,,32,1,4.000000e+000,2.639771e-003,0.000000e+000,0,,0,
1524691322.560,,0.000000e+000,5.499840e+001,1.012941e-006,0.000000e+000,3,1.629177e-001,0.000000e+000,,,,,,,,,,,,,,32,1,4.000000e+000,7.900238e-003,0.000000e+000,0,,0,
1524691335.410,,0.000000e+000,5.500037e+001,1.060343e-006,0.000000e+000,3,2.020869e-001,0.000000e+000,,,,,,,,,,,,,,32,1,4.000000e+000,6.587982e-003,0.000000e+000,0,,0,
1524691347.800,,0.000000e+000,5.499577e+001,9.847638e-007,0.000000e+000,3,1.305077e-001,0.000000e+000,,,,,,,,,,,,,,32,1,4.000000e+000,1.578903e-002,0.000000e+000,0,,0,
1524691360.600,,0.000000e+000,5.499708e+001,1.060093e-006,0.000000e+000,3,1.466947e-001,0.000000e+000,,,,,,,,,,,,,,32,1,4.000000e+000,0.000000e+000,0.000000e+000,0,,0,
1524691372.980,,0.000000e+000,5.499642e+001,1.050869e-006,0.000000e+000,3,1.646788e-001,0.000000e+000,,,,,,,,,,,,,,32,1,4.000000e+000,3.940582e-003,0.000000e+000,0,,0,
1524691385.810,,0.000000e+000,5.499839e+001,1.096280e-006,0.000000e+000,3,2.056278e-001,0.000000e+000,,,,,,,,,,,,,,32,1,4.000000e+000,0.000000e+000,0.000000e+000,0,,0,
1524691398.200,,0.000000e+000,5.499839e+001,9.687828e-007,0.000000e+000,3,9.315255e-002,0.000000e+000,,,,,,,,,,,,,,32,1,4.000000e+000,0.000000e+000,0.000000e+000,0,,0,
1524691411.050,,0.000000e+000,5.499774e+001,1.076135e-006,0.000000e+000,3,1.839872e-001,0.000000e+000,,,,,,,,,,,,,,32,1,4.000000e+000,3.940582e-003,0.000000e+000,0,,0,
1524691423.440,,0.000000e+000,5.499709e+001,9.594826e-007,0.000000e+000,3,8.067209e-002,0.000000e+000,,,,,,,,,,,,,,32,1,4.000000e+000,1.316071e-002,0.000000e+000,0,,0,
1524691436.230,,0.000000e+000,5.499643e+001,1.132343e-006,0.000000e+000,3,2.039779e-001,0.000000e+000,,,,,,,,,,,,,,32,1,4.000000e+000,1.312256e-003,0.000000e+000,0,,0,
1524691448.780,,0.000000e+000,5.499906e+001,9.653272e-007,0.000000e+000,3,7.865926e-002,0.000000e+000,,,,,,,,,,,,,,32,1,4.000000e+000,2.235794e-002,0.000000e+000,0,,0,
1524691461.480,,0.000000e+000,5.499971e+001,1.121285e-006,0.000000e+000,3,2.349054e-001,0.000000e+000,,,,,,,,,,,,,,32,1,4.000000e+000,2.639771e-003,0.000000e+000,0,,0,
1524691473.890,,0.000000e+000,5.500169e+001,1.036111e-006,0.000000e+000,3,1.974753e-001,0.000000e+000,,,,,,,,,,,,,,32,1,4.000000e+000,1.319885e-003,0.000000e+000,0,,0,
1524691486.690,,0.000000e+000,5.499840e+001,1.087957e-006,0.000000e+000,3,1.815450e-001,0.000000e+000,,,,,,,,,,,,,,32,1,4.000000e+000,2.628326e-003,0.000000e+000,0,,0,
1524691499.080,,0.000000e+000,5.499708e+001,1.024444e-006,0.000000e+000,3,1.680510e-001,0.000000e+000,,,,,,,,,,,,,,32,1,4.000000e+000,5.260468e-003,0.000000e+000,0,,0,
1524691511.860,,0.000000e+000,5.499774e+001,1.095917e-006,0.000000e+000,3,1.854535e-001,0.000000e+000,,,,,,,,,,,,,,32,1,4.000000e+000,3.940582e-003,0.000000e+000,0,,0,
1524691524.230,,0.000000e+000,5.499708e+001,9.335834e-007,0.000000e+000,3,1.412759e-001,0.000000e+000,,,,,,,,,,,,,,32,1,4.000000e+000,5.260468e-003,0.000000e+000,0,,0,
1524691536.720,,0.000000e+000,5.500037e+001,1.062030e-006,0.000000e+000,3,2.482689e-001,0.000000e+000,,,,,,,,,,,,,,32,1,4.000000e+000,6.587982e-003,0.000000e+000,0,,0,
1524691548.980,,0.000000e+000,5.499643e+001,9.504670e-007,0.000000e+000,3,8.321221e-002,0.000000e+000,,,,,,,,,,,,,,32,1,4.000000e+000,1.312256e-003,0.000000e+000,0,,0,
1524691561.750,,0.000000e+000,5.499577e+001,1.043732e-006,0.000000e+000,3,1.471725e-001,0.000000e+000,,,,,,,,,,,,,,32,1,4.000000e+000,1.052094e-002,0.000000e+000,0,,0,
1524691573.900,,0.000000e+000,5.499577e+001,9.625970e-007,0.000000e+000,3,1.334469e-001,0.000000e+000,,,,,,,,,,,,,,32,1,4.000000e+000,5.249023e-003,0.000000e+000,0,,0,
1524691586.420,,0.000000e+000,5.499708e+001,1.056841e-006,0.000000e+000,3,2.370837e-001,0.000000e+000,,,,,,,,,,,,,,32,1,4.000000e+000,0.000000e+000,0.000000e+000,0,,0,
1524691598.980,,0.000000e+000,5.500103e+001,9.744974e-007,0.000000e+000,3,1.510030e-001,0.000000e+000,,,,,,,,,,,,,,32,1,4.000000e+000,7.888794e-003,0.000000e+000,0,,0,
1524691611.650,,0.000000e+000,5.499840e+001,1.098049e-006,0.000000e+000,3,1.636663e-001,0.000000e+000,,,,,,,,,,,,,,32,1,4.000000e+000,2.628326e-003,0.000000e+000,0,,0,
1524691624.000,,0.000000e+000,5.499248e+001,1.012790e-006,0.000000e+000,3,1.075143e-001,0.000000e+000,,,,,,,,,,,,,,32,1,4.000000e+000,9.201050e-003,0.000000e+000,0,,0,
1524691636.880,,0.000000e+000,5.500169e+001,1.109000e-006,0.000000e+000,3,2.139444e-001,0.000000e+000,,,,,,,,,,,,,,32,1,4.000000e+000,1.319885e-003,0.000000e+000,0,,0,
1524691649.360,,0.000000e+000,5.499708e+001,1.052240e-006,0.000000e+000,3,1.831672e-001,0.000000e+000,,,,,,,,,,,,,,32,1,4.000000e+000,2.620697e-003,0.000000e+000,0,,0,
1524691662.001,,0.000000e+000,5.499445e+001,1.098131e-006,0.000000e+000,3,2.281145e-001,0.000000e+000,,,,,,,,,,,,,,32,1,4.000000e+000,2.628326e-003,0.000000e+000,0,,0,
1524691674.201,,0.000000e+000,5.500037e+001,9.537662e-007,0.000000e+000,3,1.316509e-001,0.000000e+000,,,,,,,,,,,,,,32,1,4.000000e+000,1.319885e-003,0.000000e+000,0,,0,
1524691687.311,,0.000000e+000,5.499445e+001,1.069557e-006,0.000000e+000,3,1.434530e-001,0.000000e+000,,,,,,,,,,,,,,32,1,4.000000e+000,2.628326e-003,0.000000e+000,0,,0,
1524691699.371,,0.000000e+000,5.499577e+001,9.025692e-007,0.000000e+000,3,1.755428e-001,0.000000e+000,,,,,,,,,,,,,,32,1,4.000000e+000,5.249023e-003,0.000000e+000,0,,0,
1524691711.941,,0.000000e+000,5.499642e+001,1.076902e-006,0.000000e+000,3,2.614401e-001,0.000000e+000,,,,,,,,,,,,,,32,1,4.000000e+000,3.940582e-003,0.000000e+000,0,,0,
1524691724.571,,0.000000e+000,5.499840e+001,9.025857e-007,0.000000e+000,3,1.091363e-001,0.000000e+000,,,,,,,,,,,,,,32,1,4.000000e+000,2.628326e-003,0.000000e+000,0,,0,
1524691737.231,,0.000000e+000,5.500037e+001,1.032994e-006,0.000000e+000,3,2.105068e-001,0.000000e+000,,,,,,,,,,,,,,32,1,4.000000e+000,1.319885e-003,0.000000e+000,0,,0,
1524691749.601,,0.000000e+000,5.499380e+001,9.960770e-007,0.000000e+000,3,1.437325e-001,0.000000e+000,,,,,,,,,,,,,,32,1,4.000000e+000,1.308441e-003,0.000000e+000,0,,0,
1524691762.431,,0.000000e+000,5.500366e+001,1.027271e-006,0.000000e+000,3,1.718245e-001,0.000000e+000,,,,,,,,,,,,,,32,1,4.000000e+000,1.578140e-002,0.000000e+000,0,,0,
1524691774.811,,0.000000e+000,5.499971e+001,1.014029e-006,0.000000e+000,3,1.386334e-001,0.000000e+000,,,,,,,,,,,,,,32,1,4.000000e+000,2.639771e-003,0.000000e+000,0,,0,
1524691789.641,,0.000000e+000,5.499971e+001,-2.740510e-007,0.000000e+000,2,0.000000e+000,0.000000e+000,,,,,,,,,,,,,,32,1,4.000000e+000,2.639771e-003,0.000000e+000,0,,0,
1524691804.273,,0.000000e+000,5.499445e+001,-2.663039e-007,0.000000e+000,2,0.000000e+000,0.000000e+000,,,,,,,,,,,,,,32,1,4.000000e+000,0.000000e+000,0.000000e+000,0,,0,
1524691818.325,,0.000000e+000,5.499643e+001,-2.517179e-007,0.000000e+000,2,0.000000e+000,0.000000e+000,,,,,,,,,,,,,,32,1,4.000000e+000,1.312256e-003,0.000000e+000,0,,0,
1524691830.255,,0.000000e+000,5.499840e+001,1.046407e-006,0.000000e+000,3,1.716116e-001,0.000000e+000,,,,,,,,,,,,,,32,1,4.000000e+000,2.628326e-003,0.000000e+000,0,,0,
1524691843.015,,0.000000e+000,5.499708e+001,1.088829e-006,0.000000e+000,3,2.117017e-001,0.000000e+000,,,,,,,,,,,,,,32,1,4.000000e+000,5.260468e-003,0.000000e+000,0,,0,
1524691855.375,,0.000000e+000,5.499840e+001,1.072497e-006,0.000000e+000,3,2.046797e-001,0.000000e+000,,,,,,,,,,,,,,32,1,4.000000e+000,7.900238e-003,0.000000e+000,0,,0,
1524691868.215,,0.000000e+000,5.499708e+001,1.122957e-006,0.000000e+000,3,2.629986e-001,0.000000e+000,,,,,,,,,,,,,,32,1,4.000000e+000,5.260468e-003,0.000000e+000,0,,0,
1524691880.575,,0.000000e+000,5.499774e+001,1.024279e-006,0.000000e+000,3,2.019191e-001,0.000000e+000,,,,,,,,,,,,,,32,1,4.000000e+000,6.580353e-003,0.000000e+000,0,,0,
1524691893.325,,0.000000e+000,5.500169e+001,1.046518e-006,0.000000e+000,3,1.254243e-001,0.000000e+000,,,,,,,,,,,,,,32,1,4.000000e+000,1.319885e-003,0.000000e+000,0,,0,
1524691908.367,,0.000000e+000,5.499709e+001,-2.479647e-007,0.000000e+000,2,0.000000e+000,0.000000e+000,,,,,,,,,,,,,,32,1,4.000000e+000,7.888794e-003,0.000000e+000,0,,0,
1524691922.319,,0.000000e+000,5.499380e+001,-2.644129e-007,0.000000e+000,2,0.000000e+000,0.000000e+000,,,,,,,,,,,,,,32,1,4.000000e+000,3.948212e-003,0.000000e+000,0,,0,
1524691936.401,,0.000000e+000,5.499512e+001,-2.512485e-007,0.000000e+000,2,0.000000e+000,0.000000e+000,,,,,,,,,,,,,,32,1,4.000000e+000,1.446915e-002,0.000000e+000,0,,0,
1524691948.621,,0.000000e+000,5.499840e+001,1.019463e-006,0.000000e+000,3,1.163769e-001,0.000000e+000,,,,,,,,,,,,,,32,1,4.000000e+000,2.628326e-003,0.000000e+000,0,,0,
1524691963.283,,0.000000e+000,5.499774e+001,-2.536653e-007,0.000000e+000,2,0.000000e+000,0.000000e+000,,,,,,,,,,,,,,32,1,4.000000e+000,3.940582e-003,0.000000e+000,0,,0,
1524691976.965,,0.000000e+000,5.499577e+001,-2.909970e-007,0.000000e+000,2,0.000000e+000,0.000000e+000,,,,,,,,,,,,,,32,1,4.000000e+000,2.632141e-003,0.000000e+000,0,,0,
1524691991.157,,0.000000e+000,5.499775e+001,-3.015582e-007,0.000000e+000,2,0.000000e+000,0.000000e+000,,,,,,,,,,,,,,32,1,4.000000e+000,9.208679e-003,0.000000e+000,0,,0,
1524692005.309,,0.000000e+000,5.499906e+001,-2.824321e-007,0.000000e+000,2,0.000000e+000,0.000000e+000,,,,,,,,,,,,,,32,1,4.000000e+000,6.580353e-003,0.000000e+000,0,,0,
1524692019.441,,0.000000e+000,5.499840e+001,-3.085426e-007,0.000000e+000,2,0.000000e+000,0.000000e+000,,,,,,,,,,,,,,32,1,4.000000e+000,7.900238e-003,0.000000e+000,0,,0,
1524692033.573,,0.000000e+000,5.500234e+001,-2.715574e-007,0.000000e+000,2,0.000000e+000,0.000000e+000,,,,,,,,,,,,,,32,1,4.000000e+000,1.314926e-002,0.000000e+000,0,,0,
1524692047.975,,0.000000e+000,5.499248e+001,-3.235243e-007,0.000000e+000,2,0.000000e+000,0.000000e+000,,,,,,,,,,,,,,32,1,4.000000e+000,9.201050e-003,0.000000e+000,0,,0,
1524692062.107,,0.000000e+000,5.499511e+001,-3.541312e-007,0.000000e+000,2,0.000000e+000,0.000000e+000,,,,,,,,,,,,,,32,1,4.000000e+000,3.940582e-003,0.000000e+000,0,,0,
1524692076.099,,0.000000e+000,5.499445e+001,-2.957232e-007,0.000000e+000,2,0.000000e+000,0.000000e+000,,,,,,,,,,,,,,32,1,4.000000e+000,1.578903e-002,0.000000e+000,0,,0,
1524692090.191,,0.000000e+000,5.499248e+001,-2.951288e-007,0.000000e+000,2,0.000000e+000,0.000000e+000,,,,,,,,,,,,,,32,1,4.000000e+000,3.940582e-003,0.000000e+000,0,,0,
1524692104.743,,0.000000e+000,5.499840e+001,-2.950727e-007,0.000000e+000,2,0.000000e+000,0.000000e+000,,,,,,,,,,,,,,32,1,4.000000e+000,5.260468e-003,0.000000e+000,0,,0,
1524692116.953,,0.000000e+000,5.499380e+001,1.182124e-006,0.000000e+000,3,1.942544e-001,0.000000e+000,,,,,,,,,,,,,,32,1,4.000000e+000,1.308441e-003,0.000000e+000,0,,0,
1524692131.315,,0.000000e+000,5.499511e+001,-2.835550e-007,0.000000e+000,2,0.000000e+000,0.000000e+000,,,,,,,,,,,,,,32,1,4.000000e+000,1.319885e-003,0.000000e+000,0,,0,
1524692142.755,,0.000000e+000,5.499577e+001,1.014416e-006,0.000000e+000,3,7.219029e-002,0.000000e+000,,,,,,,,,,,,,,32,1,4.000000e+000,7.888794e-003,0.000000e+000,0,,0,
1524692157.337,,0.000000e+000,5.499643e+001,-2.782699e-007,0.000000e+000,2,0.000000e+000,0.000000e+000,,,,,,,,,,,,,,32,1,4.000000e+000,9.208679e-003,0.000000e+000,0,,0,
1524692171.479,,0.000000e+000,5.500103e+001,-3.460531e-007,0.000000e+000,2,0.000000e+000,0.000000e+000,,,,,,,,,,,,,,32,1,4.000000e+000,5.279541e-003,0.000000e+000,0,,0,
1524692186.051,,0.000000e+000,5.499971e+001,-3.378244e-007,0.000000e+000,2,0.000000e+000,0.000000e+000,,,,,,,,,,,,,,32,1,4.000000e+000,2.639771e-003,0.000000e+000,0,,0,
1524692200.533,,0.000000e+000,5.499773e+001,-3.480424e-007,0.000000e+000,2,0.000000e+000,0.000000e+000,,,,,,,,,,,,,,32,1,4.000000e+000,1.308441e-003,0.000000e+000,0,,0,
1524692214.365,,0.000000e+000,5.500169e+001,-2.834619e-007,0.000000e+000,2,0.000000e+000,0.000000e+000,,,,,,,,,,,,,,32,1,4.000000e+000,3.959656e-003,0.000000e+000,0,,0,
1524692228.577,,0.000000e+000,5.500037e+001,-2.804231e-007,0.000000e+000,2,0.000000e+000,0.000000e+000,,,,,,,,,,,,,,32,1,4.000000e+000,3.959656e-003,0.000000e+000,0,,0,
1524692242.589,,0.000000e+000,5.499314e+001,-3.257955e-007,0.000000e+000,2,0.000000e+000,0.000000e+000,,,,,,,,,,,,,,32,1,4.000000e+000,5.260468e-003,0.000000e+000,0,,0,
1524692257.081,,0.000000e+000,5.500169e+001,-3.312891e-007,0.000000e+000,2,0.000000e+000,0.000000e+000,,,,,,,,,,,,,,32,1,4.000000e+000,1.319885e-003,0.000000e+000,0,,0,
1524692271.463,,0.000000e+000,5.499905e+001,-3.478965e-007,0.000000e+000,2,0.000000e+000,0.000000e+000,,,,,,,,,,,,,,32,1,4.000000e+000,1.319885e-003,0.000000e+000,0,,0,
