[Header]
TITLE,MPMS DC Measurement
BYAPP,MPMS Measurement,2.1,Summary
FILEOPENTIME, 1524256549.561000 4/20/2018, 2:35:49 PM

INFO, APPNAME, MPMS MultiVu Application, Revision 1.61,  Build 082

INFO, NAME, TC04-12-01K
INFO, WEIGHT, 1.000
INFO, AREA, 1.000
INFO, LENGTH, 1.000
INFO, SHAPE, 0
INFO, COMMENT, 
INFO, SEQUENCE FILE: VRMac_56K_6000s_VRMde_55K.seq


INFO, BACKGROUND DATA FILE:, None


STARTUPAXIS,X,4,LINEAR,AUTO,0.000000,0.000000
STARTUPAXIS,Y1,5,LINEAR,AUTO,0.000000,0.000000


STARTUPGROUP,Longitudinal
FIELDGROUP,Longitudinal,1,2,3,4,5,6,7,8,9,15,16,17,18,27,28
FIELDGROUP,Transverse,1,2,3,4,10,11,12,13,14,19,20,21,22,27,28

PLOT_APPEARANCE,ALL,HORZ_GRID_ON,VERT_GRID_ON,MARKERS_AND_LINES

[Data]
Time,Comment,Field (Oe),Temperature (K),Long Moment (emu),Long Scan Std Dev,Long Algorithm,Long Reg Fit,Long Percent Error (%),Trans Moment (emu),Trans Scan Std Dev,Trans Algorithm,Trans Reg Fit,Trans Percent Error (%),Long Moment [w/o ABS] (emu),Long Scan Std Dev [w/o ABS],Long Reg Fit [w/o ABS],Long Percent Error [w/o ABS] (%),Trans Moment [w/o ABS] (emu),Trans Scan Std Dev [w/o ABS],Trans Reg Fit [w/o ABS],Trans Percent Error [w/o ABS] (%),Points per Scan,Scans per Measurement,Scan Length (cm),Delta Temp (K),Rot Position (deg),Error,EC Comp. Running,Using ABS,
1524256549.561,,0.000000e+000,5.605066e+001,-4.998547e-005,0.000000e+000,2,6.403229e-001,0.000000e+000,,,,,,,,,,,,,,32,1,4.000000e+000,1.224136e-002,0.000000e+000,0,,0,
1524256562.641,,0.000000e+000,5.604385e+001,-5.232924e-005,0.000000e+000,2,6.437730e-001,0.000000e+000,,,,,,,,,,,,,,32,1,4.000000e+000,1.369476e-003,0.000000e+000,0,,0,
1524256575.211,,0.000000e+000,5.603093e+001,-5.371758e-005,0.000000e+000,2,6.433545e-001,0.000000e+000,,,,,,,,,,,,,,32,1,4.000000e+000,2.719879e-003,0.000000e+000,0,,0,
1524256588.091,,0.000000e+000,5.602481e+001,-5.487911e-005,0.000000e+000,2,6.461763e-001,0.000000e+000,,,,,,,,,,,,,,32,1,4.000000e+000,1.358032e-003,0.000000e+000,0,,0,
1524256600.231,,0.000000e+000,5.602141e+001,-5.559582e-005,0.000000e+000,2,6.440093e-001,0.000000e+000,,,,,,,,,,,,,,32,1,4.000000e+000,2.719879e-003,0.000000e+000,0,,0,
1524256638.121,,0.000000e+000,5.600918e+001,-5.734411e-005,0.000000e+000,2,6.477637e-001,0.000000e+000,,,,,,,,,,,,,,32,1,4.000000e+000,8.159637e-003,0.000000e+000,0,,0,
1524256650.331,,0.000000e+000,5.600171e+001,-5.772306e-005,0.000000e+000,2,6.469617e-001,0.000000e+000,,,,,,,,,,,,,,32,1,4.000000e+000,1.350403e-003,0.000000e+000,0,,0,
1524256663.371,,0.000000e+000,5.600646e+001,-5.805054e-005,0.000000e+000,2,6.490697e-001,0.000000e+000,,,,,,,,,,,,,,32,1,4.000000e+000,5.428314e-003,0.000000e+000,0,,0,
1524256675.561,,0.000000e+000,5.600646e+001,-5.851170e-005,0.000000e+000,2,6.482280e-001,0.000000e+000,,,,,,,,,,,,,,32,1,4.000000e+000,5.428314e-003,0.000000e+000,0,,0,
1524256688.361,,0.000000e+000,5.599763e+001,-5.882275e-005,0.000000e+000,2,6.490600e-001,0.000000e+000,,,,,,,,,,,,,,32,1,4.000000e+000,1.222992e-002,0.000000e+000,0,,0,
1524256700.841,,0.000000e+000,5.599831e+001,-5.910698e-005,0.000000e+000,2,6.490508e-001,0.000000e+000,,,,,,,,,,,,,,32,1,4.000000e+000,1.358032e-002,0.000000e+000,0,,0,
1524256713.581,,0.000000e+000,5.600102e+001,-5.934505e-005,0.000000e+000,2,6.493474e-001,0.000000e+000,,,,,,,,,,,,,,32,1,4.000000e+000,2.712250e-003,0.000000e+000,0,,0,
1524256726.191,,0.000000e+000,5.599899e+001,-5.969618e-005,0.000000e+000,2,6.495929e-001,0.000000e+000,,,,,,,,,,,,,,32,1,4.000000e+000,6.790161e-003,0.000000e+000,0,,0,
1524256738.931,,0.000000e+000,5.599016e+001,-5.989055e-005,0.000000e+000,2,6.490511e-001,0.000000e+000,,,,,,,,,,,,,,32,1,4.000000e+000,1.086044e-002,0.000000e+000,0,,0,
1524256751.341,,0.000000e+000,5.600171e+001,-6.011509e-005,0.000000e+000,2,6.505243e-001,0.000000e+000,,,,,,,,,,,,,,32,1,4.000000e+000,1.350403e-003,0.000000e+000,0,,0,
1524256763.501,,0.000000e+000,5.599899e+001,-6.034680e-005,0.000000e+000,2,6.488466e-001,0.000000e+000,,,,,,,,,,,,,,32,1,4.000000e+000,1.358032e-003,0.000000e+000,0,,0,
1524256775.881,,0.000000e+000,5.599967e+001,-6.053396e-005,0.000000e+000,2,6.508420e-001,0.000000e+000,,,,,,,,,,,,,,32,1,4.000000e+000,0.000000e+000,0.000000e+000,0,,0,
1524256788.241,,0.000000e+000,5.599628e+001,-6.068976e-005,0.000000e+000,2,6.494170e-001,0.000000e+000,,,,,,,,,,,,,,32,1,4.000000e+000,6.786346e-003,0.000000e+000,0,,0,
1524256800.901,,0.000000e+000,5.599831e+001,-6.098443e-005,0.000000e+000,2,6.515416e-001,0.000000e+000,,,,,,,,,,,,,,32,1,4.000000e+000,1.086807e-002,0.000000e+000,0,,0,
1524256813.441,,0.000000e+000,5.600374e+001,-6.108194e-005,0.000000e+000,2,6.503548e-001,0.000000e+000,,,,,,,,,,,,,,32,1,4.000000e+000,2.719879e-003,0.000000e+000,0,,0,
1524256826.041,,0.000000e+000,5.599492e+001,-6.129577e-005,0.000000e+000,2,6.524816e-001,0.000000e+000,,,,,,,,,,,,,,32,1,4.000000e+000,4.066467e-003,0.000000e+000,0,,0,
1524256838.611,,0.000000e+000,5.599831e+001,-6.133324e-005,0.000000e+000,2,6.501169e-001,0.000000e+000,,,,,,,,,,,,,,32,1,4.000000e+000,8.140564e-003,0.000000e+000,0,,0,
1524256851.341,,0.000000e+000,5.600238e+001,-6.150128e-005,0.000000e+000,2,6.516532e-001,0.000000e+000,,,,,,,,,,,,,,32,1,4.000000e+000,0.000000e+000,0.000000e+000,0,,0,
1524256864.421,,0.000000e+000,5.599763e+001,-6.178461e-005,0.000000e+000,2,6.504733e-001,0.000000e+000,,,,,,,,,,,,,,32,1,4.000000e+000,6.790161e-003,0.000000e+000,0,,0,
1524256876.761,,0.000000e+000,5.599560e+001,-6.186235e-005,0.000000e+000,2,6.515928e-001,0.000000e+000,,,,,,,,,,,,,,32,1,4.000000e+000,1.086807e-002,0.000000e+000,0,,0,
1524256889.801,,0.000000e+000,5.599287e+001,-6.207569e-005,0.000000e+000,2,6.535069e-001,0.000000e+000,,,,,,,,,,,,,,32,1,4.000000e+000,5.428314e-003,0.000000e+000,0,,0,
1524256902.101,,0.000000e+000,5.600646e+001,-6.211198e-005,0.000000e+000,2,6.513615e-001,0.000000e+000,,,,,,,,,,,,,,32,1,4.000000e+000,1.902008e-002,0.000000e+000,0,,0,
1524256914.841,,0.000000e+000,5.600035e+001,-6.227871e-005,0.000000e+000,2,6.533473e-001,0.000000e+000,,,,,,,,,,,,,,32,1,4.000000e+000,1.361847e-003,0.000000e+000,0,,0,
1524256927.341,,0.000000e+000,5.599696e+001,-6.245929e-005,0.000000e+000,2,6.520792e-001,0.000000e+000,,,,,,,,,,,,,,32,1,4.000000e+000,5.428314e-003,0.000000e+000,0,,0,
1524256940.131,,0.000000e+000,5.599559e+001,-6.253219e-005,0.000000e+000,2,6.533164e-001,0.000000e+000,,,,,,,,,,,,,,32,1,4.000000e+000,2.708435e-003,0.000000e+000,0,,0,
1524256952.511,,0.000000e+000,5.599695e+001,-6.255742e-005,0.000000e+000,2,6.517783e-001,0.000000e+000,,,,,,,,,,,,,,32,1,4.000000e+000,0.000000e+000,0.000000e+000,0,,0,
1524256965.211,,0.000000e+000,5.600307e+001,-6.279654e-005,0.000000e+000,2,6.541383e-001,0.000000e+000,,,,,,,,,,,,,,32,1,4.000000e+000,4.070282e-003,0.000000e+000,0,,0,
1524256977.662,,0.000000e+000,5.599831e+001,-6.287536e-005,0.000000e+000,2,6.531174e-001,0.000000e+000,,,,,,,,,,,,,,32,1,4.000000e+000,2.719879e-003,0.000000e+000,0,,0,
1524256990.642,,0.000000e+000,5.599695e+001,-6.290528e-005,0.000000e+000,2,6.536778e-001,0.000000e+000,,,,,,,,,,,,,,32,1,4.000000e+000,0.000000e+000,0.000000e+000,0,,0,
1524257003.422,,0.000000e+000,5.599084e+001,-6.306716e-005,0.000000e+000,2,6.532854e-001,0.000000e+000,,,,,,,,,,,,,,32,1,4.000000e+000,9.490967e-003,0.000000e+000,0,,0,
1524257015.752,,0.000000e+000,5.599628e+001,-6.316339e-005,0.000000e+000,2,6.539603e-001,0.000000e+000,,,,,,,,,,,,,,32,1,4.000000e+000,6.786346e-003,0.000000e+000,0,,0,
1524257028.142,,0.000000e+000,5.599899e+001,-6.327342e-005,0.000000e+000,2,6.527977e-001,0.000000e+000,,,,,,,,,,,,,,32,1,4.000000e+000,1.221848e-002,0.000000e+000,0,,0,
1524257040.572,,0.000000e+000,5.599696e+001,-6.338896e-005,0.000000e+000,2,6.545171e-001,0.000000e+000,,,,,,,,,,,,,,32,1,4.000000e+000,8.148193e-003,0.000000e+000,0,,0,
1524257053.072,,0.000000e+000,5.599831e+001,-6.349717e-005,0.000000e+000,2,6.528769e-001,0.000000e+000,,,,,,,,,,,,,,32,1,4.000000e+000,8.140564e-003,0.000000e+000,0,,0,
1524257065.742,,0.000000e+000,5.600171e+001,-6.351232e-005,0.000000e+000,2,6.541086e-001,0.000000e+000,,,,,,,,,,,,,,32,1,4.000000e+000,1.350403e-003,0.000000e+000,0,,0,
1524257078.342,,0.000000e+000,5.600375e+001,-6.365863e-005,0.000000e+000,2,6.548608e-001,0.000000e+000,,,,,,,,,,,,,,32,1,4.000000e+000,5.428314e-003,0.000000e+000,0,,0,
1524257091.012,,0.000000e+000,5.600306e+001,-6.371958e-005,0.000000e+000,2,6.543397e-001,0.000000e+000,,,,,,,,,,,,,,32,1,4.000000e+000,6.790161e-003,0.000000e+000,0,,0,
1524257103.682,,0.000000e+000,5.600102e+001,-6.376388e-005,0.000000e+000,2,6.555305e-001,0.000000e+000,,,,,,,,,,,,,,32,1,4.000000e+000,8.152008e-003,0.000000e+000,0,,0,
1524257116.062,,0.000000e+000,5.599356e+001,-6.387099e-005,0.000000e+000,2,6.548055e-001,0.000000e+000,,,,,,,,,,,,,,32,1,4.000000e+000,1.358032e-003,0.000000e+000,0,,0,
1524257128.972,,0.000000e+000,5.600171e+001,-6.398161e-005,0.000000e+000,2,6.550891e-001,0.000000e+000,,,,,,,,,,,,,,32,1,4.000000e+000,1.350403e-003,0.000000e+000,0,,0,
1524257141.892,,0.000000e+000,5.599355e+001,-6.405021e-005,0.000000e+000,2,6.544525e-001,0.000000e+000,,,,,,,,,,,,,,32,1,4.000000e+000,9.510040e-003,0.000000e+000,0,,0,
1524257154.192,,0.000000e+000,5.599696e+001,-6.403311e-005,0.000000e+000,2,6.544830e-001,0.000000e+000,,,,,,,,,,,,,,32,1,4.000000e+000,5.428314e-003,0.000000e+000,0,,0,
1524257166.722,,0.000000e+000,5.600171e+001,-6.425209e-005,0.000000e+000,2,6.548380e-001,0.000000e+000,,,,,,,,,,,,,,32,1,4.000000e+000,4.081726e-003,0.000000e+000,0,,0,
1524257179.272,,0.000000e+000,5.600103e+001,-6.428321e-005,0.000000e+000,2,6.556998e-001,0.000000e+000,,,,,,,,,,,,,,32,1,4.000000e+000,5.439758e-003,0.000000e+000,0,,0,
1524257192.312,,0.000000e+000,5.599424e+001,-6.433840e-005,0.000000e+000,2,6.552169e-001,0.000000e+000,,,,,,,,,,,,,,32,1,4.000000e+000,0.000000e+000,0.000000e+000,0,,0,
1524257204.902,,0.000000e+000,5.599695e+001,-6.441841e-005,0.000000e+000,2,6.536202e-001,0.000000e+000,,,,,,,,,,,,,,32,1,4.000000e+000,2.719879e-003,0.000000e+000,0,,0,
1524257218.062,,0.000000e+000,5.599763e+001,-6.448256e-005,0.000000e+000,2,6.555473e-001,0.000000e+000,,,,,,,,,,,,,,32,1,4.000000e+000,1.361847e-003,0.000000e+000,0,,0,
1524257230.372,,0.000000e+000,5.599967e+001,-6.457862e-005,0.000000e+000,2,6.551499e-001,0.000000e+000,,,,,,,,,,,,,,32,1,4.000000e+000,0.000000e+000,0.000000e+000,0,,0,
1524257243.032,,0.000000e+000,5.600307e+001,-6.459585e-005,0.000000e+000,2,6.555713e-001,0.000000e+000,,,,,,,,,,,,,,32,1,4.000000e+000,1.369476e-003,0.000000e+000,0,,0,
1524257255.512,,0.000000e+000,5.599899e+001,-6.467984e-005,0.000000e+000,2,6.553178e-001,0.000000e+000,,,,,,,,,,,,,,32,1,4.000000e+000,4.081726e-003,0.000000e+000,0,,0,
1524257268.302,,0.000000e+000,5.599287e+001,-6.478898e-005,0.000000e+000,2,6.563708e-001,0.000000e+000,,,,,,,,,,,,,,32,1,4.000000e+000,8.148193e-003,0.000000e+000,0,,0,
1524257280.642,,0.000000e+000,5.600034e+001,-6.479620e-005,0.000000e+000,2,6.556129e-001,0.000000e+000,,,,,,,,,,,,,,32,1,4.000000e+000,4.070282e-003,0.000000e+000,0,,0,
1524257293.302,,0.000000e+000,5.600102e+001,-6.493790e-005,0.000000e+000,2,6.568514e-001,0.000000e+000,,,,,,,,,,,,,,32,1,4.000000e+000,2.712250e-003,0.000000e+000,0,,0,
1524257306.072,,0.000000e+000,5.599492e+001,-6.500533e-005,0.000000e+000,2,6.559991e-001,0.000000e+000,,,,,,,,,,,,,,32,1,4.000000e+000,9.506226e-003,0.000000e+000,0,,0,
1524257318.652,,0.000000e+000,5.599424e+001,-6.504066e-005,0.000000e+000,2,6.565124e-001,0.000000e+000,,,,,,,,,,,,,,32,1,4.000000e+000,8.148193e-003,0.000000e+000,0,,0,
1524257331.262,,0.000000e+000,5.600102e+001,-6.514569e-005,0.000000e+000,2,6.571365e-001,0.000000e+000,,,,,,,,,,,,,,32,1,4.000000e+000,8.152008e-003,0.000000e+000,0,,0,
1524257343.962,,0.000000e+000,5.599967e+001,-6.515634e-005,0.000000e+000,2,6.555964e-001,0.000000e+000,,,,,,,,,,,,,,32,1,4.000000e+000,1.086044e-002,0.000000e+000,0,,0,
1524257356.512,,0.000000e+000,5.599695e+001,-6.525636e-005,0.000000e+000,2,6.570364e-001,0.000000e+000,,,,,,,,,,,,,,32,1,4.000000e+000,2.719879e-003,0.000000e+000,0,,0,
1524257368.952,,0.000000e+000,5.599492e+001,-6.528667e-005,0.000000e+000,2,6.561496e-001,0.000000e+000,,,,,,,,,,,,,,32,1,4.000000e+000,1.222992e-002,0.000000e+000,0,,0,
1524257381.672,,0.000000e+000,5.600103e+001,-6.539797e-005,0.000000e+000,2,6.572448e-001,0.000000e+000,,,,,,,,,,,,,,32,1,4.000000e+000,5.439758e-003,0.000000e+000,0,,0,
1524257394.032,,0.000000e+000,5.600375e+001,-6.543603e-005,0.000000e+000,2,6.564392e-001,0.000000e+000,,,,,,,,,,,,,,32,1,4.000000e+000,0.000000e+000,0.000000e+000,0,,0,
1524257406.952,,0.000000e+000,5.599967e+001,-6.537668e-005,0.000000e+000,2,6.577490e-001,0.000000e+000,,,,,,,,,,,,,,32,1,4.000000e+000,2.719879e-003,0.000000e+000,0,,0,
1524257419.092,,0.000000e+000,5.599763e+001,-6.548309e-005,0.000000e+000,2,6.569418e-001,0.000000e+000,,,,,,,,,,,,,,32,1,4.000000e+000,6.790161e-003,0.000000e+000,0,,0,
1524257431.722,,0.000000e+000,5.599899e+001,-6.558819e-005,0.000000e+000,2,6.588469e-001,0.000000e+000,,,,,,,,,,,,,,32,1,4.000000e+000,4.081726e-003,0.000000e+000,0,,0,
1524257444.262,,0.000000e+000,5.599899e+001,-6.561732e-005,0.000000e+000,2,6.569485e-001,0.000000e+000,,,,,,,,,,,,,,32,1,4.000000e+000,4.081726e-003,0.000000e+000,0,,0,
1524257456.852,,0.000000e+000,5.599831e+001,-6.572207e-005,0.000000e+000,2,6.587127e-001,0.000000e+000,,,,,,,,,,,,,,32,1,4.000000e+000,5.439758e-003,0.000000e+000,0,,0,
1524257469.032,,0.000000e+000,5.600171e+001,-6.574729e-005,0.000000e+000,2,6.566384e-001,0.000000e+000,,,,,,,,,,,,,,32,1,4.000000e+000,6.790161e-003,0.000000e+000,0,,0,
1524257481.572,,0.000000e+000,5.599831e+001,-6.580506e-005,0.000000e+000,2,6.588885e-001,0.000000e+000,,,,,,,,,,,,,,32,1,4.000000e+000,5.439758e-003,0.000000e+000,0,,0,
1524257494.502,,0.000000e+000,5.599627e+001,-6.587410e-005,0.000000e+000,2,6.575522e-001,0.000000e+000,,,,,,,,,,,,,,32,1,4.000000e+000,1.358032e-003,0.000000e+000,0,,0,
1524257507.112,,0.000000e+000,5.600102e+001,-6.587775e-005,0.000000e+000,2,6.584187e-001,0.000000e+000,,,,,,,,,,,,,,32,1,4.000000e+000,2.712250e-003,0.000000e+000,0,,0,
1524257519.692,,0.000000e+000,5.599627e+001,-6.593446e-005,0.000000e+000,2,6.571562e-001,0.000000e+000,,,,,,,,,,,,,,32,1,4.000000e+000,1.221848e-002,0.000000e+000,0,,0,
1524257532.022,,0.000000e+000,5.599560e+001,-6.603565e-005,0.000000e+000,2,6.593243e-001,0.000000e+000,,,,,,,,,,,,,,32,1,4.000000e+000,5.428314e-003,0.000000e+000,0,,0,
1524257544.802,,0.000000e+000,5.599967e+001,-6.606820e-005,0.000000e+000,2,6.587109e-001,0.000000e+000,,,,,,,,,,,,,,32,1,4.000000e+000,2.719879e-003,0.000000e+000,0,,0,
1524257556.942,,0.000000e+000,5.599559e+001,-6.606342e-005,0.000000e+000,2,6.582473e-001,0.000000e+000,,,,,,,,,,,,,,32,1,4.000000e+000,2.708435e-003,0.000000e+000,0,,0,
1524257569.552,,0.000000e+000,5.599492e+001,-6.617400e-005,0.000000e+000,2,6.586636e-001,0.000000e+000,,,,,,,,,,,,,,32,1,4.000000e+000,4.066467e-003,0.000000e+000,0,,0,
1524257581.892,,0.000000e+000,5.599763e+001,-6.613349e-005,0.000000e+000,2,6.583183e-001,0.000000e+000,,,,,,,,,,,,,,32,1,4.000000e+000,9.498596e-003,0.000000e+000,0,,0,
1524257595.452,,0.000000e+000,5.600307e+001,-6.634415e-005,0.000000e+000,2,6.604028e-001,0.000000e+000,,,,,,,,,,,,,,32,1,4.000000e+000,1.369476e-003,0.000000e+000,0,,0,
1524257608.052,,0.000000e+000,5.599695e+001,-6.627589e-005,0.000000e+000,2,6.586727e-001,0.000000e+000,,,,,,,,,,,,,,32,1,4.000000e+000,2.719879e-003,0.000000e+000,0,,0,
1524257620.402,,0.000000e+000,5.599831e+001,-6.636600e-005,0.000000e+000,2,6.590019e-001,0.000000e+000,,,,,,,,,,,,,,32,1,4.000000e+000,0.000000e+000,0.000000e+000,0,,0,
1524257633.362,,0.000000e+000,5.599899e+001,-6.642126e-005,0.000000e+000,2,6.599153e-001,0.000000e+000,,,,,,,,,,,,,,32,1,4.000000e+000,1.358032e-003,0.000000e+000,0,,0,
1524257646.062,,0.000000e+000,5.599559e+001,-6.643301e-005,0.000000e+000,2,6.585590e-001,0.000000e+000,,,,,,,,,,,,,,32,1,4.000000e+000,8.148193e-003,0.000000e+000,0,,0,
1524257658.662,,0.000000e+000,5.599356e+001,-6.649308e-005,0.000000e+000,2,6.608211e-001,0.000000e+000,,,,,,,,,,,,,,32,1,4.000000e+000,1.493073e-002,0.000000e+000,0,,0,
1524257670.902,,0.000000e+000,5.599763e+001,-6.651058e-005,0.000000e+000,2,6.595690e-001,0.000000e+000,,,,,,,,,,,,,,32,1,4.000000e+000,6.790161e-003,0.000000e+000,0,,0,
1524257683.672,,0.000000e+000,5.599152e+001,-6.654526e-005,0.000000e+000,2,6.607130e-001,0.000000e+000,,,,,,,,,,,,,,32,1,4.000000e+000,5.439758e-003,0.000000e+000,0,,0,
1524257696.253,,0.000000e+000,5.599423e+001,-6.662188e-005,0.000000e+000,2,6.599201e-001,0.000000e+000,,,,,,,,,,,,,,32,1,4.000000e+000,1.086807e-002,0.000000e+000,0,,0,
1524257708.533,,0.000000e+000,5.599763e+001,-6.668745e-005,0.000000e+000,2,6.594546e-001,0.000000e+000,,,,,,,,,,,,,,32,1,4.000000e+000,4.077911e-003,0.000000e+000,0,,0,
1524257720.923,,0.000000e+000,5.599152e+001,-6.667696e-005,0.000000e+000,2,6.590321e-001,0.000000e+000,,,,,,,,,,,,,,32,1,4.000000e+000,0.000000e+000,0.000000e+000,0,,0,
1524257733.243,,0.000000e+000,5.599967e+001,-6.673173e-005,0.000000e+000,2,6.602510e-001,0.000000e+000,,,,,,,,,,,,,,32,1,4.000000e+000,1.630020e-002,0.000000e+000,0,,0,
1524257745.513,,0.000000e+000,5.599696e+001,-6.682322e-005,0.000000e+000,2,6.596177e-001,0.000000e+000,,,,,,,,,,,,,,32,1,4.000000e+000,1.358795e-002,0.000000e+000,0,,0,
1524257758.143,,0.000000e+000,5.599287e+001,-6.683227e-005,0.000000e+000,2,6.608970e-001,0.000000e+000,,,,,,,,,,,,,,32,1,4.000000e+000,5.428314e-003,0.000000e+000,0,,0,
1524257771.053,,0.000000e+000,5.599763e+001,-6.693036e-005,0.000000e+000,2,6.602616e-001,0.000000e+000,,,,,,,,,,,,,,32,1,4.000000e+000,4.077911e-003,0.000000e+000,0,,0,
1524257783.653,,0.000000e+000,5.599288e+001,-6.685153e-005,0.000000e+000,2,6.610597e-001,0.000000e+000,,,,,,,,,,,,,,32,1,4.000000e+000,2.719879e-003,0.000000e+000,0,,0,
1524257796.573,,0.000000e+000,5.599559e+001,-6.692804e-005,0.000000e+000,2,6.611049e-001,0.000000e+000,,,,,,,,,,,,,,32,1,4.000000e+000,8.148193e-003,0.000000e+000,0,,0,
1524257808.923,,0.000000e+000,5.599831e+001,-6.694409e-005,0.000000e+000,2,6.607277e-001,0.000000e+000,,,,,,,,,,,,,,32,1,4.000000e+000,8.140564e-003,0.000000e+000,0,,0,
1524257821.603,,0.000000e+000,5.599967e+001,-6.704291e-005,0.000000e+000,2,6.614844e-001,0.000000e+000,,,,,,,,,,,,,,32,1,4.000000e+000,1.086044e-002,0.000000e+000,0,,0,
1524257834.443,,0.000000e+000,5.599696e+001,-6.700776e-005,0.000000e+000,2,6.604335e-001,0.000000e+000,,,,,,,,,,,,,,32,1,4.000000e+000,5.428314e-003,0.000000e+000,0,,0,
1524257847.013,,0.000000e+000,5.599559e+001,-6.711005e-005,0.000000e+000,2,6.616166e-001,0.000000e+000,,,,,,,,,,,,,,32,1,4.000000e+000,8.148193e-003,0.000000e+000,0,,0,
1524257859.733,,0.000000e+000,5.599899e+001,-6.719294e-005,0.000000e+000,2,6.614358e-001,0.000000e+000,,,,,,,,,,,,,,32,1,4.000000e+000,1.493835e-002,0.000000e+000,0,,0,
1524257872.313,,0.000000e+000,5.600035e+001,-6.710890e-005,0.000000e+000,2,6.611981e-001,0.000000e+000,,,,,,,,,,,,,,32,1,4.000000e+000,1.361847e-003,0.000000e+000,0,,0,
1524257884.633,,0.000000e+000,5.600035e+001,-6.723544e-005,0.000000e+000,2,6.613966e-001,0.000000e+000,,,,,,,,,,,,,,32,1,4.000000e+000,1.361847e-003,0.000000e+000,0,,0,
1524257897.303,,0.000000e+000,5.599831e+001,-6.726068e-005,0.000000e+000,2,6.614573e-001,0.000000e+000,,,,,,,,,,,,,,32,1,4.000000e+000,2.719879e-003,0.000000e+000,0,,0,
1524257909.853,,0.000000e+000,5.599627e+001,-6.735934e-005,0.000000e+000,2,6.628553e-001,0.000000e+000,,,,,,,,,,,,,,32,1,4.000000e+000,1.358032e-003,0.000000e+000,0,,0,
1524257922.533,,0.000000e+000,5.599559e+001,-6.731085e-005,0.000000e+000,2,6.611916e-001,0.000000e+000,,,,,,,,,,,,,,32,1,4.000000e+000,2.708435e-003,0.000000e+000,0,,0,
1524257935.053,,0.000000e+000,5.599899e+001,-6.737354e-005,0.000000e+000,2,6.623046e-001,0.000000e+000,,,,,,,,,,,,,,32,1,4.000000e+000,4.081726e-003,0.000000e+000,0,,0,
1524257947.613,,0.000000e+000,5.600578e+001,-6.737261e-005,0.000000e+000,2,6.606245e-001,0.000000e+000,,,,,,,,,,,,,,32,1,4.000000e+000,6.797791e-003,0.000000e+000,0,,0,
1524257960.253,,0.000000e+000,5.599763e+001,-6.741511e-005,0.000000e+000,2,6.627091e-001,0.000000e+000,,,,,,,,,,,,,,32,1,4.000000e+000,1.361847e-003,0.000000e+000,0,,0,
1524257972.473,,0.000000e+000,5.599967e+001,-6.742757e-005,0.000000e+000,2,6.616507e-001,0.000000e+000,,,,,,,,,,,,,,32,1,4.000000e+000,2.719879e-003,0.000000e+000,0,,0,
1524257985.193,,0.000000e+000,5.599220e+001,-6.750681e-005,0.000000e+000,2,6.626465e-001,0.000000e+000,,,,,,,,,,,,,,32,1,4.000000e+000,4.077911e-003,0.000000e+000,0,,0,
1524257997.723,,0.000000e+000,5.600171e+001,-6.746934e-005,0.000000e+000,2,6.619934e-001,0.000000e+000,,,,,,,,,,,,,,32,1,4.000000e+000,6.790161e-003,0.000000e+000,0,,0,
1524258010.453,,0.000000e+000,5.599763e+001,-6.753927e-005,0.000000e+000,2,6.631593e-001,0.000000e+000,,,,,,,,,,,,,,32,1,4.000000e+000,6.790161e-003,0.000000e+000,0,,0,
1524258022.783,,0.000000e+000,5.599831e+001,-6.757107e-005,0.000000e+000,2,6.624202e-001,0.000000e+000,,,,,,,,,,,,,,32,1,4.000000e+000,8.140564e-003,0.000000e+000,0,,0,
1524258035.723,,0.000000e+000,5.599763e+001,-6.760799e-005,0.000000e+000,2,6.639851e-001,0.000000e+000,,,,,,,,,,,,,,32,1,4.000000e+000,9.498596e-003,0.000000e+000,0,,0,
1524258048.273,,0.000000e+000,5.599356e+001,-6.767688e-005,0.000000e+000,2,6.626492e-001,0.000000e+000,,,,,,,,,,,,,,32,1,4.000000e+000,1.358032e-003,0.000000e+000,0,,0,
1524258060.903,,0.000000e+000,5.599696e+001,-6.772012e-005,0.000000e+000,2,6.634507e-001,0.000000e+000,,,,,,,,,,,,,,32,1,4.000000e+000,8.148193e-003,0.000000e+000,0,,0,
1524258073.433,,0.000000e+000,5.599763e+001,-6.770188e-005,0.000000e+000,2,6.630411e-001,0.000000e+000,,,,,,,,,,,,,,32,1,4.000000e+000,6.790161e-003,0.000000e+000,0,,0,
1524258085.963,,0.000000e+000,5.599424e+001,-6.778927e-005,0.000000e+000,2,6.639321e-001,0.000000e+000,,,,,,,,,,,,,,32,1,4.000000e+000,0.000000e+000,0.000000e+000,0,,0,
1524258098.373,,0.000000e+000,5.599831e+001,-6.780534e-005,0.000000e+000,2,6.634483e-001,0.000000e+000,,,,,,,,,,,,,,32,1,4.000000e+000,8.140564e-003,0.000000e+000,0,,0,
1524258111.503,,0.000000e+000,5.600035e+001,-6.786102e-005,0.000000e+000,2,6.647353e-001,0.000000e+000,,,,,,,,,,,,,,32,1,4.000000e+000,1.361847e-003,0.000000e+000,0,,0,
1524258123.903,,0.000000e+000,5.599967e+001,-6.790166e-005,0.000000e+000,2,6.619505e-001,0.000000e+000,,,,,,,,,,,,,,32,1,4.000000e+000,0.000000e+000,0.000000e+000,0,,0,
1524258136.323,,0.000000e+000,5.600035e+001,-6.790100e-005,0.000000e+000,2,6.632648e-001,0.000000e+000,,,,,,,,,,,,,,32,1,4.000000e+000,1.361847e-003,0.000000e+000,0,,0,
1524258148.693,,0.000000e+000,5.599967e+001,-6.795447e-005,0.000000e+000,2,6.629047e-001,0.000000e+000,,,,,,,,,,,,,,32,1,4.000000e+000,2.719879e-003,0.000000e+000,0,,0,
1524258161.513,,0.000000e+000,5.600102e+001,-6.798135e-005,0.000000e+000,2,6.634248e-001,0.000000e+000,,,,,,,,,,,,,,32,1,4.000000e+000,2.712250e-003,0.000000e+000,0,,0,
1524258173.873,,0.000000e+000,5.599424e+001,-6.797327e-005,0.000000e+000,2,6.628158e-001,0.000000e+000,,,,,,,,,,,,,,32,1,4.000000e+000,2.708435e-003,0.000000e+000,0,,0,
1524258186.553,,0.000000e+000,5.599966e+001,-6.805461e-005,0.000000e+000,2,6.637328e-001,0.000000e+000,,,,,,,,,,,,,,32,1,4.000000e+000,5.432129e-003,0.000000e+000,0,,0,
1524258198.943,,0.000000e+000,5.599831e+001,-6.798732e-005,0.000000e+000,2,6.627297e-001,0.000000e+000,,,,,,,,,,,,,,32,1,4.000000e+000,2.719879e-003,0.000000e+000,0,,0,
1524258211.653,,0.000000e+000,5.599152e+001,-6.809647e-005,0.000000e+000,2,6.650120e-001,0.000000e+000,,,,,,,,,,,,,,32,1,4.000000e+000,5.439758e-003,0.000000e+000,0,,0,
1524258224.033,,0.000000e+000,5.599287e+001,-6.811183e-005,0.000000e+000,2,6.634058e-001,0.000000e+000,,,,,,,,,,,,,,32,1,4.000000e+000,8.148193e-003,0.000000e+000,0,,0,
1524258236.743,,0.000000e+000,5.599967e+001,-6.813370e-005,0.000000e+000,2,6.644065e-001,0.000000e+000,,,,,,,,,,,,,,32,1,4.000000e+000,8.159637e-003,0.000000e+000,0,,0,
1524258249.143,,0.000000e+000,5.599899e+001,-6.818699e-005,0.000000e+000,2,6.634442e-001,0.000000e+000,,,,,,,,,,,,,,32,1,4.000000e+000,1.358032e-003,0.000000e+000,0,,0,
1524258261.873,,0.000000e+000,5.599628e+001,-6.823108e-005,0.000000e+000,2,6.644540e-001,0.000000e+000,,,,,,,,,,,,,,32,1,4.000000e+000,4.070282e-003,0.000000e+000,0,,0,
1524258274.243,,0.000000e+000,5.599559e+001,-6.822738e-005,0.000000e+000,2,6.637723e-001,0.000000e+000,,,,,,,,,,,,,,32,1,4.000000e+000,2.708435e-003,0.000000e+000,0,,0,
1524258286.923,,0.000000e+000,5.599696e+001,-6.829474e-005,0.000000e+000,2,6.644759e-001,0.000000e+000,,,,,,,,,,,,,,32,1,4.000000e+000,8.148193e-003,0.000000e+000,0,,0,
1524258299.343,,0.000000e+000,5.599696e+001,-6.830800e-005,0.000000e+000,2,6.639104e-001,0.000000e+000,,,,,,,,,,,,,,32,1,4.000000e+000,8.148193e-003,0.000000e+000,0,,0,
1524258312.033,,0.000000e+000,5.599763e+001,-6.827997e-005,0.000000e+000,2,6.652727e-001,0.000000e+000,,,,,,,,,,,,,,32,1,4.000000e+000,4.077911e-003,0.000000e+000,0,,0,
1524258324.423,,0.000000e+000,5.599763e+001,-6.832126e-005,0.000000e+000,2,6.643886e-001,0.000000e+000,,,,,,,,,,,,,,32,1,4.000000e+000,4.077911e-003,0.000000e+000,0,,0,
1524258337.063,,0.000000e+000,5.599492e+001,-6.837348e-005,0.000000e+000,2,6.660206e-001,0.000000e+000,,,,,,,,,,,,,,32,1,4.000000e+000,9.506226e-003,0.000000e+000,0,,0,
1524258349.773,,0.000000e+000,5.599220e+001,-6.840497e-005,0.000000e+000,2,6.647043e-001,0.000000e+000,,,,,,,,,,,,,,32,1,4.000000e+000,4.077911e-003,0.000000e+000,0,,0,
1524258362.403,,0.000000e+000,5.599831e+001,-6.841808e-005,0.000000e+000,2,6.657605e-001,0.000000e+000,,,,,,,,,,,,,,32,1,4.000000e+000,8.140564e-003,0.000000e+000,0,,0,
1524258375.003,,0.000000e+000,5.599627e+001,-6.846275e-005,0.000000e+000,2,6.655408e-001,0.000000e+000,,,,,,,,,,,,,,32,1,4.000000e+000,1.221848e-002,0.000000e+000,0,,0,
1524258387.693,,0.000000e+000,5.599560e+001,-6.841079e-005,0.000000e+000,2,6.636431e-001,0.000000e+000,,,,,,,,,,,,,,32,1,4.000000e+000,1.086807e-002,0.000000e+000,0,,0,
1524258400.264,,0.000000e+000,5.599763e+001,-6.850740e-005,0.000000e+000,2,6.653897e-001,0.000000e+000,,,,,,,,,,,,,,32,1,4.000000e+000,6.790161e-003,0.000000e+000,0,,0,
1524258412.694,,0.000000e+000,5.599424e+001,-6.852631e-005,0.000000e+000,2,6.643080e-001,0.000000e+000,,,,,,,,,,,,,,32,1,4.000000e+000,8.148193e-003,0.000000e+000,0,,0,
1524258425.444,,0.000000e+000,5.600510e+001,-6.860978e-005,0.000000e+000,2,6.655179e-001,0.000000e+000,,,,,,,,,,,,,,32,1,4.000000e+000,8.148193e-003,0.000000e+000,0,,0,
1524258437.884,,0.000000e+000,5.599899e+001,-6.858459e-005,0.000000e+000,2,6.644735e-001,0.000000e+000,,,,,,,,,,,,,,32,1,4.000000e+000,4.081726e-003,0.000000e+000,0,,0,
1524258450.614,,0.000000e+000,5.599492e+001,-6.860719e-005,0.000000e+000,2,6.655294e-001,0.000000e+000,,,,,,,,,,,,,,32,1,4.000000e+000,4.066467e-003,0.000000e+000,0,,0,
1524258463.004,,0.000000e+000,5.599763e+001,-6.865309e-005,0.000000e+000,2,6.651337e-001,0.000000e+000,,,,,,,,,,,,,,32,1,4.000000e+000,1.361847e-003,0.000000e+000,0,,0,
1524258475.614,,0.000000e+000,5.600035e+001,-6.864282e-005,0.000000e+000,2,6.661236e-001,0.000000e+000,,,,,,,,,,,,,,32,1,4.000000e+000,1.361847e-003,0.000000e+000,0,,0,
1524258487.984,,0.000000e+000,5.599831e+001,-6.868390e-005,0.000000e+000,2,6.651658e-001,0.000000e+000,,,,,,,,,,,,,,32,1,4.000000e+000,2.719879e-003,0.000000e+000,0,,0,
1524258500.714,,0.000000e+000,5.599831e+001,-6.866921e-005,0.000000e+000,2,6.664777e-001,0.000000e+000,,,,,,,,,,,,,,32,1,4.000000e+000,0.000000e+000,0.000000e+000,0,,0,
1524258513.044,,0.000000e+000,5.600307e+001,-6.876980e-005,0.000000e+000,2,6.667938e-001,0.000000e+000,,,,,,,,,,,,,,32,1,4.000000e+000,9.510040e-003,0.000000e+000,0,,0,
1524258526.154,,0.000000e+000,5.600171e+001,-6.876970e-005,0.000000e+000,2,6.670203e-001,0.000000e+000,,,,,,,,,,,,,,32,1,4.000000e+000,1.222992e-002,0.000000e+000,0,,0,
1524258538.554,,0.000000e+000,5.600034e+001,-6.877883e-005,0.000000e+000,2,6.650653e-001,0.000000e+000,,,,,,,,,,,,,,32,1,4.000000e+000,4.070282e-003,0.000000e+000,0,,0,
1524258551.404,,0.000000e+000,5.599560e+001,-6.892192e-005,0.000000e+000,2,6.675132e-001,0.000000e+000,,,,,,,,,,,,,,32,1,4.000000e+000,5.428314e-003,0.000000e+000,0,,0,
1524258564.064,,0.000000e+000,5.599763e+001,-6.884678e-005,0.000000e+000,2,6.660084e-001,0.000000e+000,,,,,,,,,,,,,,32,1,4.000000e+000,9.498596e-003,0.000000e+000,0,,0,
1524258576.484,,0.000000e+000,5.599967e+001,-6.888428e-005,0.000000e+000,2,6.673732e-001,0.000000e+000,,,,,,,,,,,,,,32,1,4.000000e+000,2.719879e-003,0.000000e+000,0,,0,
1524258589.424,,0.000000e+000,5.599899e+001,-6.891866e-005,0.000000e+000,2,6.673241e-001,0.000000e+000,,,,,,,,,,,,,,32,1,4.000000e+000,1.358032e-003,0.000000e+000,0,,0,
1524258602.014,,0.000000e+000,5.599899e+001,-6.893009e-005,0.000000e+000,2,6.670340e-001,0.000000e+000,,,,,,,,,,,,,,32,1,4.000000e+000,1.358032e-003,0.000000e+000,0,,0,
1524258614.924,,0.000000e+000,5.599424e+001,-6.906445e-005,0.000000e+000,2,6.680809e-001,0.000000e+000,,,,,,,,,,,,,,32,1,4.000000e+000,8.148193e-003,0.000000e+000,0,,0,
1524258627.584,,0.000000e+000,5.599763e+001,-6.899596e-005,0.000000e+000,2,6.669031e-001,0.000000e+000,,,,,,,,,,,,,,32,1,4.000000e+000,1.493835e-002,0.000000e+000,0,,0,
1524258640.534,,0.000000e+000,5.600443e+001,-6.900098e-005,0.000000e+000,2,6.671690e-001,0.000000e+000,,,,,,,,,,,,,,32,1,4.000000e+000,1.350403e-003,0.000000e+000,0,,0,
1524258653.214,,0.000000e+000,5.600103e+001,-6.902097e-005,0.000000e+000,2,6.674340e-001,0.000000e+000,,,,,,,,,,,,,,32,1,4.000000e+000,5.439758e-003,0.000000e+000,0,,0,
1524258666.104,,0.000000e+000,5.599831e+001,-6.903747e-005,0.000000e+000,2,6.684781e-001,0.000000e+000,,,,,,,,,,,,,,32,1,4.000000e+000,1.086807e-002,0.000000e+000,0,,0,
1524258678.664,,0.000000e+000,5.600103e+001,-6.904523e-005,0.000000e+000,2,6.666911e-001,0.000000e+000,,,,,,,,,,,,,,32,1,4.000000e+000,5.439758e-003,0.000000e+000,0,,0,
1524258691.364,,0.000000e+000,5.599967e+001,-6.904535e-005,0.000000e+000,2,6.674021e-001,0.000000e+000,,,,,,,,,,,,,,32,1,4.000000e+000,2.719879e-003,0.000000e+000,0,,0,
1524258704.194,,0.000000e+000,5.600035e+001,-6.919012e-005,0.000000e+000,2,6.674234e-001,0.000000e+000,,,,,,,,,,,,,,32,1,4.000000e+000,1.361847e-003,0.000000e+000,0,,0,
1524258716.514,,0.000000e+000,5.599831e+001,-6.914620e-005,0.000000e+000,2,6.666380e-001,0.000000e+000,,,,,,,,,,,,,,32,1,4.000000e+000,2.719879e-003,0.000000e+000,0,,0,
1524258729.214,,0.000000e+000,5.599287e+001,-6.927503e-005,0.000000e+000,2,6.685711e-001,0.000000e+000,,,,,,,,,,,,,,32,1,4.000000e+000,8.148193e-003,0.000000e+000,0,,0,
1524258741.284,,0.000000e+000,5.599220e+001,-6.920750e-005,0.000000e+000,2,6.682084e-001,0.000000e+000,,,,,,,,,,,,,,32,1,4.000000e+000,6.790161e-003,0.000000e+000,0,,0,
1524258753.724,,0.000000e+000,5.600035e+001,-6.926426e-005,0.000000e+000,2,6.678122e-001,0.000000e+000,,,,,,,,,,,,,,32,1,4.000000e+000,6.801605e-003,0.000000e+000,0,,0,
1524258766.224,,0.000000e+000,5.599627e+001,-6.923093e-005,0.000000e+000,2,6.688281e-001,0.000000e+000,,,,,,,,,,,,,,32,1,4.000000e+000,1.358032e-003,0.000000e+000,0,,0,
1524258778.584,,0.000000e+000,5.600307e+001,-6.928304e-005,0.000000e+000,2,6.670951e-001,0.000000e+000,,,,,,,,,,,,,,32,1,4.000000e+000,4.070282e-003,0.000000e+000,0,,0,
1524258791.334,,0.000000e+000,5.599696e+001,-6.932877e-005,0.000000e+000,2,6.690367e-001,0.000000e+000,,,,,,,,,,,,,,32,1,4.000000e+000,5.428314e-003,0.000000e+000,0,,0,
1524258803.504,,0.000000e+000,5.599492e+001,-6.930524e-005,0.000000e+000,2,6.677742e-001,0.000000e+000,,,,,,,,,,,,,,32,1,4.000000e+000,1.350403e-003,0.000000e+000,0,,0,
1524258815.964,,0.000000e+000,5.599424e+001,-6.933540e-005,0.000000e+000,2,6.681905e-001,0.000000e+000,,,,,,,,,,,,,,32,1,4.000000e+000,2.708435e-003,0.000000e+000,0,,0,
1524258828.304,,0.000000e+000,5.599763e+001,-6.937127e-005,0.000000e+000,2,6.681361e-001,0.000000e+000,,,,,,,,,,,,,,32,1,4.000000e+000,9.498596e-003,0.000000e+000,0,,0,
1524258840.864,,0.000000e+000,5.600238e+001,-6.939228e-005,0.000000e+000,2,6.687174e-001,0.000000e+000,,,,,,,,,,,,,,32,1,4.000000e+000,0.000000e+000,0.000000e+000,0,,0,
1524258853.364,,0.000000e+000,5.599355e+001,-6.947055e-005,0.000000e+000,2,6.685112e-001,0.000000e+000,,,,,,,,,,,,,,32,1,4.000000e+000,4.070282e-003,0.000000e+000,0,,0,
1524258865.984,,0.000000e+000,5.599899e+001,-6.943064e-005,0.000000e+000,2,6.686978e-001,0.000000e+000,,,,,,,,,,,,,,32,1,4.000000e+000,4.081726e-003,0.000000e+000,0,,0,
1524258878.544,,0.000000e+000,5.599831e+001,-6.941584e-005,0.000000e+000,2,6.669224e-001,0.000000e+000,,,,,,,,,,,,,,32,1,4.000000e+000,1.086807e-002,0.000000e+000,0,,0,
1524258890.624,,0.000000e+000,5.600375e+001,-6.945137e-005,0.000000e+000,2,6.689702e-001,0.000000e+000,,,,,,,,,,,,,,32,1,4.000000e+000,0.000000e+000,0.000000e+000,0,,0,
1524258903.624,,0.000000e+000,5.599356e+001,-6.942253e-005,0.000000e+000,2,6.682063e-001,0.000000e+000,,,,,,,,,,,,,,32,1,4.000000e+000,1.358032e-003,0.000000e+000,0,,0,
1524258915.954,,0.000000e+000,5.599355e+001,-6.955509e-005,0.000000e+000,2,6.682418e-001,0.000000e+000,,,,,,,,,,,,,,32,1,4.000000e+000,4.070282e-003,0.000000e+000,0,,0,
1524258928.864,,0.000000e+000,5.599220e+001,-6.961928e-005,0.000000e+000,2,6.704040e-001,0.000000e+000,,,,,,,,,,,,,,32,1,4.000000e+000,6.790161e-003,0.000000e+000,0,,0,
1524258941.624,,0.000000e+000,5.599695e+001,-6.955866e-005,0.000000e+000,2,6.682277e-001,0.000000e+000,,,,,,,,,,,,,,32,1,4.000000e+000,0.000000e+000,0.000000e+000,0,,0,
1524258954.614,,0.000000e+000,5.599831e+001,-6.952376e-005,0.000000e+000,2,6.695102e-001,0.000000e+000,,,,,,,,,,,,,,32,1,4.000000e+000,2.719879e-003,0.000000e+000,0,,0,
1524258967.084,,0.000000e+000,5.599967e+001,-6.956449e-005,0.000000e+000,2,6.705666e-001,0.000000e+000,,,,,,,,,,,,,,32,1,4.000000e+000,0.000000e+000,0.000000e+000,0,,0,
1524258979.814,,0.000000e+000,5.599288e+001,-6.941981e-005,0.000000e+000,2,6.680475e-001,0.000000e+000,,,,,,,,,,,,,,32,1,4.000000e+000,1.356888e-002,0.000000e+000,0,,0,
1524258992.334,,0.000000e+000,5.599696e+001,-6.956992e-005,0.000000e+000,2,6.708819e-001,0.000000e+000,,,,,,,,,,,,,,32,1,4.000000e+000,5.428314e-003,0.000000e+000,0,,0,
1524259004.814,,0.000000e+000,5.599628e+001,-6.959803e-005,0.000000e+000,2,6.694732e-001,0.000000e+000,,,,,,,,,,,,,,32,1,4.000000e+000,9.510040e-003,0.000000e+000,0,,0,
1524259017.314,,0.000000e+000,5.600443e+001,-6.964648e-005,0.000000e+000,2,6.708258e-001,0.000000e+000,,,,,,,,,,,,,,32,1,4.000000e+000,9.510040e-003,0.000000e+000,0,,0,
1524259029.734,,0.000000e+000,5.599628e+001,-6.972843e-005,0.000000e+000,2,6.695397e-001,0.000000e+000,,,,,,,,,,,,,,32,1,4.000000e+000,4.070282e-003,0.000000e+000,0,,0,
1524259042.184,,0.000000e+000,5.599763e+001,-6.965717e-005,0.000000e+000,2,6.699455e-001,0.000000e+000,,,,,,,,,,,,,,32,1,4.000000e+000,1.361847e-003,0.000000e+000,0,,0,
1524259055.474,,0.000000e+000,5.600034e+001,-6.979267e-005,0.000000e+000,2,6.711671e-001,0.000000e+000,,,,,,,,,,,,,,32,1,4.000000e+000,9.510040e-003,0.000000e+000,0,,0,
1524259067.264,,0.000000e+000,5.599967e+001,-6.973394e-005,0.000000e+000,2,6.711160e-001,0.000000e+000,,,,,,,,,,,,,,32,1,4.000000e+000,8.159637e-003,0.000000e+000,0,,0,
1524259079.734,,0.000000e+000,5.599492e+001,-6.974785e-005,0.000000e+000,2,6.699317e-001,0.000000e+000,,,,,,,,,,,,,,32,1,4.000000e+000,6.790161e-003,0.000000e+000,0,,0,
1524259092.404,,0.000000e+000,5.599152e+001,-6.976761e-005,0.000000e+000,2,6.702346e-001,0.000000e+000,,,,,,,,,,,,,,32,1,4.000000e+000,0.000000e+000,0.000000e+000,0,,0,
1524259105.004,,0.000000e+000,5.599763e+001,-6.985995e-005,0.000000e+000,2,6.713195e-001,0.000000e+000,,,,,,,,,,,,,,32,1,4.000000e+000,1.222992e-002,0.000000e+000,0,,0,
1524259117.745,,0.000000e+000,5.600171e+001,-6.977544e-005,0.000000e+000,2,6.701704e-001,0.000000e+000,,,,,,,,,,,,,,32,1,4.000000e+000,4.081726e-003,0.000000e+000,0,,0,
1524259130.155,,0.000000e+000,5.600035e+001,-6.986323e-005,0.000000e+000,2,6.717057e-001,0.000000e+000,,,,,,,,,,,,,,32,1,4.000000e+000,1.361847e-003,0.000000e+000,0,,0,
1524259142.495,,0.000000e+000,5.599831e+001,-6.983502e-005,0.000000e+000,2,6.696531e-001,0.000000e+000,,,,,,,,,,,,,,32,1,4.000000e+000,0.000000e+000,0.000000e+000,0,,0,
1524259155.185,,0.000000e+000,5.599763e+001,-6.979575e-005,0.000000e+000,2,6.713673e-001,0.000000e+000,,,,,,,,,,,,,,32,1,4.000000e+000,4.077911e-003,0.000000e+000,0,,0,
1524259167.715,,0.000000e+000,5.599356e+001,-6.979300e-005,0.000000e+000,2,6.698987e-001,0.000000e+000,,,,,,,,,,,,,,32,1,4.000000e+000,2.037048e-002,0.000000e+000,0,,0,
1524259180.495,,0.000000e+000,5.599492e+001,-6.987069e-005,0.000000e+000,2,6.702028e-001,0.000000e+000,,,,,,,,,,,,,,32,1,4.000000e+000,1.350403e-003,0.000000e+000,0,,0,
1524259192.875,,0.000000e+000,5.599967e+001,-6.983835e-005,0.000000e+000,2,6.695299e-001,0.000000e+000,,,,,,,,,,,,,,32,1,4.000000e+000,1.086044e-002,0.000000e+000,0,,0,
1524259205.575,,0.000000e+000,5.599899e+001,-6.991405e-005,0.000000e+000,2,6.714041e-001,0.000000e+000,,,,,,,,,,,,,,32,1,4.000000e+000,1.358032e-003,0.000000e+000,0,,0,
1524259217.775,,0.000000e+000,5.599899e+001,-6.994617e-005,0.000000e+000,2,6.703305e-001,0.000000e+000,,,,,,,,,,,,,,32,1,4.000000e+000,4.081726e-003,0.000000e+000,0,,0,
1524259230.645,,0.000000e+000,5.599899e+001,-6.998493e-005,0.000000e+000,2,6.716952e-001,0.000000e+000,,,,,,,,,,,,,,32,1,4.000000e+000,4.081726e-003,0.000000e+000,0,,0,
1524259243.095,,0.000000e+000,5.599831e+001,-7.000438e-005,0.000000e+000,2,6.710544e-001,0.000000e+000,,,,,,,,,,,,,,32,1,4.000000e+000,2.719879e-003,0.000000e+000,0,,0,
1524259255.715,,0.000000e+000,5.599763e+001,-6.999246e-005,0.000000e+000,2,6.717306e-001,0.000000e+000,,,,,,,,,,,,,,32,1,4.000000e+000,1.361847e-003,0.000000e+000,0,,0,
1524259268.055,,0.000000e+000,5.599152e+001,-7.002373e-005,0.000000e+000,2,6.714302e-001,0.000000e+000,,,,,,,,,,,,,,32,1,4.000000e+000,5.439758e-003,0.000000e+000,0,,0,
1524259280.595,,0.000000e+000,5.599492e+001,-7.003799e-005,0.000000e+000,2,6.725816e-001,0.000000e+000,,,,,,,,,,,,,,32,1,4.000000e+000,1.350403e-003,0.000000e+000,0,,0,
1524259293.055,,0.000000e+000,5.599695e+001,-7.004703e-005,0.000000e+000,2,6.711638e-001,0.000000e+000,,,,,,,,,,,,,,32,1,4.000000e+000,2.719879e-003,0.000000e+000,0,,0,
1524259306.205,,0.000000e+000,5.599967e+001,-7.002304e-005,0.000000e+000,2,6.723310e-001,0.000000e+000,,,,,,,,,,,,,,32,1,4.000000e+000,2.719879e-003,0.000000e+000,0,,0,
1524259318.665,,0.000000e+000,5.600103e+001,-7.007557e-005,0.000000e+000,2,6.720695e-001,0.000000e+000,,,,,,,,,,,,,,32,1,4.000000e+000,0.000000e+000,0.000000e+000,0,,0,
1524259331.095,,0.000000e+000,5.599831e+001,-7.014043e-005,0.000000e+000,2,6.732469e-001,0.000000e+000,,,,,,,,,,,,,,32,1,4.000000e+000,0.000000e+000,0.000000e+000,0,,0,
1524259344.125,,0.000000e+000,5.600103e+001,-7.012642e-005,0.000000e+000,2,6.716308e-001,0.000000e+000,,,,,,,,,,,,,,32,1,4.000000e+000,0.000000e+000,0.000000e+000,0,,0,
1524259356.685,,0.000000e+000,5.599696e+001,-7.009248e-005,0.000000e+000,2,6.723257e-001,0.000000e+000,,,,,,,,,,,,,,32,1,4.000000e+000,8.148193e-003,0.000000e+000,0,,0,
1524259369.315,,0.000000e+000,5.599967e+001,-7.016062e-005,0.000000e+000,2,6.716116e-001,0.000000e+000,,,,,,,,,,,,,,32,1,4.000000e+000,1.357651e-002,0.000000e+000,0,,0,
1524259381.815,,0.000000e+000,5.600442e+001,-7.019161e-005,0.000000e+000,2,6.730481e-001,0.000000e+000,,,,,,,,,,,,,,32,1,4.000000e+000,4.077911e-003,0.000000e+000,0,,0,
1524259394.305,,0.000000e+000,5.600171e+001,-7.022401e-005,0.000000e+000,2,6.719981e-001,0.000000e+000,,,,,,,,,,,,,,32,1,4.000000e+000,1.350403e-003,0.000000e+000,0,,0,
1524259406.385,,0.000000e+000,5.599967e+001,-7.020677e-005,0.000000e+000,2,6.737806e-001,0.000000e+000,,,,,,,,,,,,,,32,1,4.000000e+000,2.719879e-003,0.000000e+000,0,,0,
1524259419.325,,0.000000e+000,5.600375e+001,-7.021945e-005,0.000000e+000,2,6.719297e-001,0.000000e+000,,,,,,,,,,,,,,32,1,4.000000e+000,1.359177e-002,0.000000e+000,0,,0,
1524259431.385,,0.000000e+000,5.600375e+001,-7.026348e-005,0.000000e+000,2,6.725487e-001,0.000000e+000,,,,,,,,,,,,,,32,1,4.000000e+000,1.359177e-002,0.000000e+000,0,,0,
1524259443.825,,0.000000e+000,5.599763e+001,-7.022881e-005,0.000000e+000,2,6.719860e-001,0.000000e+000,,,,,,,,,,,,,,32,1,4.000000e+000,1.361847e-003,0.000000e+000,0,,0,
1524259456.285,,0.000000e+000,5.599424e+001,-7.023438e-005,0.000000e+000,2,6.726200e-001,0.000000e+000,,,,,,,,,,,,,,32,1,4.000000e+000,2.708435e-003,0.000000e+000,0,,0,
1524259468.965,,0.000000e+000,5.600035e+001,-7.031297e-005,0.000000e+000,2,6.725314e-001,0.000000e+000,,,,,,,,,,,,,,32,1,4.000000e+000,1.361847e-003,0.000000e+000,0,,0,
1524259481.255,,0.000000e+000,5.599696e+001,-7.032256e-005,0.000000e+000,2,6.729974e-001,0.000000e+000,,,,,,,,,,,,,,32,1,4.000000e+000,5.428314e-003,0.000000e+000,0,,0,
1524259494.195,,0.000000e+000,5.599967e+001,-7.039763e-005,0.000000e+000,2,6.742776e-001,0.000000e+000,,,,,,,,,,,,,,32,1,4.000000e+000,1.086044e-002,0.000000e+000,0,,0,
1524259506.725,,0.000000e+000,5.600238e+001,-7.036055e-005,0.000000e+000,2,6.726238e-001,0.000000e+000,,,,,,,,,,,,,,32,1,4.000000e+000,5.432129e-003,0.000000e+000,0,,0,
1524259519.765,,0.000000e+000,5.599628e+001,-7.032847e-005,0.000000e+000,2,6.735439e-001,0.000000e+000,,,,,,,,,,,,,,32,1,4.000000e+000,6.786346e-003,0.000000e+000,0,,0,
1524259544.765,,0.000000e+000,5.599559e+001,-7.042840e-005,0.000000e+000,2,6.741228e-001,0.000000e+000,,,,,,,,,,,,,,32,1,4.000000e+000,2.708435e-003,0.000000e+000,0,,0,
1524259557.085,,0.000000e+000,5.599695e+001,-7.049629e-005,0.000000e+000,2,6.731036e-001,0.000000e+000,,,,,,,,,,,,,,32,1,4.000000e+000,0.000000e+000,0.000000e+000,0,,0,
1524259569.695,,0.000000e+000,5.600170e+001,-7.034582e-005,0.000000e+000,2,6.727558e-001,0.000000e+000,,,,,,,,,,,,,,32,1,4.000000e+000,9.510040e-003,0.000000e+000,0,,0,
1524259582.855,,0.000000e+000,5.599763e+001,-7.048971e-005,0.000000e+000,2,6.739603e-001,0.000000e+000,,,,,,,,,,,,,,32,1,4.000000e+000,6.790161e-003,0.000000e+000,0,,0,
1524259594.795,,0.000000e+000,5.599763e+001,-7.041213e-005,0.000000e+000,2,6.731700e-001,0.000000e+000,,,,,,,,,,,,,,32,1,4.000000e+000,6.790161e-003,0.000000e+000,0,,0,
1524259607.705,,0.000000e+000,5.599763e+001,-7.050271e-005,0.000000e+000,2,6.732216e-001,0.000000e+000,,,,,,,,,,,,,,32,1,4.000000e+000,6.790161e-003,0.000000e+000,0,,0,
1524259620.395,,0.000000e+000,5.600170e+001,-7.046245e-005,0.000000e+000,2,6.742247e-001,0.000000e+000,,,,,,,,,,,,,,32,1,4.000000e+000,9.510040e-003,0.000000e+000,0,,0,
1524259633.615,,0.000000e+000,5.600170e+001,-7.046884e-005,0.000000e+000,2,6.741260e-001,0.000000e+000,,,,,,,,,,,,,,32,1,4.000000e+000,9.510040e-003,0.000000e+000,0,,0,
1524259646.675,,0.000000e+000,5.599560e+001,-7.054249e-005,0.000000e+000,2,6.738969e-001,0.000000e+000,,,,,,,,,,,,,,32,1,4.000000e+000,5.428314e-003,0.000000e+000,0,,0,
1524259659.025,,0.000000e+000,5.599899e+001,-7.059317e-005,0.000000e+000,2,6.754730e-001,0.000000e+000,,,,,,,,,,,,,,32,1,4.000000e+000,1.221848e-002,0.000000e+000,0,,0,
1524259671.585,,0.000000e+000,5.600171e+001,-7.060335e-005,0.000000e+000,2,6.735619e-001,0.000000e+000,,,,,,,,,,,,,,32,1,4.000000e+000,6.790161e-003,0.000000e+000,0,,0,
1524259684.105,,0.000000e+000,5.600103e+001,-7.061401e-005,0.000000e+000,2,6.732528e-001,0.000000e+000,,,,,,,,,,,,,,32,1,4.000000e+000,5.439758e-003,0.000000e+000,0,,0,
1524259696.665,,0.000000e+000,5.599424e+001,-7.064561e-005,0.000000e+000,2,6.728563e-001,0.000000e+000,,,,,,,,,,,,,,32,1,4.000000e+000,8.148193e-003,0.000000e+000,0,,0,
1524259709.575,,0.000000e+000,5.599899e+001,-7.071452e-005,0.000000e+000,2,6.756968e-001,0.000000e+000,,,,,,,,,,,,,,32,1,4.000000e+000,1.358032e-003,0.000000e+000,0,,0,
1524259722.445,,0.000000e+000,5.599831e+001,-7.070253e-005,0.000000e+000,2,6.740687e-001,0.000000e+000,,,,,,,,,,,,,,32,1,4.000000e+000,0.000000e+000,0.000000e+000,0,,0,
1524259734.535,,0.000000e+000,5.599967e+001,-7.063842e-005,0.000000e+000,2,6.748617e-001,0.000000e+000,,,,,,,,,,,,,,32,1,4.000000e+000,2.719879e-003,0.000000e+000,0,,0,
1524259746.955,,0.000000e+000,5.599831e+001,-7.062318e-005,0.000000e+000,2,6.738940e-001,0.000000e+000,,,,,,,,,,,,,,32,1,4.000000e+000,5.439758e-003,0.000000e+000,0,,0,
1524259759.655,,0.000000e+000,5.599763e+001,-7.065218e-005,0.000000e+000,2,6.741749e-001,0.000000e+000,,,,,,,,,,,,,,32,1,4.000000e+000,4.077911e-003,0.000000e+000,0,,0,
1524259772.465,,0.000000e+000,5.599492e+001,-7.076770e-005,0.000000e+000,2,6.737762e-001,0.000000e+000,,,,,,,,,,,,,,32,1,4.000000e+000,1.350403e-003,0.000000e+000,0,,0,
1524259785.195,,0.000000e+000,5.599763e+001,-7.077939e-005,0.000000e+000,2,6.745200e-001,0.000000e+000,,,,,,,,,,,,,,32,1,4.000000e+000,6.790161e-003,0.000000e+000,0,,0,
1524259797.755,,0.000000e+000,5.599559e+001,-7.082000e-005,0.000000e+000,2,6.740183e-001,0.000000e+000,,,,,,,,,,,,,,32,1,4.000000e+000,2.708435e-003,0.000000e+000,0,,0,
1524259810.145,,0.000000e+000,5.599763e+001,-7.075125e-005,0.000000e+000,2,6.751165e-001,0.000000e+000,,,,,,,,,,,,,,32,1,4.000000e+000,1.361847e-003,0.000000e+000,0,,0,
1524259822.955,,0.000000e+000,5.599695e+001,-7.083622e-005,0.000000e+000,2,6.740537e-001,0.000000e+000,,,,,,,,,,,,,,32,1,4.000000e+000,2.719879e-003,0.000000e+000,0,,0,
1524259835.306,,0.000000e+000,5.599424e+001,-7.087707e-005,0.000000e+000,2,6.747774e-001,0.000000e+000,,,,,,,,,,,,,,32,1,4.000000e+000,8.148193e-003,0.000000e+000,0,,0,
1524259848.216,,0.000000e+000,5.599287e+001,-7.075693e-005,0.000000e+000,2,6.758454e-001,0.000000e+000,,,,,,,,,,,,,,32,1,4.000000e+000,5.428314e-003,0.000000e+000,0,,0,
1524259860.886,,0.000000e+000,5.600103e+001,-7.074274e-005,0.000000e+000,2,6.737271e-001,0.000000e+000,,,,,,,,,,,,,,32,1,4.000000e+000,5.439758e-003,0.000000e+000,0,,0,
1524259873.386,,0.000000e+000,5.599287e+001,-7.080337e-005,0.000000e+000,2,6.748848e-001,0.000000e+000,,,,,,,,,,,,,,32,1,4.000000e+000,5.428314e-003,0.000000e+000,0,,0,
1524259885.896,,0.000000e+000,5.599628e+001,-7.089720e-005,0.000000e+000,2,6.748382e-001,0.000000e+000,,,,,,,,,,,,,,32,1,4.000000e+000,6.786346e-003,0.000000e+000,0,,0,
1524259898.546,,0.000000e+000,5.599695e+001,-7.085814e-005,0.000000e+000,2,6.749280e-001,0.000000e+000,,,,,,,,,,,,,,32,1,4.000000e+000,0.000000e+000,0.000000e+000,0,,0,
1524259911.366,,0.000000e+000,5.600171e+001,-7.084574e-005,0.000000e+000,2,6.743982e-001,0.000000e+000,,,,,,,,,,,,,,32,1,4.000000e+000,1.222992e-002,0.000000e+000,0,,0,
1524259924.016,,0.000000e+000,5.599831e+001,-7.088546e-005,0.000000e+000,2,6.751803e-001,0.000000e+000,,,,,,,,,,,,,,32,1,4.000000e+000,2.719879e-003,0.000000e+000,0,,0,
1524259936.486,,0.000000e+000,5.600238e+001,-7.089850e-005,0.000000e+000,2,6.736388e-001,0.000000e+000,,,,,,,,,,,,,,32,1,4.000000e+000,8.148193e-003,0.000000e+000,0,,0,
1524259949.216,,0.000000e+000,5.600103e+001,-7.101087e-005,0.000000e+000,2,6.761470e-001,0.000000e+000,,,,,,,,,,,,,,32,1,4.000000e+000,5.439758e-003,0.000000e+000,0,,0,
1524259961.376,,0.000000e+000,5.600171e+001,-7.094209e-005,0.000000e+000,2,6.751639e-001,0.000000e+000,,,,,,,,,,,,,,32,1,4.000000e+000,4.081726e-003,0.000000e+000,0,,0,
1524259973.836,,0.000000e+000,5.600035e+001,-7.094047e-005,0.000000e+000,2,6.754947e-001,0.000000e+000,,,,,,,,,,,,,,32,1,4.000000e+000,1.361847e-003,0.000000e+000,0,,0,
1524259986.176,,0.000000e+000,5.600306e+001,-7.101899e-005,0.000000e+000,2,6.759132e-001,0.000000e+000,,,,,,,,,,,,,,32,1,4.000000e+000,6.790161e-003,0.000000e+000,0,,0,
1524259998.786,,0.000000e+000,5.599967e+001,-7.100438e-005,0.000000e+000,2,6.766772e-001,0.000000e+000,,,,,,,,,,,,,,32,1,4.000000e+000,1.357651e-002,0.000000e+000,0,,0,
1524260011.236,,0.000000e+000,5.599424e+001,-7.094105e-005,0.000000e+000,2,6.767190e-001,0.000000e+000,,,,,,,,,,,,,,32,1,4.000000e+000,2.708435e-003,0.000000e+000,0,,0,
1524260023.956,,0.000000e+000,5.599967e+001,-7.092542e-005,0.000000e+000,2,6.775542e-001,0.000000e+000,,,,,,,,,,,,,,32,1,4.000000e+000,0.000000e+000,0.000000e+000,0,,0,
1524260037.216,,0.000000e+000,5.599492e+001,-7.090103e-005,0.000000e+000,2,6.758169e-001,0.000000e+000,,,,,,,,,,,,,,32,1,4.000000e+000,1.350403e-003,0.000000e+000,0,,0,
1524260049.646,,0.000000e+000,5.599831e+001,-7.087852e-005,0.000000e+000,2,6.741235e-001,0.000000e+000,,,,,,,,,,,,,,32,1,4.000000e+000,5.439758e-003,0.000000e+000,0,,0,
1524260062.886,,0.000000e+000,5.600103e+001,-7.097785e-005,0.000000e+000,2,6.765087e-001,0.000000e+000,,,,,,,,,,,,,,32,1,4.000000e+000,0.000000e+000,0.000000e+000,0,,0,
1524260075.926,,0.000000e+000,5.599763e+001,-7.099501e-005,0.000000e+000,2,6.757675e-001,0.000000e+000,,,,,,,,,,,,,,32,1,4.000000e+000,6.790161e-003,0.000000e+000,0,,0,
1524260088.596,,0.000000e+000,5.599831e+001,-7.104735e-005,0.000000e+000,2,6.760324e-001,0.000000e+000,,,,,,,,,,,,,,32,1,4.000000e+000,2.719879e-003,0.000000e+000,0,,0,
1524260101.146,,0.000000e+000,5.600035e+001,-7.108199e-005,0.000000e+000,2,6.760268e-001,0.000000e+000,,,,,,,,,,,,,,32,1,4.000000e+000,1.361847e-003,0.000000e+000,0,,0,
1524260113.786,,0.000000e+000,5.599423e+001,-7.107140e-005,0.000000e+000,2,6.759999e-001,0.000000e+000,,,,,,,,,,,,,,32,1,4.000000e+000,5.428314e-003,0.000000e+000,0,,0,
1524260126.086,,0.000000e+000,5.599152e+001,-7.108082e-005,0.000000e+000,2,6.756362e-001,0.000000e+000,,,,,,,,,,,,,,32,1,4.000000e+000,0.000000e+000,0.000000e+000,0,,0,
1524260138.816,,0.000000e+000,5.599084e+001,-7.113776e-005,0.000000e+000,2,6.773860e-001,0.000000e+000,,,,,,,,,,,,,,32,1,4.000000e+000,1.358032e-003,0.000000e+000,0,,0,
1524260151.596,,0.000000e+000,5.599763e+001,-7.116739e-005,0.000000e+000,2,6.760074e-001,0.000000e+000,,,,,,,,,,,,,,32,1,4.000000e+000,1.493835e-002,0.000000e+000,0,,0,
1524260164.196,,0.000000e+000,5.600238e+001,-7.115219e-005,0.000000e+000,2,6.760536e-001,0.000000e+000,,,,,,,,,,,,,,32,1,4.000000e+000,5.432129e-003,0.000000e+000,0,,0,
1524260176.826,,0.000000e+000,5.599899e+001,-7.121016e-005,0.000000e+000,2,6.772290e-001,0.000000e+000,,,,,,,,,,,,,,32,1,4.000000e+000,1.358032e-003,0.000000e+000,0,,0,
1524260189.536,,0.000000e+000,5.599831e+001,-7.119728e-005,0.000000e+000,2,6.756629e-001,0.000000e+000,,,,,,,,,,,,,,32,1,4.000000e+000,0.000000e+000,0.000000e+000,0,,0,
1524260201.956,,0.000000e+000,5.599627e+001,-7.125564e-005,0.000000e+000,2,6.774921e-001,0.000000e+000,,,,,,,,,,,,,,32,1,4.000000e+000,1.358032e-003,0.000000e+000,0,,0,
1524260214.316,,0.000000e+000,5.599967e+001,-7.125930e-005,0.000000e+000,2,6.758631e-001,0.000000e+000,,,,,,,,,,,,,,32,1,4.000000e+000,2.719879e-003,0.000000e+000,0,,0,
1524260226.996,,0.000000e+000,5.599967e+001,-7.124714e-005,0.000000e+000,2,6.771381e-001,0.000000e+000,,,,,,,,,,,,,,32,1,4.000000e+000,8.159637e-003,0.000000e+000,0,,0,
1524260239.546,,0.000000e+000,5.600374e+001,-7.128913e-005,0.000000e+000,2,6.770424e-001,0.000000e+000,,,,,,,,,,,,,,32,1,4.000000e+000,2.719879e-003,0.000000e+000,0,,0,
1524260252.126,,0.000000e+000,5.600035e+001,-7.118657e-005,0.000000e+000,2,6.779339e-001,0.000000e+000,,,,,,,,,,,,,,32,1,4.000000e+000,1.221848e-002,0.000000e+000,0,,0,
1524260264.646,,0.000000e+000,5.600102e+001,-7.129711e-005,0.000000e+000,2,6.784748e-001,0.000000e+000,,,,,,,,,,,,,,32,1,4.000000e+000,1.086807e-002,0.000000e+000,0,,0,
1524260277.426,,0.000000e+000,5.599627e+001,-7.123763e-005,0.000000e+000,2,6.790583e-001,0.000000e+000,,,,,,,,,,,,,,32,1,4.000000e+000,1.358032e-003,0.000000e+000,0,,0,
1524260290.226,,0.000000e+000,5.599899e+001,-7.124905e-005,0.000000e+000,2,6.770594e-001,0.000000e+000,,,,,,,,,,,,,,32,1,4.000000e+000,9.510040e-003,0.000000e+000,0,,0,
1524260302.936,,0.000000e+000,5.599967e+001,-7.129736e-005,0.000000e+000,2,6.763775e-001,0.000000e+000,,,,,,,,,,,,,,32,1,4.000000e+000,8.159637e-003,0.000000e+000,0,,0,
1524260315.566,,0.000000e+000,5.599763e+001,-7.133192e-005,0.000000e+000,2,6.788167e-001,0.000000e+000,,,,,,,,,,,,,,32,1,4.000000e+000,9.498596e-003,0.000000e+000,0,,0,
1524260327.846,,0.000000e+000,5.599967e+001,-7.135119e-005,0.000000e+000,2,6.779998e-001,0.000000e+000,,,,,,,,,,,,,,32,1,4.000000e+000,2.719879e-003,0.000000e+000,0,,0,
1524260340.466,,0.000000e+000,5.599831e+001,-7.136970e-005,0.000000e+000,2,6.786464e-001,0.000000e+000,,,,,,,,,,,,,,32,1,4.000000e+000,0.000000e+000,0.000000e+000,0,,0,
1524260352.866,,0.000000e+000,5.600035e+001,-7.134330e-005,0.000000e+000,2,6.772588e-001,0.000000e+000,,,,,,,,,,,,,,32,1,4.000000e+000,1.361847e-003,0.000000e+000,0,,0,
1524260365.646,,0.000000e+000,5.599492e+001,-7.136922e-005,0.000000e+000,2,6.774995e-001,0.000000e+000,,,,,,,,,,,,,,32,1,4.000000e+000,4.066467e-003,0.000000e+000,0,,0,
1524260378.666,,0.000000e+000,5.600238e+001,-7.143323e-005,0.000000e+000,2,6.768488e-001,0.000000e+000,,,,,,,,,,,,,,32,1,4.000000e+000,5.432129e-003,0.000000e+000,0,,0,
1524260390.626,,0.000000e+000,5.600238e+001,-7.138665e-005,0.000000e+000,2,6.770475e-001,0.000000e+000,,,,,,,,,,,,,,32,1,4.000000e+000,1.087189e-002,0.000000e+000,0,,0,
1524260403.076,,0.000000e+000,5.599695e+001,-7.145394e-005,0.000000e+000,2,6.777617e-001,0.000000e+000,,,,,,,,,,,,,,32,1,4.000000e+000,2.719879e-003,0.000000e+000,0,,0,
1524260415.286,,0.000000e+000,5.599695e+001,-7.135938e-005,0.000000e+000,2,6.773439e-001,0.000000e+000,,,,,,,,,,,,,,32,1,4.000000e+000,2.719879e-003,0.000000e+000,0,,0,
1524260428.236,,0.000000e+000,5.599763e+001,-7.137450e-005,0.000000e+000,2,6.790896e-001,0.000000e+000,,,,,,,,,,,,,,32,1,4.000000e+000,1.361847e-003,0.000000e+000,0,,0,
1524260440.716,,0.000000e+000,5.599559e+001,-7.136999e-005,0.000000e+000,2,6.766503e-001,0.000000e+000,,,,,,,,,,,,,,32,1,4.000000e+000,2.708435e-003,0.000000e+000,0,,0,
1524260453.316,,0.000000e+000,5.600307e+001,-7.143850e-005,0.000000e+000,2,6.784432e-001,0.000000e+000,,,,,,,,,,,,,,32,1,4.000000e+000,1.369476e-003,0.000000e+000,0,,0,
1524260465.876,,0.000000e+000,5.599899e+001,-7.147624e-005,0.000000e+000,2,6.781574e-001,0.000000e+000,,,,,,,,,,,,,,32,1,4.000000e+000,1.358032e-003,0.000000e+000,0,,0,
1524260478.406,,0.000000e+000,5.600171e+001,-7.152806e-005,0.000000e+000,2,6.794574e-001,0.000000e+000,,,,,,,,,,,,,,32,1,4.000000e+000,4.081726e-003,0.000000e+000,0,,0,
1524260490.896,,0.000000e+000,5.599831e+001,-7.146101e-005,0.000000e+000,2,6.790416e-001,0.000000e+000,,,,,,,,,,,,,,32,1,4.000000e+000,1.086807e-002,0.000000e+000,0,,0,
1524260503.426,,0.000000e+000,5.599424e+001,-7.138212e-005,0.000000e+000,2,6.772286e-001,0.000000e+000,,,,,,,,,,,,,,32,1,4.000000e+000,2.708435e-003,0.000000e+000,0,,0,
1524260516.586,,0.000000e+000,5.599899e+001,-7.157194e-005,0.000000e+000,2,6.786821e-001,0.000000e+000,,,,,,,,,,,,,,32,1,4.000000e+000,6.790161e-003,0.000000e+000,0,,0,
1524260528.396,,0.000000e+000,5.599966e+001,-7.152293e-005,0.000000e+000,2,6.786703e-001,0.000000e+000,,,,,,,,,,,,,,32,1,4.000000e+000,5.432129e-003,0.000000e+000,0,,0,
1524260541.237,,0.000000e+000,5.599492e+001,-7.158013e-005,0.000000e+000,2,6.802197e-001,0.000000e+000,,,,,,,,,,,,,,32,1,4.000000e+000,4.066467e-003,0.000000e+000,0,,0,
1524260553.437,,0.000000e+000,5.600578e+001,-7.148130e-005,0.000000e+000,2,6.773889e-001,0.000000e+000,,,,,,,,,,,,,,32,1,4.000000e+000,9.510040e-003,0.000000e+000,0,,0,
1524260566.447,,0.000000e+000,5.599627e+001,-7.160925e-005,0.000000e+000,2,6.808452e-001,0.000000e+000,,,,,,,,,,,,,,32,1,4.000000e+000,1.358032e-003,0.000000e+000,0,,0,
1524260578.467,,0.000000e+000,5.599424e+001,-7.156589e-005,0.000000e+000,2,6.786052e-001,0.000000e+000,,,,,,,,,,,,,,32,1,4.000000e+000,1.358032e-002,0.000000e+000,0,,0,
1524260590.967,,0.000000e+000,5.600034e+001,-7.152952e-005,0.000000e+000,2,6.785197e-001,0.000000e+000,,,,,,,,,,,,,,32,1,4.000000e+000,4.070282e-003,0.000000e+000,0,,0,
1524260603.537,,0.000000e+000,5.600238e+001,-7.155722e-005,0.000000e+000,2,6.769358e-001,0.000000e+000,,,,,,,,,,,,,,32,1,4.000000e+000,5.432129e-003,0.000000e+000,0,,0,
1524260616.157,,0.000000e+000,5.599355e+001,-7.159472e-005,0.000000e+000,2,6.786560e-001,0.000000e+000,,,,,,,,,,,,,,32,1,4.000000e+000,4.070282e-003,0.000000e+000,0,,0,
1524260628.837,,0.000000e+000,5.598677e+001,-7.162133e-005,0.000000e+000,2,6.785063e-001,0.000000e+000,,,,,,,,,,,,,,32,1,4.000000e+000,9.498596e-003,0.000000e+000,0,,0,
1524260641.337,,0.000000e+000,5.600510e+001,-7.165747e-005,0.000000e+000,2,6.799033e-001,0.000000e+000,,,,,,,,,,,,,,32,1,4.000000e+000,2.708435e-003,0.000000e+000,0,,0,
1524260653.967,,0.000000e+000,5.599899e+001,-7.175747e-005,0.000000e+000,2,6.801150e-001,0.000000e+000,,,,,,,,,,,,,,32,1,4.000000e+000,1.493835e-002,0.000000e+000,0,,0,
1524260666.537,,0.000000e+000,5.600103e+001,-7.172884e-005,0.000000e+000,2,6.794648e-001,0.000000e+000,,,,,,,,,,,,,,32,1,4.000000e+000,5.439758e-003,0.000000e+000,0,,0,
1524260679.657,,0.000000e+000,5.600171e+001,-7.173536e-005,0.000000e+000,2,6.811244e-001,0.000000e+000,,,,,,,,,,,,,,32,1,4.000000e+000,6.790161e-003,0.000000e+000,0,,0,
1524260692.217,,0.000000e+000,5.599899e+001,-7.158408e-005,0.000000e+000,2,6.788908e-001,0.000000e+000,,,,,,,,,,,,,,32,1,4.000000e+000,1.358032e-003,0.000000e+000,0,,0,
1524260704.937,,0.000000e+000,5.599287e+001,-7.172680e-005,0.000000e+000,2,6.792755e-001,0.000000e+000,,,,,,,,,,,,,,32,1,4.000000e+000,8.148193e-003,0.000000e+000,0,,0,
1524260717.817,,0.000000e+000,5.599966e+001,-7.174396e-005,0.000000e+000,2,6.789184e-001,0.000000e+000,,,,,,,,,,,,,,32,1,4.000000e+000,5.432129e-003,0.000000e+000,0,,0,
1524260730.567,,0.000000e+000,5.599017e+001,-7.178793e-005,0.000000e+000,2,6.807890e-001,0.000000e+000,,,,,,,,,,,,,,32,1,4.000000e+000,5.432129e-003,0.000000e+000,0,,0,
1524260742.857,,0.000000e+000,5.599560e+001,-7.176119e-005,0.000000e+000,2,6.791693e-001,0.000000e+000,,,,,,,,,,,,,,32,1,4.000000e+000,5.428314e-003,0.000000e+000,0,,0,
1524260755.767,,0.000000e+000,5.599831e+001,-7.176806e-005,0.000000e+000,2,6.812665e-001,0.000000e+000,,,,,,,,,,,,,,32,1,4.000000e+000,0.000000e+000,0.000000e+000,0,,0,
1524260768.087,,0.000000e+000,5.599763e+001,-7.173557e-005,0.000000e+000,2,6.803088e-001,0.000000e+000,,,,,,,,,,,,,,32,1,4.000000e+000,1.361847e-003,0.000000e+000,0,,0,
1524260780.367,,0.000000e+000,5.599763e+001,-7.163802e-005,0.000000e+000,2,6.792850e-001,0.000000e+000,,,,,,,,,,,,,,32,1,4.000000e+000,1.361847e-003,0.000000e+000,0,,0,
1524260792.697,,0.000000e+000,5.600034e+001,-7.176473e-005,0.000000e+000,2,6.782466e-001,0.000000e+000,,,,,,,,,,,,,,32,1,4.000000e+000,4.070282e-003,0.000000e+000,0,,0,
1524260805.597,,0.000000e+000,5.600239e+001,-7.175601e-005,0.000000e+000,2,6.808507e-001,0.000000e+000,,,,,,,,,,,,,,32,1,4.000000e+000,2.719879e-003,0.000000e+000,0,,0,
1524260817.847,,0.000000e+000,5.599967e+001,-7.183681e-005,0.000000e+000,2,6.798227e-001,0.000000e+000,,,,,,,,,,,,,,32,1,4.000000e+000,2.719879e-003,0.000000e+000,0,,0,
1524260830.357,,0.000000e+000,5.599559e+001,-7.174094e-005,0.000000e+000,2,6.804978e-001,0.000000e+000,,,,,,,,,,,,,,32,1,4.000000e+000,2.708435e-003,0.000000e+000,0,,0,
1524260842.957,,0.000000e+000,5.599695e+001,-7.189110e-005,0.000000e+000,2,6.793136e-001,0.000000e+000,,,,,,,,,,,,,,32,1,4.000000e+000,0.000000e+000,0.000000e+000,0,,0,
1524260855.407,,0.000000e+000,5.600102e+001,-7.199810e-005,0.000000e+000,2,6.814811e-001,0.000000e+000,,,,,,,,,,,,,,32,1,4.000000e+000,8.152008e-003,0.000000e+000,0,,0,
1524260868.037,,0.000000e+000,5.599831e+001,-7.189456e-005,0.000000e+000,2,6.802618e-001,0.000000e+000,,,,,,,,,,,,,,32,1,4.000000e+000,2.719879e-003,0.000000e+000,0,,0,
1524260880.507,,0.000000e+000,5.599763e+001,-7.199228e-005,0.000000e+000,2,6.812999e-001,0.000000e+000,,,,,,,,,,,,,,32,1,4.000000e+000,4.077911e-003,0.000000e+000,0,,0,
1524260892.607,,0.000000e+000,5.599966e+001,-7.191749e-005,0.000000e+000,2,6.797002e-001,0.000000e+000,,,,,,,,,,,,,,32,1,4.000000e+000,5.432129e-003,0.000000e+000,0,,0,
1524260905.497,,0.000000e+000,5.599899e+001,-7.181639e-005,0.000000e+000,2,6.794082e-001,0.000000e+000,,,,,,,,,,,,,,32,1,4.000000e+000,4.081726e-003,0.000000e+000,0,,0,
1524260917.907,,0.000000e+000,5.599492e+001,-7.196806e-005,0.000000e+000,2,6.792970e-001,0.000000e+000,,,,,,,,,,,,,,32,1,4.000000e+000,1.222992e-002,0.000000e+000,0,,0,
1524260930.757,,0.000000e+000,5.599492e+001,-7.197074e-005,0.000000e+000,2,6.810769e-001,0.000000e+000,,,,,,,,,,,,,,32,1,4.000000e+000,4.066467e-003,0.000000e+000,0,,0,
1524260943.087,,0.000000e+000,5.599763e+001,-7.198007e-005,0.000000e+000,2,6.791039e-001,0.000000e+000,,,,,,,,,,,,,,32,1,4.000000e+000,1.222992e-002,0.000000e+000,0,,0,
1524260955.557,,0.000000e+000,5.599967e+001,-7.196797e-005,0.000000e+000,2,6.819623e-001,0.000000e+000,,,,,,,,,,,,,,32,1,4.000000e+000,1.086044e-002,0.000000e+000,0,,0,
1524260967.747,,0.000000e+000,5.599899e+001,-7.179035e-005,0.000000e+000,2,6.788483e-001,0.000000e+000,,,,,,,,,,,,,,32,1,4.000000e+000,9.510040e-003,0.000000e+000,0,,0,
1524260980.337,,0.000000e+000,5.600102e+001,-7.201263e-005,0.000000e+000,2,6.815566e-001,0.000000e+000,,,,,,,,,,,,,,32,1,4.000000e+000,8.152008e-003,0.000000e+000,0,,0,
1524260992.557,,0.000000e+000,5.599355e+001,-7.197158e-005,0.000000e+000,2,6.805580e-001,0.000000e+000,,,,,,,,,,,,,,32,1,4.000000e+000,6.786346e-003,0.000000e+000,0,,0,
1524261005.437,,0.000000e+000,5.599763e+001,-7.195542e-005,0.000000e+000,2,6.814749e-001,0.000000e+000,,,,,,,,,,,,,,32,1,4.000000e+000,9.498596e-003,0.000000e+000,0,,0,
1524261017.717,,0.000000e+000,5.599763e+001,-7.196963e-005,0.000000e+000,2,6.800045e-001,0.000000e+000,,,,,,,,,,,,,,32,1,4.000000e+000,1.361847e-003,0.000000e+000,0,,0,
1524261030.847,,0.000000e+000,5.599560e+001,-7.207926e-005,0.000000e+000,2,6.831735e-001,0.000000e+000,,,,,,,,,,,,,,32,1,4.000000e+000,5.428314e-003,0.000000e+000,0,,0,
1524261043.437,,0.000000e+000,5.600239e+001,-7.204005e-005,0.000000e+000,2,6.802805e-001,0.000000e+000,,,,,,,,,,,,,,32,1,4.000000e+000,2.719879e-003,0.000000e+000,0,,0,
1524261056.117,,0.000000e+000,5.599695e+001,-7.202836e-005,0.000000e+000,2,6.822994e-001,0.000000e+000,,,,,,,,,,,,,,32,1,4.000000e+000,2.719879e-003,0.000000e+000,0,,0,
1524261068.397,,0.000000e+000,5.599559e+001,-7.196161e-005,0.000000e+000,2,6.801860e-001,0.000000e+000,,,,,,,,,,,,,,32,1,4.000000e+000,0.000000e+000,0.000000e+000,0,,0,
1524261081.577,,0.000000e+000,5.599559e+001,-7.218165e-005,0.000000e+000,2,6.826846e-001,0.000000e+000,,,,,,,,,,,,,,32,1,4.000000e+000,0.000000e+000,0.000000e+000,0,,0,
1524261093.977,,0.000000e+000,5.599492e+001,-7.199698e-005,0.000000e+000,2,6.814024e-001,0.000000e+000,,,,,,,,,,,,,,32,1,4.000000e+000,1.350403e-003,0.000000e+000,0,,0,
1524261106.867,,0.000000e+000,5.600035e+001,-7.204064e-005,0.000000e+000,2,6.811144e-001,0.000000e+000,,,,,,,,,,,,,,32,1,4.000000e+000,1.361847e-003,0.000000e+000,0,,0,
1524261119.177,,0.000000e+000,5.599628e+001,-7.214074e-005,0.000000e+000,2,6.813692e-001,0.000000e+000,,,,,,,,,,,,,,32,1,4.000000e+000,4.070282e-003,0.000000e+000,0,,0,
1524261132.457,,0.000000e+000,5.599492e+001,-7.209717e-005,0.000000e+000,2,6.834470e-001,0.000000e+000,,,,,,,,,,,,,,32,1,4.000000e+000,1.350403e-003,0.000000e+000,0,,0,
1524261144.867,,0.000000e+000,5.599424e+001,-7.193643e-005,0.000000e+000,2,6.794475e-001,0.000000e+000,,,,,,,,,,,,,,32,1,4.000000e+000,1.358032e-002,0.000000e+000,0,,0,
1524261157.547,,0.000000e+000,5.600171e+001,-7.218206e-005,0.000000e+000,2,6.823052e-001,0.000000e+000,,,,,,,,,,,,,,32,1,4.000000e+000,6.790161e-003,0.000000e+000,0,,0,
1524261169.767,,0.000000e+000,5.600034e+001,-7.218585e-005,0.000000e+000,2,6.805934e-001,0.000000e+000,,,,,,,,,,,,,,32,1,4.000000e+000,4.070282e-003,0.000000e+000,0,,0,
1524261182.787,,0.000000e+000,5.599899e+001,-7.198943e-005,0.000000e+000,2,6.815201e-001,0.000000e+000,,,,,,,,,,,,,,32,1,4.000000e+000,1.358032e-003,0.000000e+000,0,,0,
1524261195.167,,0.000000e+000,5.600171e+001,-7.214066e-005,0.000000e+000,2,6.810805e-001,0.000000e+000,,,,,,,,,,,,,,32,1,4.000000e+000,4.081726e-003,0.000000e+000,0,,0,
1524261207.657,,0.000000e+000,5.599899e+001,-7.220737e-005,0.000000e+000,2,6.821378e-001,0.000000e+000,,,,,,,,,,,,,,32,1,4.000000e+000,9.510040e-003,0.000000e+000,0,,0,
1524261220.897,,0.000000e+000,5.599967e+001,-7.218398e-005,0.000000e+000,2,6.830188e-001,0.000000e+000,,,,,,,,,,,,,,32,1,4.000000e+000,1.086044e-002,0.000000e+000,0,,0,
1524261233.857,,0.000000e+000,5.600238e+001,-7.211821e-005,0.000000e+000,2,6.803715e-001,0.000000e+000,,,,,,,,,,,,,,32,1,4.000000e+000,5.432129e-003,0.000000e+000,0,,0,
1524261246.457,,0.000000e+000,5.599899e+001,-7.227873e-005,0.000000e+000,2,6.827749e-001,0.000000e+000,,,,,,,,,,,,,,32,1,4.000000e+000,1.221848e-002,0.000000e+000,0,,0,
1524261258.788,,0.000000e+000,5.600578e+001,-7.205304e-005,0.000000e+000,2,6.815099e-001,0.000000e+000,,,,,,,,,,,,,,32,1,4.000000e+000,1.358032e-003,0.000000e+000,0,,0,
1524261271.288,,0.000000e+000,5.599424e+001,-7.223187e-005,0.000000e+000,2,6.815437e-001,0.000000e+000,,,,,,,,,,,,,,32,1,4.000000e+000,8.148193e-003,0.000000e+000,0,,0,
1524261283.918,,0.000000e+000,5.599967e+001,-7.227158e-005,0.000000e+000,2,6.822506e-001,0.000000e+000,,,,,,,,,,,,,,32,1,4.000000e+000,2.719879e-003,0.000000e+000,0,,0,
1524261296.998,,0.000000e+000,5.600103e+001,-7.218284e-005,0.000000e+000,2,6.831230e-001,0.000000e+000,,,,,,,,,,,,,,32,1,4.000000e+000,0.000000e+000,0.000000e+000,0,,0,
1524261334.528,,0.000000e+000,5.599899e+001,-7.220580e-005,0.000000e+000,2,6.834077e-001,0.000000e+000,,,,,,,,,,,,,,32,1,4.000000e+000,9.510040e-003,0.000000e+000,0,,0,
1524261346.908,,0.000000e+000,5.599763e+001,-7.228630e-005,0.000000e+000,2,6.827334e-001,0.000000e+000,,,,,,,,,,,,,,32,1,4.000000e+000,6.790161e-003,0.000000e+000,0,,0,
1524261359.478,,0.000000e+000,5.599492e+001,-7.231159e-005,0.000000e+000,2,6.825920e-001,0.000000e+000,,,,,,,,,,,,,,32,1,4.000000e+000,4.066467e-003,0.000000e+000,0,,0,
1524261372.008,,0.000000e+000,5.599696e+001,-7.244118e-005,0.000000e+000,2,6.836764e-001,0.000000e+000,,,,,,,,,,,,,,32,1,4.000000e+000,8.148193e-003,0.000000e+000,0,,0,
1524261384.368,,0.000000e+000,5.599763e+001,-7.225840e-005,0.000000e+000,2,6.827815e-001,0.000000e+000,,,,,,,,,,,,,,32,1,4.000000e+000,6.790161e-003,0.000000e+000,0,,0,
1524261396.808,,0.000000e+000,5.599831e+001,-7.234373e-005,0.000000e+000,2,6.819213e-001,0.000000e+000,,,,,,,,,,,,,,32,1,4.000000e+000,5.439758e-003,0.000000e+000,0,,0,
1524261409.178,,0.000000e+000,5.600239e+001,-7.238038e-005,0.000000e+000,2,6.814281e-001,0.000000e+000,,,,,,,,,,,,,,32,1,4.000000e+000,2.719879e-003,0.000000e+000,0,,0,
1524261422.068,,0.000000e+000,5.599831e+001,-7.226790e-005,0.000000e+000,2,6.843820e-001,0.000000e+000,,,,,,,,,,,,,,32,1,4.000000e+000,1.086807e-002,0.000000e+000,0,,0,
1524261434.308,,0.000000e+000,5.599899e+001,-7.221764e-005,0.000000e+000,2,6.811275e-001,0.000000e+000,,,,,,,,,,,,,,32,1,4.000000e+000,9.510040e-003,0.000000e+000,0,,0,
1524261447.098,,0.000000e+000,5.599967e+001,-7.228574e-005,0.000000e+000,2,6.832252e-001,0.000000e+000,,,,,,,,,,,,,,32,1,4.000000e+000,1.086044e-002,0.000000e+000,0,,0,
1524261459.458,,0.000000e+000,5.600102e+001,-7.238448e-005,0.000000e+000,2,6.837031e-001,0.000000e+000,,,,,,,,,,,,,,32,1,4.000000e+000,8.152008e-003,0.000000e+000,0,,0,
1524261471.988,,0.000000e+000,5.599831e+001,-7.227005e-005,0.000000e+000,2,6.829419e-001,0.000000e+000,,,,,,,,,,,,,,32,1,4.000000e+000,2.719879e-003,0.000000e+000,0,,0,
1524261484.478,,0.000000e+000,5.599628e+001,-7.237536e-005,0.000000e+000,2,6.827375e-001,0.000000e+000,,,,,,,,,,,,,,32,1,4.000000e+000,6.786346e-003,0.000000e+000,0,,0,
1524261497.668,,0.000000e+000,5.599492e+001,-7.245119e-005,0.000000e+000,2,6.853138e-001,0.000000e+000,,,,,,,,,,,,,,32,1,4.000000e+000,4.066467e-003,0.000000e+000,0,,0,
1524261510.238,,0.000000e+000,5.599763e+001,-7.243636e-005,0.000000e+000,2,6.824195e-001,0.000000e+000,,,,,,,,,,,,,,32,1,4.000000e+000,1.361847e-003,0.000000e+000,0,,0,
1524261522.958,,0.000000e+000,5.599424e+001,-7.248473e-005,0.000000e+000,2,6.840926e-001,0.000000e+000,,,,,,,,,,,,,,32,1,4.000000e+000,2.708435e-003,0.000000e+000,0,,0,
1524261535.258,,0.000000e+000,5.600306e+001,-7.233072e-005,0.000000e+000,2,6.823493e-001,0.000000e+000,,,,,,,,,,,,,,32,1,4.000000e+000,6.790161e-003,0.000000e+000,0,,0,
1524261548.248,,0.000000e+000,5.600306e+001,-7.248289e-005,0.000000e+000,2,6.832693e-001,0.000000e+000,,,,,,,,,,,,,,32,1,4.000000e+000,6.790161e-003,0.000000e+000,0,,0,
1524261560.788,,0.000000e+000,5.599560e+001,-7.256100e-005,0.000000e+000,2,6.832834e-001,0.000000e+000,,,,,,,,,,,,,,32,1,4.000000e+000,5.428314e-003,0.000000e+000,0,,0,
1524261573.238,,0.000000e+000,5.599763e+001,-7.236122e-005,0.000000e+000,2,6.837056e-001,0.000000e+000,,,,,,,,,,,,,,32,1,4.000000e+000,1.361847e-003,0.000000e+000,0,,0,
1524261585.758,,0.000000e+000,5.599695e+001,-7.257834e-005,0.000000e+000,2,6.829222e-001,0.000000e+000,,,,,,,,,,,,,,32,1,4.000000e+000,0.000000e+000,0.000000e+000,0,,0,
1524261598.398,,0.000000e+000,5.599627e+001,-7.253529e-005,0.000000e+000,2,6.846163e-001,0.000000e+000,,,,,,,,,,,,,,32,1,4.000000e+000,1.358032e-003,0.000000e+000,0,,0,
1524261611.018,,0.000000e+000,5.599899e+001,-7.240362e-005,0.000000e+000,2,6.835454e-001,0.000000e+000,,,,,,,,,,,,,,32,1,4.000000e+000,6.790161e-003,0.000000e+000,0,,0,
1524261623.318,,0.000000e+000,5.599695e+001,-7.247773e-005,0.000000e+000,2,6.828551e-001,0.000000e+000,,,,,,,,,,,,,,32,1,4.000000e+000,1.086044e-002,0.000000e+000,0,,0,
1524261636.378,,0.000000e+000,5.599423e+001,-7.273988e-005,0.000000e+000,2,6.846700e-001,0.000000e+000,,,,,,,,,,,,,,32,1,4.000000e+000,1.086807e-002,0.000000e+000,0,,0,
1524261649.378,,0.000000e+000,5.599899e+001,-7.240481e-005,0.000000e+000,2,6.833754e-001,0.000000e+000,,,,,,,,,,,,,,32,1,4.000000e+000,1.358032e-003,0.000000e+000,0,,0,
1524261661.998,,0.000000e+000,5.599355e+001,-7.255156e-005,0.000000e+000,2,6.833359e-001,0.000000e+000,,,,,,,,,,,,,,32,1,4.000000e+000,6.786346e-003,0.000000e+000,0,,0,
1524261674.318,,0.000000e+000,5.599899e+001,-7.262104e-005,0.000000e+000,2,6.831591e-001,0.000000e+000,,,,,,,,,,,,,,32,1,4.000000e+000,1.358032e-003,0.000000e+000,0,,0,
1524261687.048,,0.000000e+000,5.600103e+001,-7.263623e-005,0.000000e+000,2,6.866546e-001,0.000000e+000,,,,,,,,,,,,,,32,1,4.000000e+000,5.439758e-003,0.000000e+000,0,,0,
1524261699.768,,0.000000e+000,5.599899e+001,-7.250242e-005,0.000000e+000,2,6.826611e-001,0.000000e+000,,,,,,,,,,,,,,32,1,4.000000e+000,9.510040e-003,0.000000e+000,0,,0,
1524261712.378,,0.000000e+000,5.599492e+001,-7.262814e-005,0.000000e+000,2,6.843668e-001,0.000000e+000,,,,,,,,,,,,,,32,1,4.000000e+000,1.350403e-003,0.000000e+000,0,,0,
1524261724.978,,0.000000e+000,5.599559e+001,-7.266959e-005,0.000000e+000,2,6.855406e-001,0.000000e+000,,,,,,,,,,,,,,32,1,4.000000e+000,2.708435e-003,0.000000e+000,0,,0,
1524261737.718,,0.000000e+000,5.600035e+001,-7.272922e-005,0.000000e+000,2,6.835469e-001,0.000000e+000,,,,,,,,,,,,,,32,1,4.000000e+000,1.221848e-002,0.000000e+000,0,,0,
1524261749.928,,0.000000e+000,5.599967e+001,-7.258664e-005,0.000000e+000,2,6.838799e-001,0.000000e+000,,,,,,,,,,,,,,32,1,4.000000e+000,1.357651e-002,0.000000e+000,0,,0,
1524261762.468,,0.000000e+000,5.599967e+001,-7.266850e-005,0.000000e+000,2,6.835638e-001,0.000000e+000,,,,,,,,,,,,,,32,1,4.000000e+000,2.719879e-003,0.000000e+000,0,,0,
1524261774.888,,0.000000e+000,5.599967e+001,-7.276455e-005,0.000000e+000,2,6.864802e-001,0.000000e+000,,,,,,,,,,,,,,32,1,4.000000e+000,2.719879e-003,0.000000e+000,0,,0,
1524261787.488,,0.000000e+000,5.600103e+001,-7.254449e-005,0.000000e+000,2,6.845455e-001,0.000000e+000,,,,,,,,,,,,,,32,1,4.000000e+000,0.000000e+000,0.000000e+000,0,,0,
1524261800.008,,0.000000e+000,5.599355e+001,-7.257843e-005,0.000000e+000,2,6.835868e-001,0.000000e+000,,,,,,,,,,,,,,32,1,4.000000e+000,4.070282e-003,0.000000e+000,0,,0,
1524261812.398,,0.000000e+000,5.599967e+001,-7.270755e-005,0.000000e+000,2,6.840633e-001,0.000000e+000,,,,,,,,,,,,,,32,1,4.000000e+000,8.159637e-003,0.000000e+000,0,,0,
1524261824.548,,0.000000e+000,5.599695e+001,-7.282513e-005,0.000000e+000,2,6.846783e-001,0.000000e+000,,,,,,,,,,,,,,32,1,4.000000e+000,2.719879e-003,0.000000e+000,0,,0,
1524261836.858,,0.000000e+000,5.599695e+001,-7.266695e-005,0.000000e+000,2,6.853561e-001,0.000000e+000,,,,,,,,,,,,,,32,1,4.000000e+000,2.719879e-003,0.000000e+000,0,,0,
1524261849.218,,0.000000e+000,5.599628e+001,-7.262071e-005,0.000000e+000,2,6.827350e-001,0.000000e+000,,,,,,,,,,,,,,32,1,4.000000e+000,6.786346e-003,0.000000e+000,0,,0,
1524261861.808,,0.000000e+000,5.599492e+001,-7.277395e-005,0.000000e+000,2,6.841507e-001,0.000000e+000,,,,,,,,,,,,,,32,1,4.000000e+000,1.350403e-003,0.000000e+000,0,,0,
1524261874.738,,0.000000e+000,5.599287e+001,-7.283537e-005,0.000000e+000,2,6.849354e-001,0.000000e+000,,,,,,,,,,,,,,32,1,4.000000e+000,5.428314e-003,0.000000e+000,0,,0,
1524261886.878,,0.000000e+000,5.599355e+001,-7.263612e-005,0.000000e+000,2,6.834330e-001,0.000000e+000,,,,,,,,,,,,,,32,1,4.000000e+000,6.786346e-003,0.000000e+000,0,,0,
1524261899.488,,0.000000e+000,5.600171e+001,-7.285098e-005,0.000000e+000,2,6.852074e-001,0.000000e+000,,,,,,,,,,,,,,32,1,4.000000e+000,1.350403e-003,0.000000e+000,0,,0,
1524261912.018,,0.000000e+000,5.599423e+001,-7.279978e-005,0.000000e+000,2,6.847740e-001,0.000000e+000,,,,,,,,,,,,,,32,1,4.000000e+000,5.428314e-003,0.000000e+000,0,,0,
