[Header]
TITLE,MPMS DC Measurement
BYAPP,MPMS Measurement,2.1,Summary
FILEOPENTIME, 1524318854.648000 4/21/2018, 7:54:14 AM

INFO, APPNAME, MPMS MultiVu Application, Revision 1.61,  Build 082

INFO, NAME, TC04-12-01K
INFO, WEIGHT, 1.000
INFO, AREA, 1.000
INFO, LENGTH, 1.000
INFO, SHAPE, 0
INFO, COMMENT, 
INFO, SEQUENCE FILE: VRMac_57K_6000s_VRMde_55K.seq


INFO, BACKGROUND DATA FILE:, None


STARTUPAXIS,X,4,LINEAR,AUTO,0.000000,0.000000
STARTUPAXIS,Y1,5,LINEAR,AUTO,0.000000,0.000000


STARTUPGROUP,Longitudinal
FIELDGROUP,Longitudinal,1,2,3,4,5,6,7,8,9,15,16,17,18,27,28
FIELDGROUP,Transverse,1,2,3,4,10,11,12,13,14,19,20,21,22,27,28

PLOT_APPEARANCE,ALL,HORZ_GRID_ON,VERT_GRID_ON,MARKERS_AND_LINES

[Data]
Time,Comment,Field (Oe),Temperature (K),Long Moment (emu),Long Scan Std Dev,Long Algorithm,Long Reg Fit,Long Percent Error (%),Trans Moment (emu),Trans Scan Std Dev,Trans Algorithm,Trans Reg Fit,Trans Percent Error (%),Long Moment [w/o ABS] (emu),Long Scan Std Dev [w/o ABS],Long Reg Fit [w/o ABS],Long Percent Error [w/o ABS] (%),Trans Moment [w/o ABS] (emu),Trans Scan Std Dev [w/o ABS],Trans Reg Fit [w/o ABS],Trans Percent Error [w/o ABS] (%),Points per Scan,Scans per Measurement,Scan Length (cm),Delta Temp (K),Rot Position (deg),Error,EC Comp. Running,Using ABS,
1524318854.648,,0.000000e+000,5.708239e+001,-5.097474e-005,0.000000e+000,2,6.571032e-001,0.000000e+000,,,,,,,,,,,,,,32,1,4.000000e+000,1.545715e-002,0.000000e+000,0,,0,
1524318867.248,,0.000000e+000,5.707607e+001,-5.324537e-005,0.000000e+000,2,6.618226e-001,0.000000e+000,,,,,,,,,,,,,,32,1,4.000000e+000,1.125336e-002,0.000000e+000,0,,0,
1524318879.798,,0.000000e+000,5.706342e+001,-5.465803e-005,0.000000e+000,2,6.596894e-001,0.000000e+000,,,,,,,,,,,,,,32,1,4.000000e+000,1.403809e-002,0.000000e+000,0,,0,
1524318892.118,,0.000000e+000,5.705219e+001,-5.561256e-005,0.000000e+000,2,6.610392e-001,0.000000e+000,,,,,,,,,,,,,,32,1,4.000000e+000,8.430481e-003,0.000000e+000,0,,0,
1524318904.498,,0.000000e+000,5.704726e+001,-5.640091e-005,0.000000e+000,2,6.603321e-001,0.000000e+000,,,,,,,,,,,,,,32,1,4.000000e+000,1.411438e-003,0.000000e+000,0,,0,
1524318916.848,,0.000000e+000,5.703674e+001,-5.719234e-005,0.000000e+000,2,6.626051e-001,0.000000e+000,,,,,,,,,,,,,,32,1,4.000000e+000,5.599976e-003,0.000000e+000,0,,0,
1524318929.328,,0.000000e+000,5.702972e+001,-5.763659e-005,0.000000e+000,2,6.609325e-001,0.000000e+000,,,,,,,,,,,,,,32,1,4.000000e+000,2.799988e-003,0.000000e+000,0,,0,
1524318941.928,,0.000000e+000,5.701920e+001,-5.821526e-005,0.000000e+000,2,6.635320e-001,0.000000e+000,,,,,,,,,,,,,,32,1,4.000000e+000,7.011414e-003,0.000000e+000,0,,0,
1524318954.328,,0.000000e+000,5.702762e+001,-5.856957e-005,0.000000e+000,2,6.619851e-001,0.000000e+000,,,,,,,,,,,,,,32,1,4.000000e+000,1.399994e-003,0.000000e+000,0,,0,
1524318966.978,,0.000000e+000,5.702200e+001,-5.899538e-005,0.000000e+000,2,6.643261e-001,0.000000e+000,,,,,,,,,,,,,,32,1,4.000000e+000,1.392365e-003,0.000000e+000,0,,0,
1524318979.528,,0.000000e+000,5.701639e+001,-5.937151e-005,0.000000e+000,2,6.623537e-001,0.000000e+000,,,,,,,,,,,,,,32,1,4.000000e+000,1.399994e-003,0.000000e+000,0,,0,
1524318992.118,,0.000000e+000,5.701639e+001,-5.971754e-005,0.000000e+000,2,6.654056e-001,0.000000e+000,,,,,,,,,,,,,,32,1,4.000000e+000,1.399994e-003,0.000000e+000,0,,0,
1524319004.978,,0.000000e+000,5.701218e+001,-6.000203e-005,0.000000e+000,2,6.639512e-001,0.000000e+000,,,,,,,,,,,,,,32,1,4.000000e+000,1.263046e-002,0.000000e+000,0,,0,
1524319017.488,,0.000000e+000,5.700587e+001,-6.030605e-005,0.000000e+000,2,6.646767e-001,0.000000e+000,,,,,,,,,,,,,,32,1,4.000000e+000,8.407593e-003,0.000000e+000,0,,0,
1524319029.648,,0.000000e+000,5.700938e+001,-6.056258e-005,0.000000e+000,2,6.643314e-001,0.000000e+000,,,,,,,,,,,,,,32,1,4.000000e+000,4.199982e-003,0.000000e+000,0,,0,
1524319042.128,,0.000000e+000,5.700166e+001,-6.074609e-005,0.000000e+000,2,6.653143e-001,0.000000e+000,,,,,,,,,,,,,,32,1,4.000000e+000,8.411407e-003,0.000000e+000,0,,0,
1524319054.988,,0.000000e+000,5.700727e+001,-6.105527e-005,0.000000e+000,2,6.652135e-001,0.000000e+000,,,,,,,,,,,,,,32,1,4.000000e+000,5.607605e-003,0.000000e+000,0,,0,
1524319067.858,,0.000000e+000,5.699956e+001,-6.119326e-005,0.000000e+000,2,6.654636e-001,0.000000e+000,,,,,,,,,,,,,,32,1,4.000000e+000,9.819031e-003,0.000000e+000,0,,0,
1524319080.638,,0.000000e+000,5.699606e+001,-6.148007e-005,0.000000e+000,2,6.654652e-001,0.000000e+000,,,,,,,,,,,,,,32,1,4.000000e+000,2.807617e-003,0.000000e+000,0,,0,
1524319092.578,,0.000000e+000,5.699676e+001,-6.160365e-005,0.000000e+000,2,6.665228e-001,0.000000e+000,,,,,,,,,,,,,,32,1,4.000000e+000,1.399994e-003,0.000000e+000,0,,0,
1524319104.988,,0.000000e+000,5.700167e+001,-6.180326e-005,0.000000e+000,2,6.654866e-001,0.000000e+000,,,,,,,,,,,,,,32,1,4.000000e+000,0.000000e+000,0.000000e+000,0,,0,
1524319117.529,,0.000000e+000,5.699956e+001,-6.194346e-005,0.000000e+000,2,6.666275e-001,0.000000e+000,,,,,,,,,,,,,,32,1,4.000000e+000,6.999969e-003,0.000000e+000,0,,0,
1524319129.859,,0.000000e+000,5.700027e+001,-6.211041e-005,0.000000e+000,2,6.654180e-001,0.000000e+000,,,,,,,,,,,,,,32,1,4.000000e+000,2.811432e-003,0.000000e+000,0,,0,
1524319142.429,,0.000000e+000,5.699535e+001,-6.221695e-005,0.000000e+000,2,6.668785e-001,0.000000e+000,,,,,,,,,,,,,,32,1,4.000000e+000,1.263046e-002,0.000000e+000,0,,0,
1524319154.579,,0.000000e+000,5.700237e+001,-6.237852e-005,0.000000e+000,2,6.663803e-001,0.000000e+000,,,,,,,,,,,,,,32,1,4.000000e+000,1.388550e-003,0.000000e+000,0,,0,
1524319167.649,,0.000000e+000,5.699465e+001,-6.263506e-005,0.000000e+000,2,6.678978e-001,0.000000e+000,,,,,,,,,,,,,,32,1,4.000000e+000,1.681900e-002,0.000000e+000,0,,0,
1524319180.039,,0.000000e+000,5.699886e+001,-6.266850e-005,0.000000e+000,2,6.666669e-001,0.000000e+000,,,,,,,,,,,,,,32,1,4.000000e+000,2.523804e-002,0.000000e+000,0,,0,
1524319192.839,,0.000000e+000,5.699676e+001,-6.283579e-005,0.000000e+000,2,6.678294e-001,0.000000e+000,,,,,,,,,,,,,,32,1,4.000000e+000,1.399994e-003,0.000000e+000,0,,0,
1524319205.339,,0.000000e+000,5.699466e+001,-6.295036e-005,0.000000e+000,2,6.665720e-001,0.000000e+000,,,,,,,,,,,,,,32,1,4.000000e+000,5.599976e-003,0.000000e+000,0,,0,
1524319218.939,,0.000000e+000,5.699396e+001,-6.313179e-005,0.000000e+000,2,6.675352e-001,0.000000e+000,,,,,,,,,,,,,,32,1,4.000000e+000,7.007599e-003,0.000000e+000,0,,0,
1524319231.269,,0.000000e+000,5.699886e+001,-6.325531e-005,0.000000e+000,2,6.662809e-001,0.000000e+000,,,,,,,,,,,,,,32,1,4.000000e+000,2.799988e-003,0.000000e+000,0,,0,
1524319243.819,,0.000000e+000,5.699956e+001,-6.332574e-005,0.000000e+000,2,6.681336e-001,0.000000e+000,,,,,,,,,,,,,,32,1,4.000000e+000,9.819031e-003,0.000000e+000,0,,0,
1524319255.999,,0.000000e+000,5.700097e+001,-6.348334e-005,0.000000e+000,2,6.684126e-001,0.000000e+000,,,,,,,,,,,,,,32,1,4.000000e+000,7.011414e-003,0.000000e+000,0,,0,
1524319268.989,,0.000000e+000,5.699886e+001,-6.357430e-005,0.000000e+000,2,6.694299e-001,0.000000e+000,,,,,,,,,,,,,,32,1,4.000000e+000,2.799988e-003,0.000000e+000,0,,0,
1524319281.909,,0.000000e+000,5.699746e+001,-6.371921e-005,0.000000e+000,2,6.680214e-001,0.000000e+000,,,,,,,,,,,,,,32,1,4.000000e+000,5.607605e-003,0.000000e+000,0,,0,
1524319294.429,,0.000000e+000,5.699465e+001,-6.375826e-005,0.000000e+000,2,6.684492e-001,0.000000e+000,,,,,,,,,,,,,,32,1,4.000000e+000,0.000000e+000,0.000000e+000,0,,0,
1524319307.159,,0.000000e+000,5.699606e+001,-6.398559e-005,0.000000e+000,2,6.693624e-001,0.000000e+000,,,,,,,,,,,,,,32,1,4.000000e+000,2.807617e-003,0.000000e+000,0,,0,
1524319319.129,,0.000000e+000,5.700377e+001,-6.397123e-005,0.000000e+000,2,6.685081e-001,0.000000e+000,,,,,,,,,,,,,,32,1,4.000000e+000,1.261902e-002,0.000000e+000,0,,0,
1524319332.389,,0.000000e+000,5.700027e+001,-6.406404e-005,0.000000e+000,2,6.688459e-001,0.000000e+000,,,,,,,,,,,,,,32,1,4.000000e+000,1.962662e-002,0.000000e+000,0,,0,
1524319344.839,,0.000000e+000,5.699606e+001,-6.420246e-005,0.000000e+000,2,6.680111e-001,0.000000e+000,,,,,,,,,,,,,,32,1,4.000000e+000,1.121902e-002,0.000000e+000,0,,0,
1524319357.979,,0.000000e+000,5.699957e+001,-6.428194e-005,0.000000e+000,2,6.689323e-001,0.000000e+000,,,,,,,,,,,,,,32,1,4.000000e+000,4.211426e-003,0.000000e+000,0,,0,
1524319370.379,,0.000000e+000,5.699606e+001,-6.440276e-005,0.000000e+000,2,6.687605e-001,0.000000e+000,,,,,,,,,,,,,,32,1,4.000000e+000,2.807617e-003,0.000000e+000,0,,0,
1524319383.449,,0.000000e+000,5.699535e+001,-6.449368e-005,0.000000e+000,2,6.696607e-001,0.000000e+000,,,,,,,,,,,,,,32,1,4.000000e+000,1.407623e-003,0.000000e+000,0,,0,
1524319396.029,,0.000000e+000,5.699816e+001,-6.454605e-005,0.000000e+000,2,6.692119e-001,0.000000e+000,,,,,,,,,,,,,,32,1,4.000000e+000,4.199982e-003,0.000000e+000,0,,0,
1524319408.929,,0.000000e+000,5.699956e+001,-6.463610e-005,0.000000e+000,2,6.689049e-001,0.000000e+000,,,,,,,,,,,,,,32,1,4.000000e+000,1.399994e-003,0.000000e+000,0,,0,
1524319421.329,,0.000000e+000,5.699396e+001,-6.473744e-005,0.000000e+000,2,6.693427e-001,0.000000e+000,,,,,,,,,,,,,,32,1,4.000000e+000,7.007599e-003,0.000000e+000,0,,0,
1524319433.779,,0.000000e+000,5.699326e+001,-6.483160e-005,0.000000e+000,2,6.704471e-001,0.000000e+000,,,,,,,,,,,,,,32,1,4.000000e+000,5.607605e-003,0.000000e+000,0,,0,
1524319446.129,,0.000000e+000,5.699956e+001,-6.487996e-005,0.000000e+000,2,6.700917e-001,0.000000e+000,,,,,,,,,,,,,,32,1,4.000000e+000,6.999969e-003,0.000000e+000,0,,0,
1524319459.069,,0.000000e+000,5.699325e+001,-6.498371e-005,0.000000e+000,2,6.699486e-001,0.000000e+000,,,,,,,,,,,,,,32,1,4.000000e+000,8.419037e-003,0.000000e+000,0,,0,
1524319472.129,,0.000000e+000,5.699746e+001,-6.503081e-005,0.000000e+000,2,6.695533e-001,0.000000e+000,,,,,,,,,,,,,,32,1,4.000000e+000,0.000000e+000,0.000000e+000,0,,0,
1524319484.649,,0.000000e+000,5.700377e+001,-6.507744e-005,0.000000e+000,2,6.707861e-001,0.000000e+000,,,,,,,,,,,,,,32,1,4.000000e+000,1.261902e-002,0.000000e+000,0,,0,
1524319497.219,,0.000000e+000,5.700657e+001,-6.523548e-005,0.000000e+000,2,6.697270e-001,0.000000e+000,,,,,,,,,,,,,,32,1,4.000000e+000,7.019043e-003,0.000000e+000,0,,0,
1524319510.229,,0.000000e+000,5.699816e+001,-6.525649e-005,0.000000e+000,2,6.701346e-001,0.000000e+000,,,,,,,,,,,,,,32,1,4.000000e+000,1.399994e-003,0.000000e+000,0,,0,
1524319523.359,,0.000000e+000,5.699816e+001,-6.529608e-005,0.000000e+000,2,6.705947e-001,0.000000e+000,,,,,,,,,,,,,,32,1,4.000000e+000,1.399994e-003,0.000000e+000,0,,0,
1524319535.739,,0.000000e+000,5.699255e+001,-6.543416e-005,0.000000e+000,2,6.698830e-001,0.000000e+000,,,,,,,,,,,,,,32,1,4.000000e+000,1.392365e-003,0.000000e+000,0,,0,
1524319548.509,,0.000000e+000,5.699886e+001,-6.547578e-005,0.000000e+000,2,6.722486e-001,0.000000e+000,,,,,,,,,,,,,,32,1,4.000000e+000,1.401138e-002,0.000000e+000,0,,0,
1524319561.169,,0.000000e+000,5.700307e+001,-6.549602e-005,0.000000e+000,2,6.698762e-001,0.000000e+000,,,,,,,,,,,,,,32,1,4.000000e+000,5.611420e-003,0.000000e+000,0,,0,
1524319573.779,,0.000000e+000,5.699816e+001,-6.563257e-005,0.000000e+000,2,6.719054e-001,0.000000e+000,,,,,,,,,,,,,,32,1,4.000000e+000,4.199982e-003,0.000000e+000,0,,0,
1524319586.439,,0.000000e+000,5.699817e+001,-6.567063e-005,0.000000e+000,2,6.708067e-001,0.000000e+000,,,,,,,,,,,,,,32,1,4.000000e+000,1.261139e-002,0.000000e+000,0,,0,
1524319599.439,,0.000000e+000,5.699815e+001,-6.578764e-005,0.000000e+000,2,6.720909e-001,0.000000e+000,,,,,,,,,,,,,,32,1,4.000000e+000,9.807587e-003,0.000000e+000,0,,0,
1524319611.669,,0.000000e+000,5.699815e+001,-6.586770e-005,0.000000e+000,2,6.707751e-001,0.000000e+000,,,,,,,,,,,,,,32,1,4.000000e+000,9.807587e-003,0.000000e+000,0,,0,
1524319624.459,,0.000000e+000,5.699465e+001,-6.583031e-005,0.000000e+000,2,6.713111e-001,0.000000e+000,,,,,,,,,,,,,,32,1,4.000000e+000,0.000000e+000,0.000000e+000,0,,0,
1524319636.689,,0.000000e+000,5.699746e+001,-6.596884e-005,0.000000e+000,2,6.722102e-001,0.000000e+000,,,,,,,,,,,,,,32,1,4.000000e+000,0.000000e+000,0.000000e+000,0,,0,
1524319649.689,,0.000000e+000,5.699746e+001,-6.597999e-005,0.000000e+000,2,6.728969e-001,0.000000e+000,,,,,,,,,,,,,,32,1,4.000000e+000,0.000000e+000,0.000000e+000,0,,0,
1524319662.129,,0.000000e+000,5.699886e+001,-6.606320e-005,0.000000e+000,2,6.722807e-001,0.000000e+000,,,,,,,,,,,,,,32,1,4.000000e+000,8.407593e-003,0.000000e+000,0,,0,
1524319674.629,,0.000000e+000,5.699465e+001,-6.615053e-005,0.000000e+000,2,6.728542e-001,0.000000e+000,,,,,,,,,,,,,,32,1,4.000000e+000,0.000000e+000,0.000000e+000,0,,0,
1524319687.359,,0.000000e+000,5.699395e+001,-6.614708e-005,0.000000e+000,2,6.709253e-001,0.000000e+000,,,,,,,,,,,,,,32,1,4.000000e+000,9.819031e-003,0.000000e+000,0,,0,
1524319699.909,,0.000000e+000,5.699184e+001,-6.619964e-005,0.000000e+000,2,6.722818e-001,0.000000e+000,,,,,,,,,,,,,,32,1,4.000000e+000,5.611420e-003,0.000000e+000,0,,0,
1524319712.499,,0.000000e+000,5.700026e+001,-6.629907e-005,0.000000e+000,2,6.717691e-001,0.000000e+000,,,,,,,,,,,,,,32,1,4.000000e+000,1.121902e-002,0.000000e+000,0,,0,
1524319725.119,,0.000000e+000,5.699746e+001,-6.633962e-005,0.000000e+000,2,6.724615e-001,0.000000e+000,,,,,,,,,,,,,,32,1,4.000000e+000,2.799988e-003,0.000000e+000,0,,0,
1524319738.319,,0.000000e+000,5.699396e+001,-6.638330e-005,0.000000e+000,2,6.731266e-001,0.000000e+000,,,,,,,,,,,,,,32,1,4.000000e+000,4.199982e-003,0.000000e+000,0,,0,
1524319750.249,,0.000000e+000,5.699886e+001,-6.642525e-005,0.000000e+000,2,6.721358e-001,0.000000e+000,,,,,,,,,,,,,,32,1,4.000000e+000,1.401138e-002,0.000000e+000,0,,0,
1524319762.679,,0.000000e+000,5.700377e+001,-6.651704e-005,0.000000e+000,2,6.720223e-001,0.000000e+000,,,,,,,,,,,,,,32,1,4.000000e+000,4.199982e-003,0.000000e+000,0,,0,
1524319775.019,,0.000000e+000,5.699606e+001,-6.650954e-005,0.000000e+000,2,6.732609e-001,0.000000e+000,,,,,,,,,,,,,,32,1,4.000000e+000,0.000000e+000,0.000000e+000,0,,0,
1524319787.539,,0.000000e+000,5.700307e+001,-6.661582e-005,0.000000e+000,2,6.725423e-001,0.000000e+000,,,,,,,,,,,,,,32,1,4.000000e+000,1.401901e-002,0.000000e+000,0,,0,
1524319800.749,,0.000000e+000,5.699746e+001,-6.661355e-005,0.000000e+000,2,6.725427e-001,0.000000e+000,,,,,,,,,,,,,,32,1,4.000000e+000,8.419037e-003,0.000000e+000,0,,0,
1524319813.089,,0.000000e+000,5.699676e+001,-6.662297e-005,0.000000e+000,2,6.723884e-001,0.000000e+000,,,,,,,,,,,,,,32,1,4.000000e+000,4.207611e-003,0.000000e+000,0,,0,
1524319825.899,,0.000000e+000,5.700166e+001,-6.674629e-005,0.000000e+000,2,6.742164e-001,0.000000e+000,,,,,,,,,,,,,,32,1,4.000000e+000,5.611420e-003,0.000000e+000,0,,0,
1524319838.270,,0.000000e+000,5.699886e+001,-6.672349e-005,0.000000e+000,2,6.720962e-001,0.000000e+000,,,,,,,,,,,,,,32,1,4.000000e+000,5.611420e-003,0.000000e+000,0,,0,
1524319850.990,,0.000000e+000,5.699886e+001,-6.685020e-005,0.000000e+000,2,6.740192e-001,0.000000e+000,,,,,,,,,,,,,,32,1,4.000000e+000,2.799988e-003,0.000000e+000,0,,0,
1524319863.230,,0.000000e+000,5.699535e+001,-6.682618e-005,0.000000e+000,2,6.724183e-001,0.000000e+000,,,,,,,,,,,,,,32,1,4.000000e+000,4.207611e-003,0.000000e+000,0,,0,
1524319876.070,,0.000000e+000,5.699325e+001,-6.692708e-005,0.000000e+000,2,6.740996e-001,0.000000e+000,,,,,,,,,,,,,,32,1,4.000000e+000,0.000000e+000,0.000000e+000,0,,0,
1524319888.720,,0.000000e+000,5.699395e+001,-6.701083e-005,0.000000e+000,2,6.738642e-001,0.000000e+000,,,,,,,,,,,,,,32,1,4.000000e+000,1.399994e-003,0.000000e+000,0,,0,
1524319901.410,,0.000000e+000,5.699746e+001,-6.701549e-005,0.000000e+000,2,6.737833e-001,0.000000e+000,,,,,,,,,,,,,,32,1,4.000000e+000,5.607605e-003,0.000000e+000,0,,0,
1524319914.070,,0.000000e+000,5.699956e+001,-6.709123e-005,0.000000e+000,2,6.745410e-001,0.000000e+000,,,,,,,,,,,,,,32,1,4.000000e+000,9.819031e-003,0.000000e+000,0,,0,
1524319926.620,,0.000000e+000,5.700307e+001,-6.712754e-005,0.000000e+000,2,6.740767e-001,0.000000e+000,,,,,,,,,,,,,,32,1,4.000000e+000,2.799988e-003,0.000000e+000,0,,0,
1524319939.230,,0.000000e+000,5.699957e+001,-6.719656e-005,0.000000e+000,2,6.742904e-001,0.000000e+000,,,,,,,,,,,,,,32,1,4.000000e+000,4.211426e-003,0.000000e+000,0,,0,
1524319951.790,,0.000000e+000,5.700377e+001,-6.715263e-005,0.000000e+000,2,6.737686e-001,0.000000e+000,,,,,,,,,,,,,,32,1,4.000000e+000,1.261902e-002,0.000000e+000,0,,0,
1524319965.140,,0.000000e+000,5.700447e+001,-6.728338e-005,0.000000e+000,2,6.738039e-001,0.000000e+000,,,,,,,,,,,,,,32,1,4.000000e+000,1.121902e-002,0.000000e+000,0,,0,
1524319977.610,,0.000000e+000,5.700027e+001,-6.721132e-005,0.000000e+000,2,6.732464e-001,0.000000e+000,,,,,,,,,,,,,,32,1,4.000000e+000,2.811432e-003,0.000000e+000,0,,0,
1524319990.280,,0.000000e+000,5.700027e+001,-6.734530e-005,0.000000e+000,2,6.730720e-001,0.000000e+000,,,,,,,,,,,,,,32,1,4.000000e+000,2.811432e-003,0.000000e+000,0,,0,
1524320002.640,,0.000000e+000,5.700027e+001,-6.741606e-005,0.000000e+000,2,6.744419e-001,0.000000e+000,,,,,,,,,,,,,,32,1,4.000000e+000,8.411407e-003,0.000000e+000,0,,0,
1524320015.970,,0.000000e+000,5.699817e+001,-6.748045e-005,0.000000e+000,2,6.765952e-001,0.000000e+000,,,,,,,,,,,,,,32,1,4.000000e+000,1.261139e-002,0.000000e+000,0,,0,
1524320028.930,,0.000000e+000,5.700026e+001,-6.742744e-005,0.000000e+000,2,6.732132e-001,0.000000e+000,,,,,,,,,,,,,,32,1,4.000000e+000,5.599976e-003,0.000000e+000,0,,0,
1524320041.220,,0.000000e+000,5.699676e+001,-6.748498e-005,0.000000e+000,2,6.751963e-001,0.000000e+000,,,,,,,,,,,,,,32,1,4.000000e+000,7.007599e-003,0.000000e+000,0,,0,
1524320053.510,,0.000000e+000,5.699466e+001,-6.757192e-005,0.000000e+000,2,6.746363e-001,0.000000e+000,,,,,,,,,,,,,,32,1,4.000000e+000,2.807617e-003,0.000000e+000,0,,0,
1524320066.930,,0.000000e+000,5.700517e+001,-6.760095e-005,0.000000e+000,2,6.758882e-001,0.000000e+000,,,,,,,,,,,,,,32,1,4.000000e+000,4.219055e-003,0.000000e+000,0,,0,
1524320079.100,,0.000000e+000,5.699395e+001,-6.763987e-005,0.000000e+000,2,6.752459e-001,0.000000e+000,,,,,,,,,,,,,,32,1,4.000000e+000,1.399994e-003,0.000000e+000,0,,0,
1524320091.610,,0.000000e+000,5.699606e+001,-6.769371e-005,0.000000e+000,2,6.754280e-001,0.000000e+000,,,,,,,,,,,,,,32,1,4.000000e+000,0.000000e+000,0.000000e+000,0,,0,
1524320103.920,,0.000000e+000,5.699606e+001,-6.765647e-005,0.000000e+000,2,6.747068e-001,0.000000e+000,,,,,,,,,,,,,,32,1,4.000000e+000,0.000000e+000,0.000000e+000,0,,0,
1524320116.770,,0.000000e+000,5.699676e+001,-6.773102e-005,0.000000e+000,2,6.761925e-001,0.000000e+000,,,,,,,,,,,,,,32,1,4.000000e+000,1.399994e-003,0.000000e+000,0,,0,
1524320129.920,,0.000000e+000,5.699746e+001,-6.779833e-005,0.000000e+000,2,6.760597e-001,0.000000e+000,,,,,,,,,,,,,,32,1,4.000000e+000,0.000000e+000,0.000000e+000,0,,0,
1524320142.620,,0.000000e+000,5.699466e+001,-6.782646e-005,0.000000e+000,2,6.751162e-001,0.000000e+000,,,,,,,,,,,,,,32,1,4.000000e+000,5.599976e-003,0.000000e+000,0,,0,
1524320155.000,,0.000000e+000,5.700237e+001,-6.787077e-005,0.000000e+000,2,6.761976e-001,0.000000e+000,,,,,,,,,,,,,,32,1,4.000000e+000,1.388550e-003,0.000000e+000,0,,0,
1524320167.670,,0.000000e+000,5.699956e+001,-6.791372e-005,0.000000e+000,2,6.750785e-001,0.000000e+000,,,,,,,,,,,,,,32,1,4.000000e+000,1.399994e-003,0.000000e+000,0,,0,
1524320180.250,,0.000000e+000,5.699395e+001,-6.791223e-005,0.000000e+000,2,6.759698e-001,0.000000e+000,,,,,,,,,,,,,,32,1,4.000000e+000,1.399994e-003,0.000000e+000,0,,0,
1524320192.750,,0.000000e+000,5.700237e+001,-6.803458e-005,0.000000e+000,2,6.761540e-001,0.000000e+000,,,,,,,,,,,,,,32,1,4.000000e+000,7.011414e-003,0.000000e+000,0,,0,
1524320205.270,,0.000000e+000,5.700237e+001,-6.803074e-005,0.000000e+000,2,6.764506e-001,0.000000e+000,,,,,,,,,,,,,,32,1,4.000000e+000,7.011414e-003,0.000000e+000,0,,0,
1524320217.860,,0.000000e+000,5.699816e+001,-6.809726e-005,0.000000e+000,2,6.768445e-001,0.000000e+000,,,,,,,,,,,,,,32,1,4.000000e+000,1.399994e-003,0.000000e+000,0,,0,
1524320230.470,,0.000000e+000,5.699465e+001,-6.810534e-005,0.000000e+000,2,6.756779e-001,0.000000e+000,,,,,,,,,,,,,,32,1,4.000000e+000,0.000000e+000,0.000000e+000,0,,0,
1524320243.060,,0.000000e+000,5.699816e+001,-6.815703e-005,0.000000e+000,2,6.766119e-001,0.000000e+000,,,,,,,,,,,,,,32,1,4.000000e+000,1.541901e-002,0.000000e+000,0,,0,
1524320255.360,,0.000000e+000,5.699746e+001,-6.818173e-005,0.000000e+000,2,6.760043e-001,0.000000e+000,,,,,,,,,,,,,,32,1,4.000000e+000,2.799988e-003,0.000000e+000,0,,0,
1524320268.070,,0.000000e+000,5.699115e+001,-6.818429e-005,0.000000e+000,2,6.782346e-001,0.000000e+000,,,,,,,,,,,,,,32,1,4.000000e+000,9.819031e-003,0.000000e+000,0,,0,
1524320280.520,,0.000000e+000,5.700097e+001,-6.826380e-005,0.000000e+000,2,6.767067e-001,0.000000e+000,,,,,,,,,,,,,,32,1,4.000000e+000,9.811401e-003,0.000000e+000,0,,0,
1524320293.100,,0.000000e+000,5.700097e+001,-6.817129e-005,0.000000e+000,2,6.768900e-001,0.000000e+000,,,,,,,,,,,,,,32,1,4.000000e+000,1.411438e-003,0.000000e+000,0,,0,
1524320305.710,,0.000000e+000,5.699886e+001,-6.837724e-005,0.000000e+000,2,6.785285e-001,0.000000e+000,,,,,,,,,,,,,,32,1,4.000000e+000,5.611420e-003,0.000000e+000,0,,0,
1524320318.360,,0.000000e+000,5.699677e+001,-6.829006e-005,0.000000e+000,2,6.767960e-001,0.000000e+000,,,,,,,,,,,,,,32,1,4.000000e+000,9.811401e-003,0.000000e+000,0,,0,
1524320330.750,,0.000000e+000,5.700167e+001,-6.831993e-005,0.000000e+000,2,6.786509e-001,0.000000e+000,,,,,,,,,,,,,,32,1,4.000000e+000,0.000000e+000,0.000000e+000,0,,0,
1524320343.130,,0.000000e+000,5.700027e+001,-6.838551e-005,0.000000e+000,2,6.771805e-001,0.000000e+000,,,,,,,,,,,,,,32,1,4.000000e+000,2.811432e-003,0.000000e+000,0,,0,
1524320355.980,,0.000000e+000,5.699606e+001,-6.844783e-005,0.000000e+000,2,6.785595e-001,0.000000e+000,,,,,,,,,,,,,,32,1,4.000000e+000,5.607605e-003,0.000000e+000,0,,0,
1524320368.220,,0.000000e+000,5.699185e+001,-6.841792e-005,0.000000e+000,2,6.777179e-001,0.000000e+000,,,,,,,,,,,,,,32,1,4.000000e+000,2.799988e-003,0.000000e+000,0,,0,
1524320381.010,,0.000000e+000,5.699045e+001,-6.860033e-005,0.000000e+000,2,6.784619e-001,0.000000e+000,,,,,,,,,,,,,,32,1,4.000000e+000,0.000000e+000,0.000000e+000,0,,0,
1524320393.560,,0.000000e+000,5.699255e+001,-6.847474e-005,0.000000e+000,2,6.767375e-001,0.000000e+000,,,,,,,,,,,,,,32,1,4.000000e+000,4.199982e-003,0.000000e+000,0,,0,
1524320406.280,,0.000000e+000,5.700026e+001,-6.860743e-005,0.000000e+000,2,6.786622e-001,0.000000e+000,,,,,,,,,,,,,,32,1,4.000000e+000,1.121902e-002,0.000000e+000,0,,0,
1524320418.340,,0.000000e+000,5.700446e+001,-6.858350e-005,0.000000e+000,2,6.777645e-001,0.000000e+000,,,,,,,,,,,,,,32,1,4.000000e+000,2.811432e-003,0.000000e+000,0,,0,
1524320430.690,,0.000000e+000,5.699956e+001,-6.864643e-005,0.000000e+000,2,6.777346e-001,0.000000e+000,,,,,,,,,,,,,,32,1,4.000000e+000,6.999969e-003,0.000000e+000,0,,0,
1524320443.610,,0.000000e+000,5.700027e+001,-6.863438e-005,0.000000e+000,2,6.788294e-001,0.000000e+000,,,,,,,,,,,,,,32,1,4.000000e+000,2.811432e-003,0.000000e+000,0,,0,
1524320456.370,,0.000000e+000,5.700026e+001,-6.866256e-005,0.000000e+000,2,6.755346e-001,0.000000e+000,,,,,,,,,,,,,,32,1,4.000000e+000,5.599976e-003,0.000000e+000,0,,0,
1524320468.730,,0.000000e+000,5.700377e+001,-6.868195e-005,0.000000e+000,2,6.787024e-001,0.000000e+000,,,,,,,,,,,,,,32,1,4.000000e+000,1.541901e-002,0.000000e+000,0,,0,
1524320481.060,,0.000000e+000,5.700097e+001,-6.875338e-005,0.000000e+000,2,6.779745e-001,0.000000e+000,,,,,,,,,,,,,,32,1,4.000000e+000,2.102661e-002,0.000000e+000,0,,0,
1524320493.220,,0.000000e+000,5.699045e+001,-6.878829e-005,0.000000e+000,2,6.797859e-001,0.000000e+000,,,,,,,,,,,,,,32,1,4.000000e+000,0.000000e+000,0.000000e+000,0,,0,
1524320505.600,,0.000000e+000,5.699536e+001,-6.875851e-005,0.000000e+000,2,6.780642e-001,0.000000e+000,,,,,,,,,,,,,,32,1,4.000000e+000,6.999969e-003,0.000000e+000,0,,0,
1524320518.430,,0.000000e+000,5.699536e+001,-6.882669e-005,0.000000e+000,2,6.792669e-001,0.000000e+000,,,,,,,,,,,,,,32,1,4.000000e+000,6.999969e-003,0.000000e+000,0,,0,
1524320530.830,,0.000000e+000,5.699677e+001,-6.884293e-005,0.000000e+000,2,6.777837e-001,0.000000e+000,,,,,,,,,,,,,,32,1,4.000000e+000,9.811401e-003,0.000000e+000,0,,0,
1524320543.161,,0.000000e+000,5.699535e+001,-6.887437e-005,0.000000e+000,2,6.798245e-001,0.000000e+000,,,,,,,,,,,,,,32,1,4.000000e+000,9.807587e-003,0.000000e+000,0,,0,
1524320555.731,,0.000000e+000,5.699746e+001,-6.891016e-005,0.000000e+000,2,6.784539e-001,0.000000e+000,,,,,,,,,,,,,,32,1,4.000000e+000,1.401901e-002,0.000000e+000,0,,0,
1524320568.261,,0.000000e+000,5.699396e+001,-6.890814e-005,0.000000e+000,2,6.791378e-001,0.000000e+000,,,,,,,,,,,,,,32,1,4.000000e+000,4.199982e-003,0.000000e+000,0,,0,
1524320580.741,,0.000000e+000,5.700377e+001,-6.901631e-005,0.000000e+000,2,6.787884e-001,0.000000e+000,,,,,,,,,,,,,,32,1,4.000000e+000,1.411438e-003,0.000000e+000,0,,0,
1524320593.271,,0.000000e+000,5.699186e+001,-6.896224e-005,0.000000e+000,2,6.798728e-001,0.000000e+000,,,,,,,,,,,,,,32,1,4.000000e+000,8.407593e-003,0.000000e+000,0,,0,
1524320605.601,,0.000000e+000,5.699326e+001,-6.906872e-005,0.000000e+000,2,6.779650e-001,0.000000e+000,,,,,,,,,,,,,,32,1,4.000000e+000,5.607605e-003,0.000000e+000,0,,0,
1524320618.241,,0.000000e+000,5.699395e+001,-6.905277e-005,0.000000e+000,2,6.792631e-001,0.000000e+000,,,,,,,,,,,,,,32,1,4.000000e+000,9.819031e-003,0.000000e+000,0,,0,
1524320630.591,,0.000000e+000,5.699676e+001,-6.908812e-005,0.000000e+000,2,6.779707e-001,0.000000e+000,,,,,,,,,,,,,,32,1,4.000000e+000,1.399994e-003,0.000000e+000,0,,0,
1524320643.151,,0.000000e+000,5.700097e+001,-6.908281e-005,0.000000e+000,2,6.799808e-001,0.000000e+000,,,,,,,,,,,,,,32,1,4.000000e+000,7.011414e-003,0.000000e+000,0,,0,
1524320655.551,,0.000000e+000,5.699816e+001,-6.914847e-005,0.000000e+000,2,6.791844e-001,0.000000e+000,,,,,,,,,,,,,,32,1,4.000000e+000,1.399994e-003,0.000000e+000,0,,0,
1524320667.991,,0.000000e+000,5.699325e+001,-6.919893e-005,0.000000e+000,2,6.807357e-001,0.000000e+000,,,,,,,,,,,,,,32,1,4.000000e+000,0.000000e+000,0.000000e+000,0,,0,
1524320680.331,,0.000000e+000,5.699676e+001,-6.918588e-005,0.000000e+000,2,6.796806e-001,0.000000e+000,,,,,,,,,,,,,,32,1,4.000000e+000,1.399994e-003,0.000000e+000,0,,0,
1524320693.741,,0.000000e+000,5.700027e+001,-6.920184e-005,0.000000e+000,2,6.809586e-001,0.000000e+000,,,,,,,,,,,,,,32,1,4.000000e+000,2.811432e-003,0.000000e+000,0,,0,
1524320706.271,,0.000000e+000,5.699746e+001,-6.917471e-005,0.000000e+000,2,6.792148e-001,0.000000e+000,,,,,,,,,,,,,,32,1,4.000000e+000,0.000000e+000,0.000000e+000,0,,0,
1524320719.231,,0.000000e+000,5.700026e+001,-6.926172e-005,0.000000e+000,2,6.812968e-001,0.000000e+000,,,,,,,,,,,,,,32,1,4.000000e+000,5.599976e-003,0.000000e+000,0,,0,
1524320731.551,,0.000000e+000,5.699466e+001,-6.928794e-005,0.000000e+000,2,6.805806e-001,0.000000e+000,,,,,,,,,,,,,,32,1,4.000000e+000,5.599976e-003,0.000000e+000,0,,0,
1524320744.271,,0.000000e+000,5.699326e+001,-6.929551e-005,0.000000e+000,2,6.799798e-001,0.000000e+000,,,,,,,,,,,,,,32,1,4.000000e+000,2.792358e-003,0.000000e+000,0,,0,
1524320756.651,,0.000000e+000,5.700026e+001,-6.936670e-005,0.000000e+000,2,6.800770e-001,0.000000e+000,,,,,,,,,,,,,,32,1,4.000000e+000,1.121902e-002,0.000000e+000,0,,0,
1524320769.061,,0.000000e+000,5.700097e+001,-6.934600e-005,0.000000e+000,2,6.807070e-001,0.000000e+000,,,,,,,,,,,,,,32,1,4.000000e+000,9.811401e-003,0.000000e+000,0,,0,
1524320781.351,,0.000000e+000,5.699746e+001,-6.933355e-005,0.000000e+000,2,6.797553e-001,0.000000e+000,,,,,,,,,,,,,,32,1,4.000000e+000,8.419037e-003,0.000000e+000,0,,0,
1524320794.481,,0.000000e+000,5.699886e+001,-6.937365e-005,0.000000e+000,2,6.805340e-001,0.000000e+000,,,,,,,,,,,,,,32,1,4.000000e+000,2.799988e-003,0.000000e+000,0,,0,
1524320806.851,,0.000000e+000,5.699746e+001,-6.949652e-005,0.000000e+000,2,6.807472e-001,0.000000e+000,,,,,,,,,,,,,,32,1,4.000000e+000,5.607605e-003,0.000000e+000,0,,0,
1524320819.331,,0.000000e+000,5.699886e+001,-6.944707e-005,0.000000e+000,2,6.811987e-001,0.000000e+000,,,,,,,,,,,,,,32,1,4.000000e+000,2.242661e-002,0.000000e+000,0,,0,
1524320831.721,,0.000000e+000,5.699676e+001,-6.949222e-005,0.000000e+000,2,6.799706e-001,0.000000e+000,,,,,,,,,,,,,,32,1,4.000000e+000,4.207611e-003,0.000000e+000,0,,0,
1524320844.321,,0.000000e+000,5.699956e+001,-6.953874e-005,0.000000e+000,2,6.812592e-001,0.000000e+000,,,,,,,,,,,,,,32,1,4.000000e+000,1.399994e-003,0.000000e+000,0,,0,
1524320856.561,,0.000000e+000,5.700657e+001,-6.953670e-005,0.000000e+000,2,6.802873e-001,0.000000e+000,,,,,,,,,,,,,,32,1,4.000000e+000,7.019043e-003,0.000000e+000,0,,0,
1524320869.301,,0.000000e+000,5.699746e+001,-6.955767e-005,0.000000e+000,2,6.819722e-001,0.000000e+000,,,,,,,,,,,,,,32,1,4.000000e+000,0.000000e+000,0.000000e+000,0,,0,
1524320881.501,,0.000000e+000,5.699746e+001,-6.955614e-005,0.000000e+000,2,6.812479e-001,0.000000e+000,,,,,,,,,,,,,,32,1,4.000000e+000,0.000000e+000,0.000000e+000,0,,0,
1524320894.601,,0.000000e+000,5.700307e+001,-6.959883e-005,0.000000e+000,2,6.817612e-001,0.000000e+000,,,,,,,,,,,,,,32,1,4.000000e+000,5.611420e-003,0.000000e+000,0,,0,
1524320907.031,,0.000000e+000,5.699886e+001,-6.959984e-005,0.000000e+000,2,6.813142e-001,0.000000e+000,,,,,,,,,,,,,,32,1,4.000000e+000,2.799988e-003,0.000000e+000,0,,0,
1524320919.831,,0.000000e+000,5.700307e+001,-6.968071e-005,0.000000e+000,2,6.823793e-001,0.000000e+000,,,,,,,,,,,,,,32,1,4.000000e+000,1.121902e-002,0.000000e+000,0,,0,
1524320931.981,,0.000000e+000,5.700097e+001,-6.968816e-005,0.000000e+000,2,6.813640e-001,0.000000e+000,,,,,,,,,,,,,,32,1,4.000000e+000,1.542664e-002,0.000000e+000,0,,0,
1524320945.061,,0.000000e+000,5.699746e+001,-6.968748e-005,0.000000e+000,2,6.829051e-001,0.000000e+000,,,,,,,,,,,,,,32,1,4.000000e+000,8.419037e-003,0.000000e+000,0,,0,
1524320957.541,,0.000000e+000,5.700167e+001,-6.974785e-005,0.000000e+000,2,6.820181e-001,0.000000e+000,,,,,,,,,,,,,,32,1,4.000000e+000,0.000000e+000,0.000000e+000,0,,0,
1524320970.541,,0.000000e+000,5.700237e+001,-6.977801e-005,0.000000e+000,2,6.831062e-001,0.000000e+000,,,,,,,,,,,,,,32,1,4.000000e+000,1.388550e-003,0.000000e+000,0,,0,
1524320983.051,,0.000000e+000,5.700307e+001,-6.975146e-005,0.000000e+000,2,6.814492e-001,0.000000e+000,,,,,,,,,,,,,,32,1,4.000000e+000,2.243042e-002,0.000000e+000,0,,0,
1524320995.811,,0.000000e+000,5.700517e+001,-6.983490e-005,0.000000e+000,2,6.833084e-001,0.000000e+000,,,,,,,,,,,,,,32,1,4.000000e+000,1.823044e-002,0.000000e+000,0,,0,
1524321008.351,,0.000000e+000,5.699746e+001,-6.983020e-005,0.000000e+000,2,6.826449e-001,0.000000e+000,,,,,,,,,,,,,,32,1,4.000000e+000,2.799988e-003,0.000000e+000,0,,0,
1524321020.981,,0.000000e+000,5.699816e+001,-6.990050e-005,0.000000e+000,2,6.820725e-001,0.000000e+000,,,,,,,,,,,,,,32,1,4.000000e+000,1.399994e-003,0.000000e+000,0,,0,
1524321034.161,,0.000000e+000,5.699255e+001,-6.985593e-005,0.000000e+000,2,6.820608e-001,0.000000e+000,,,,,,,,,,,,,,32,1,4.000000e+000,9.807587e-003,0.000000e+000,0,,0,
1524321046.851,,0.000000e+000,5.700237e+001,-6.988257e-005,0.000000e+000,2,6.831878e-001,0.000000e+000,,,,,,,,,,,,,,32,1,4.000000e+000,7.011414e-003,0.000000e+000,0,,0,
1524321059.371,,0.000000e+000,5.700027e+001,-6.988423e-005,0.000000e+000,2,6.820977e-001,0.000000e+000,,,,,,,,,,,,,,32,1,4.000000e+000,2.811432e-003,0.000000e+000,0,,0,
1524321071.911,,0.000000e+000,5.699886e+001,-6.992352e-005,0.000000e+000,2,6.839130e-001,0.000000e+000,,,,,,,,,,,,,,32,1,4.000000e+000,5.611420e-003,0.000000e+000,0,,0,
1524321084.631,,0.000000e+000,5.700027e+001,-6.997164e-005,0.000000e+000,2,6.830154e-001,0.000000e+000,,,,,,,,,,,,,,32,1,4.000000e+000,8.411407e-003,0.000000e+000,0,,0,
1524321096.861,,0.000000e+000,5.700377e+001,-6.998583e-005,0.000000e+000,2,6.832975e-001,0.000000e+000,,,,,,,,,,,,,,32,1,4.000000e+000,1.411438e-003,0.000000e+000,0,,0,
1524321109.681,,0.000000e+000,5.700026e+001,-7.002804e-005,0.000000e+000,2,6.833023e-001,0.000000e+000,,,,,,,,,,,,,,32,1,4.000000e+000,5.599976e-003,0.000000e+000,0,,0,
1524321122.551,,0.000000e+000,5.699816e+001,-7.007652e-005,0.000000e+000,2,6.830400e-001,0.000000e+000,,,,,,,,,,,,,,32,1,4.000000e+000,1.399994e-003,0.000000e+000,0,,0,
1524321135.701,,0.000000e+000,5.699184e+001,-7.005211e-005,0.000000e+000,2,6.833128e-001,0.000000e+000,,,,,,,,,,,,,,32,1,4.000000e+000,5.611420e-003,0.000000e+000,0,,0,
1524321148.031,,0.000000e+000,5.699746e+001,-7.009514e-005,0.000000e+000,2,6.816654e-001,0.000000e+000,,,,,,,,,,,,,,32,1,4.000000e+000,5.607605e-003,0.000000e+000,0,,0,
1524321160.561,,0.000000e+000,5.699116e+001,-7.010173e-005,0.000000e+000,2,6.835006e-001,0.000000e+000,,,,,,,,,,,,,,32,1,4.000000e+000,1.407623e-003,0.000000e+000,0,,0,
1524321172.821,,0.000000e+000,5.699606e+001,-7.004103e-005,0.000000e+000,2,6.829825e-001,0.000000e+000,,,,,,,,,,,,,,32,1,4.000000e+000,8.399963e-003,0.000000e+000,0,,0,
1524321185.791,,0.000000e+000,5.700166e+001,-7.010193e-005,0.000000e+000,2,6.835607e-001,0.000000e+000,,,,,,,,,,,,,,32,1,4.000000e+000,2.799988e-003,0.000000e+000,0,,0,
1524321198.211,,0.000000e+000,5.700166e+001,-7.016207e-005,0.000000e+000,2,6.830531e-001,0.000000e+000,,,,,,,,,,,,,,32,1,4.000000e+000,8.411407e-003,0.000000e+000,0,,0,
1524321210.561,,0.000000e+000,5.700026e+001,-7.027481e-005,0.000000e+000,2,6.845720e-001,0.000000e+000,,,,,,,,,,,,,,32,1,4.000000e+000,1.121902e-002,0.000000e+000,0,,0,
1524321223.391,,0.000000e+000,5.699535e+001,-7.024406e-005,0.000000e+000,2,6.839728e-001,0.000000e+000,,,,,,,,,,,,,,32,1,4.000000e+000,1.407623e-003,0.000000e+000,0,,0,
1524321236.521,,0.000000e+000,5.699676e+001,-7.023157e-005,0.000000e+000,2,6.842918e-001,0.000000e+000,,,,,,,,,,,,,,32,1,4.000000e+000,1.399994e-003,0.000000e+000,0,,0,
1524321249.651,,0.000000e+000,5.699396e+001,-7.029004e-005,0.000000e+000,2,6.846732e-001,0.000000e+000,,,,,,,,,,,,,,32,1,4.000000e+000,7.007599e-003,0.000000e+000,0,,0,
1524321262.132,,0.000000e+000,5.699325e+001,-7.027044e-005,0.000000e+000,2,6.839929e-001,0.000000e+000,,,,,,,,,,,,,,32,1,4.000000e+000,0.000000e+000,0.000000e+000,0,,0,
1524321274.542,,0.000000e+000,5.699746e+001,-7.037839e-005,0.000000e+000,2,6.848614e-001,0.000000e+000,,,,,,,,,,,,,,32,1,4.000000e+000,8.419037e-003,0.000000e+000,0,,0,
1524321286.942,,0.000000e+000,5.700307e+001,-7.037032e-005,0.000000e+000,2,6.841664e-001,0.000000e+000,,,,,,,,,,,,,,32,1,4.000000e+000,2.799988e-003,0.000000e+000,0,,0,
1524321300.052,,0.000000e+000,5.699815e+001,-7.030566e-005,0.000000e+000,2,6.843410e-001,0.000000e+000,,,,,,,,,,,,,,32,1,4.000000e+000,9.807587e-003,0.000000e+000,0,,0,
1524321312.622,,0.000000e+000,5.699746e+001,-7.036293e-005,0.000000e+000,2,6.837581e-001,0.000000e+000,,,,,,,,,,,,,,32,1,4.000000e+000,8.419037e-003,0.000000e+000,0,,0,
1524321325.252,,0.000000e+000,5.700167e+001,-7.039559e-005,0.000000e+000,2,6.849768e-001,0.000000e+000,,,,,,,,,,,,,,32,1,4.000000e+000,0.000000e+000,0.000000e+000,0,,0,
1524321338.092,,0.000000e+000,5.699676e+001,-7.047850e-005,0.000000e+000,2,6.851229e-001,0.000000e+000,,,,,,,,,,,,,,32,1,4.000000e+000,4.207611e-003,0.000000e+000,0,,0,
1524321351.022,,0.000000e+000,5.699886e+001,-7.035798e-005,0.000000e+000,2,6.842269e-001,0.000000e+000,,,,,,,,,,,,,,32,1,4.000000e+000,0.000000e+000,0.000000e+000,0,,0,
1524321363.672,,0.000000e+000,5.699956e+001,-7.046056e-005,0.000000e+000,2,6.859751e-001,0.000000e+000,,,,,,,,,,,,,,32,1,4.000000e+000,1.399994e-003,0.000000e+000,0,,0,
1524321376.142,,0.000000e+000,5.699746e+001,-7.048371e-005,0.000000e+000,2,6.840337e-001,0.000000e+000,,,,,,,,,,,,,,32,1,4.000000e+000,5.607605e-003,0.000000e+000,0,,0,
1524321389.142,,0.000000e+000,5.699956e+001,-7.054085e-005,0.000000e+000,2,6.851781e-001,0.000000e+000,,,,,,,,,,,,,,32,1,4.000000e+000,9.819031e-003,0.000000e+000,0,,0,
1524321402.332,,0.000000e+000,5.700097e+001,-7.046481e-005,0.000000e+000,2,6.842114e-001,0.000000e+000,,,,,,,,,,,,,,32,1,4.000000e+000,7.011414e-003,0.000000e+000,0,,0,
1524321415.112,,0.000000e+000,5.699746e+001,-7.058195e-005,0.000000e+000,2,6.861054e-001,0.000000e+000,,,,,,,,,,,,,,32,1,4.000000e+000,2.799988e-003,0.000000e+000,0,,0,
1524321427.632,,0.000000e+000,5.700096e+001,-7.056797e-005,0.000000e+000,2,6.848030e-001,0.000000e+000,,,,,,,,,,,,,,32,1,4.000000e+000,4.199982e-003,0.000000e+000,0,,0,
1524321440.642,,0.000000e+000,5.699956e+001,-7.059211e-005,0.000000e+000,2,6.858116e-001,0.000000e+000,,,,,,,,,,,,,,32,1,4.000000e+000,6.999969e-003,0.000000e+000,0,,0,
1524321453.062,,0.000000e+000,5.699746e+001,-7.056523e-005,0.000000e+000,2,6.846238e-001,0.000000e+000,,,,,,,,,,,,,,32,1,4.000000e+000,1.683044e-002,0.000000e+000,0,,0,
1524321465.402,,0.000000e+000,5.700446e+001,-7.069013e-005,0.000000e+000,2,6.864286e-001,0.000000e+000,,,,,,,,,,,,,,32,1,4.000000e+000,2.811432e-003,0.000000e+000,0,,0,
1524321477.802,,0.000000e+000,5.700096e+001,-7.060899e-005,0.000000e+000,2,6.851310e-001,0.000000e+000,,,,,,,,,,,,,,32,1,4.000000e+000,4.199982e-003,0.000000e+000,0,,0,
1524321490.252,,0.000000e+000,5.699536e+001,-7.072586e-005,0.000000e+000,2,6.865485e-001,0.000000e+000,,,,,,,,,,,,,,32,1,4.000000e+000,6.999969e-003,0.000000e+000,0,,0,
1524321502.522,,0.000000e+000,5.699535e+001,-7.065209e-005,0.000000e+000,2,6.848619e-001,0.000000e+000,,,,,,,,,,,,,,32,1,4.000000e+000,1.407623e-003,0.000000e+000,0,,0,
1524321515.102,,0.000000e+000,5.700027e+001,-7.065872e-005,0.000000e+000,2,6.858563e-001,0.000000e+000,,,,,,,,,,,,,,32,1,4.000000e+000,2.811432e-003,0.000000e+000,0,,0,
1524321527.312,,0.000000e+000,5.700237e+001,-7.062593e-005,0.000000e+000,2,6.850626e-001,0.000000e+000,,,,,,,,,,,,,,32,1,4.000000e+000,7.011414e-003,0.000000e+000,0,,0,
1524321540.002,,0.000000e+000,5.699536e+001,-7.068823e-005,0.000000e+000,2,6.863050e-001,0.000000e+000,,,,,,,,,,,,,,32,1,4.000000e+000,6.999969e-003,0.000000e+000,0,,0,
1524321552.262,,0.000000e+000,5.699816e+001,-7.070680e-005,0.000000e+000,2,6.856455e-001,0.000000e+000,,,,,,,,,,,,,,32,1,4.000000e+000,4.199982e-003,0.000000e+000,0,,0,
1524321565.682,,0.000000e+000,5.699886e+001,-7.077900e-005,0.000000e+000,2,6.860861e-001,0.000000e+000,,,,,,,,,,,,,,32,1,4.000000e+000,2.799988e-003,0.000000e+000,0,,0,
1524321578.022,,0.000000e+000,5.699816e+001,-7.078543e-005,0.000000e+000,2,6.851009e-001,0.000000e+000,,,,,,,,,,,,,,32,1,4.000000e+000,7.019043e-003,0.000000e+000,0,,0,
1524321590.562,,0.000000e+000,5.699466e+001,-7.079363e-005,0.000000e+000,2,6.858158e-001,0.000000e+000,,,,,,,,,,,,,,32,1,4.000000e+000,2.807617e-003,0.000000e+000,0,,0,
1524321602.742,,0.000000e+000,5.699535e+001,-7.081272e-005,0.000000e+000,2,6.851243e-001,0.000000e+000,,,,,,,,,,,,,,32,1,4.000000e+000,1.407623e-003,0.000000e+000,0,,0,
1524321615.782,,0.000000e+000,5.700027e+001,-7.083156e-005,0.000000e+000,2,6.861785e-001,0.000000e+000,,,,,,,,,,,,,,32,1,4.000000e+000,8.411407e-003,0.000000e+000,0,,0,
1524321628.682,,0.000000e+000,5.700097e+001,-7.083427e-005,0.000000e+000,2,6.856875e-001,0.000000e+000,,,,,,,,,,,,,,32,1,4.000000e+000,7.011414e-003,0.000000e+000,0,,0,
1524321641.522,,0.000000e+000,5.699816e+001,-7.085894e-005,0.000000e+000,2,6.867508e-001,0.000000e+000,,,,,,,,,,,,,,32,1,4.000000e+000,1.399994e-003,0.000000e+000,0,,0,
1524321653.682,,0.000000e+000,5.700237e+001,-7.081025e-005,0.000000e+000,2,6.856322e-001,0.000000e+000,,,,,,,,,,,,,,32,1,4.000000e+000,7.011414e-003,0.000000e+000,0,,0,
1524321666.242,,0.000000e+000,5.699466e+001,-7.094496e-005,0.000000e+000,2,6.870593e-001,0.000000e+000,,,,,,,,,,,,,,32,1,4.000000e+000,2.807617e-003,0.000000e+000,0,,0,
1524321678.792,,0.000000e+000,5.699255e+001,-7.087419e-005,0.000000e+000,2,6.854514e-001,0.000000e+000,,,,,,,,,,,,,,32,1,4.000000e+000,1.392365e-003,0.000000e+000,0,,0,
1524321692.162,,0.000000e+000,5.699466e+001,-7.106047e-005,0.000000e+000,2,6.869283e-001,0.000000e+000,,,,,,,,,,,,,,32,1,4.000000e+000,5.599976e-003,0.000000e+000,0,,0,
1524321704.842,,0.000000e+000,5.700447e+001,-7.089943e-005,0.000000e+000,2,6.847665e-001,0.000000e+000,,,,,,,,,,,,,,32,1,4.000000e+000,0.000000e+000,0.000000e+000,0,,0,
1524321717.022,,0.000000e+000,5.699956e+001,-7.097172e-005,0.000000e+000,2,6.876646e-001,0.000000e+000,,,,,,,,,,,,,,32,1,4.000000e+000,9.819031e-003,0.000000e+000,0,,0,
1524321729.192,,0.000000e+000,5.700097e+001,-7.096463e-005,0.000000e+000,2,6.860935e-001,0.000000e+000,,,,,,,,,,,,,,32,1,4.000000e+000,1.411438e-003,0.000000e+000,0,,0,
1524321741.982,,0.000000e+000,5.699746e+001,-7.104753e-005,0.000000e+000,2,6.880379e-001,0.000000e+000,,,,,,,,,,,,,,32,1,4.000000e+000,5.607605e-003,0.000000e+000,0,,0,
1524321754.502,,0.000000e+000,5.699326e+001,-7.099037e-005,0.000000e+000,2,6.863828e-001,0.000000e+000,,,,,,,,,,,,,,32,1,4.000000e+000,2.792358e-003,0.000000e+000,0,,0,
1524321767.562,,0.000000e+000,5.699816e+001,-7.104609e-005,0.000000e+000,2,6.880087e-001,0.000000e+000,,,,,,,,,,,,,,32,1,4.000000e+000,1.399994e-003,0.000000e+000,0,,0,
1524321779.952,,0.000000e+000,5.699606e+001,-7.108264e-005,0.000000e+000,2,6.868349e-001,0.000000e+000,,,,,,,,,,,,,,32,1,4.000000e+000,5.607605e-003,0.000000e+000,0,,0,
1524321792.362,,0.000000e+000,5.699466e+001,-7.113382e-005,0.000000e+000,2,6.882725e-001,0.000000e+000,,,,,,,,,,,,,,32,1,4.000000e+000,2.807617e-003,0.000000e+000,0,,0,
1524321804.902,,0.000000e+000,5.700027e+001,-7.114714e-005,0.000000e+000,2,6.875712e-001,0.000000e+000,,,,,,,,,,,,,,32,1,4.000000e+000,1.681900e-002,0.000000e+000,0,,0,
1524321817.482,,0.000000e+000,5.700658e+001,-7.108481e-005,0.000000e+000,2,6.879903e-001,0.000000e+000,,,,,,,,,,,,,,32,1,4.000000e+000,4.207611e-003,0.000000e+000,0,,0,
1524321829.652,,0.000000e+000,5.700027e+001,-7.115834e-005,0.000000e+000,2,6.871522e-001,0.000000e+000,,,,,,,,,,,,,,32,1,4.000000e+000,8.411407e-003,0.000000e+000,0,,0,
1524321842.162,,0.000000e+000,5.700377e+001,-7.121627e-005,0.000000e+000,2,6.877856e-001,0.000000e+000,,,,,,,,,,,,,,32,1,4.000000e+000,7.019043e-003,0.000000e+000,0,,0,
1524321854.482,,0.000000e+000,5.699816e+001,-7.116719e-005,0.000000e+000,2,6.868490e-001,0.000000e+000,,,,,,,,,,,,,,32,1,4.000000e+000,7.019043e-003,0.000000e+000,0,,0,
1524321867.492,,0.000000e+000,5.699816e+001,-7.116563e-005,0.000000e+000,2,6.875784e-001,0.000000e+000,,,,,,,,,,,,,,32,1,4.000000e+000,7.019043e-003,0.000000e+000,0,,0,
1524321880.222,,0.000000e+000,5.699886e+001,-7.121987e-005,0.000000e+000,2,6.880699e-001,0.000000e+000,,,,,,,,,,,,,,32,1,4.000000e+000,5.611420e-003,0.000000e+000,0,,0,
1524321892.752,,0.000000e+000,5.699886e+001,-7.120786e-005,0.000000e+000,2,6.872296e-001,0.000000e+000,,,,,,,,,,,,,,32,1,4.000000e+000,8.407593e-003,0.000000e+000,0,,0,
1524321905.532,,0.000000e+000,5.699815e+001,-7.129937e-005,0.000000e+000,2,6.888071e-001,0.000000e+000,,,,,,,,,,,,,,32,1,4.000000e+000,9.807587e-003,0.000000e+000,0,,0,
1524321918.042,,0.000000e+000,5.700167e+001,-7.126234e-005,0.000000e+000,2,6.872101e-001,0.000000e+000,,,,,,,,,,,,,,32,1,4.000000e+000,0.000000e+000,0.000000e+000,0,,0,
1524321930.602,,0.000000e+000,5.699606e+001,-7.127598e-005,0.000000e+000,2,6.886657e-001,0.000000e+000,,,,,,,,,,,,,,32,1,4.000000e+000,5.607605e-003,0.000000e+000,0,,0,
1524321943.092,,0.000000e+000,5.700026e+001,-7.131648e-005,0.000000e+000,2,6.876371e-001,0.000000e+000,,,,,,,,,,,,,,32,1,4.000000e+000,5.599976e-003,0.000000e+000,0,,0,
1524321955.632,,0.000000e+000,5.700166e+001,-7.130508e-005,0.000000e+000,2,6.881444e-001,0.000000e+000,,,,,,,,,,,,,,32,1,4.000000e+000,2.799988e-003,0.000000e+000,0,,0,
1524321968.222,,0.000000e+000,5.699886e+001,-7.139268e-005,0.000000e+000,2,6.893342e-001,0.000000e+000,,,,,,,,,,,,,,32,1,4.000000e+000,2.799988e-003,0.000000e+000,0,,0,
1524321980.833,,0.000000e+000,5.699466e+001,-7.136441e-005,0.000000e+000,2,6.878996e-001,0.000000e+000,,,,,,,,,,,,,,32,1,4.000000e+000,5.599976e-003,0.000000e+000,0,,0,
1524321993.043,,0.000000e+000,5.699466e+001,-7.137813e-005,0.000000e+000,2,6.891631e-001,0.000000e+000,,,,,,,,,,,,,,32,1,4.000000e+000,5.599976e-003,0.000000e+000,0,,0,
1524322005.703,,0.000000e+000,5.699606e+001,-7.134772e-005,0.000000e+000,2,6.881853e-001,0.000000e+000,,,,,,,,,,,,,,32,1,4.000000e+000,2.807617e-003,0.000000e+000,0,,0,
1524322018.563,,0.000000e+000,5.699886e+001,-7.133608e-005,0.000000e+000,2,6.892392e-001,0.000000e+000,,,,,,,,,,,,,,32,1,4.000000e+000,2.799988e-003,0.000000e+000,0,,0,
1524322031.503,,0.000000e+000,5.699746e+001,-7.140017e-005,0.000000e+000,2,6.876814e-001,0.000000e+000,,,,,,,,,,,,,,32,1,4.000000e+000,5.607605e-003,0.000000e+000,0,,0,
1524322044.123,,0.000000e+000,5.699886e+001,-7.143716e-005,0.000000e+000,2,6.890637e-001,0.000000e+000,,,,,,,,,,,,,,32,1,4.000000e+000,2.799988e-003,0.000000e+000,0,,0,
1524322056.623,,0.000000e+000,5.699676e+001,-7.149454e-005,0.000000e+000,2,6.888121e-001,0.000000e+000,,,,,,,,,,,,,,32,1,4.000000e+000,4.207611e-003,0.000000e+000,0,,0,
1524322069.213,,0.000000e+000,5.699746e+001,-7.147381e-005,0.000000e+000,2,6.881429e-001,0.000000e+000,,,,,,,,,,,,,,32,1,4.000000e+000,2.799988e-003,0.000000e+000,0,,0,
1524322081.743,,0.000000e+000,5.699956e+001,-7.144039e-005,0.000000e+000,2,6.891450e-001,0.000000e+000,,,,,,,,,,,,,,32,1,4.000000e+000,1.399994e-003,0.000000e+000,0,,0,
1524322094.093,,0.000000e+000,5.700096e+001,-7.151369e-005,0.000000e+000,2,6.884560e-001,0.000000e+000,,,,,,,,,,,,,,32,1,4.000000e+000,4.199982e-003,0.000000e+000,0,,0,
1524322106.843,,0.000000e+000,5.699676e+001,-7.150444e-005,0.000000e+000,2,6.897378e-001,0.000000e+000,,,,,,,,,,,,,,32,1,4.000000e+000,4.207611e-003,0.000000e+000,0,,0,
1524322119.353,,0.000000e+000,5.699886e+001,-7.156732e-005,0.000000e+000,2,6.891961e-001,0.000000e+000,,,,,,,,,,,,,,32,1,4.000000e+000,2.799988e-003,0.000000e+000,0,,0,
1524322131.903,,0.000000e+000,5.699535e+001,-7.154622e-005,0.000000e+000,2,6.894168e-001,0.000000e+000,,,,,,,,,,,,,,32,1,4.000000e+000,9.807587e-003,0.000000e+000,0,,0,
1524322144.463,,0.000000e+000,5.699535e+001,-7.157959e-005,0.000000e+000,2,6.897347e-001,0.000000e+000,,,,,,,,,,,,,,32,1,4.000000e+000,9.807587e-003,0.000000e+000,0,,0,
1524322157.083,,0.000000e+000,5.699746e+001,-7.156640e-005,0.000000e+000,2,6.889318e-001,0.000000e+000,,,,,,,,,,,,,,32,1,4.000000e+000,5.607605e-003,0.000000e+000,0,,0,
1524322169.563,,0.000000e+000,5.700027e+001,-7.157551e-005,0.000000e+000,2,6.897957e-001,0.000000e+000,,,,,,,,,,,,,,32,1,4.000000e+000,2.811432e-003,0.000000e+000,0,,0,
1524322181.703,,0.000000e+000,5.699606e+001,-7.157817e-005,0.000000e+000,2,6.879334e-001,0.000000e+000,,,,,,,,,,,,,,32,1,4.000000e+000,1.121902e-002,0.000000e+000,0,,0,
1524322194.543,,0.000000e+000,5.699746e+001,-7.162739e-005,0.000000e+000,2,6.900884e-001,0.000000e+000,,,,,,,,,,,,,,32,1,4.000000e+000,1.401901e-002,0.000000e+000,0,,0,
1524322207.073,,0.000000e+000,5.699746e+001,-7.167590e-005,0.000000e+000,2,6.890199e-001,0.000000e+000,,,,,,,,,,,,,,32,1,4.000000e+000,1.119995e-002,0.000000e+000,0,,0,
1524322219.633,,0.000000e+000,5.699677e+001,-7.164413e-005,0.000000e+000,2,6.899163e-001,0.000000e+000,,,,,,,,,,,,,,32,1,4.000000e+000,9.811401e-003,0.000000e+000,0,,0,
1524322232.123,,0.000000e+000,5.699815e+001,-7.173065e-005,0.000000e+000,2,6.898061e-001,0.000000e+000,,,,,,,,,,,,,,32,1,4.000000e+000,9.807587e-003,0.000000e+000,0,,0,
1524322244.383,,0.000000e+000,5.699466e+001,-7.170251e-005,0.000000e+000,2,6.904657e-001,0.000000e+000,,,,,,,,,,,,,,32,1,4.000000e+000,2.807617e-003,0.000000e+000,0,,0,
1524322256.963,,0.000000e+000,5.699395e+001,-7.171752e-005,0.000000e+000,2,6.897295e-001,0.000000e+000,,,,,,,,,,,,,,32,1,4.000000e+000,9.819031e-003,0.000000e+000,0,,0,
1524322269.393,,0.000000e+000,5.699184e+001,-7.175137e-005,0.000000e+000,2,6.900321e-001,0.000000e+000,,,,,,,,,,,,,,32,1,4.000000e+000,5.611420e-003,0.000000e+000,0,,0,
1524322281.753,,0.000000e+000,5.699956e+001,-7.170846e-005,0.000000e+000,2,6.885995e-001,0.000000e+000,,,,,,,,,,,,,,32,1,4.000000e+000,6.999969e-003,0.000000e+000,0,,0,
1524322294.343,,0.000000e+000,5.700097e+001,-7.162849e-005,0.000000e+000,2,6.908346e-001,0.000000e+000,,,,,,,,,,,,,,32,1,4.000000e+000,1.411438e-003,0.000000e+000,0,,0,
1524322306.853,,0.000000e+000,5.699746e+001,-7.182844e-005,0.000000e+000,2,6.904497e-001,0.000000e+000,,,,,,,,,,,,,,32,1,4.000000e+000,8.419037e-003,0.000000e+000,0,,0,
1524322319.423,,0.000000e+000,5.700097e+001,-7.174253e-005,0.000000e+000,2,6.908558e-001,0.000000e+000,,,,,,,,,,,,,,32,1,4.000000e+000,9.811401e-003,0.000000e+000,0,,0,
1524322331.853,,0.000000e+000,5.699746e+001,-7.184713e-005,0.000000e+000,2,6.904870e-001,0.000000e+000,,,,,,,,,,,,,,32,1,4.000000e+000,5.607605e-003,0.000000e+000,0,,0,
1524322344.483,,0.000000e+000,5.699535e+001,-7.178654e-005,0.000000e+000,2,6.902266e-001,0.000000e+000,,,,,,,,,,,,,,32,1,4.000000e+000,9.807587e-003,0.000000e+000,0,,0,
1524322357.033,,0.000000e+000,5.699466e+001,-7.184844e-005,0.000000e+000,2,6.905358e-001,0.000000e+000,,,,,,,,,,,,,,32,1,4.000000e+000,8.407593e-003,0.000000e+000,0,,0,
1524322369.663,,0.000000e+000,5.699326e+001,-7.184825e-005,0.000000e+000,2,6.902112e-001,0.000000e+000,,,,,,,,,,,,,,32,1,4.000000e+000,2.792358e-003,0.000000e+000,0,,0,
1524322382.903,,0.000000e+000,5.700307e+001,-7.178221e-005,0.000000e+000,2,6.909998e-001,0.000000e+000,,,,,,,,,,,,,,32,1,4.000000e+000,8.419037e-003,0.000000e+000,0,,0,
1524322395.413,,0.000000e+000,5.700026e+001,-7.191709e-005,0.000000e+000,2,6.901317e-001,0.000000e+000,,,,,,,,,,,,,,32,1,4.000000e+000,5.599976e-003,0.000000e+000,0,,0,
1524322407.943,,0.000000e+000,5.699535e+001,-7.186957e-005,0.000000e+000,2,6.910564e-001,0.000000e+000,,,,,,,,,,,,,,32,1,4.000000e+000,4.207611e-003,0.000000e+000,0,,0,
1524322420.513,,0.000000e+000,5.699466e+001,-7.197046e-005,0.000000e+000,2,6.918650e-001,0.000000e+000,,,,,,,,,,,,,,32,1,4.000000e+000,2.807617e-003,0.000000e+000,0,,0,
1524322433.123,,0.000000e+000,5.699045e+001,-7.191351e-005,0.000000e+000,2,6.902898e-001,0.000000e+000,,,,,,,,,,,,,,32,1,4.000000e+000,5.599976e-003,0.000000e+000,0,,0,
1524322445.593,,0.000000e+000,5.699746e+001,-7.193880e-005,0.000000e+000,2,6.917625e-001,0.000000e+000,,,,,,,,,,,,,,32,1,4.000000e+000,5.607605e-003,0.000000e+000,0,,0,
1524322457.723,,0.000000e+000,5.699746e+001,-7.195251e-005,0.000000e+000,2,6.904739e-001,0.000000e+000,,,,,,,,,,,,,,32,1,4.000000e+000,5.607605e-003,0.000000e+000,0,,0,
1524322470.583,,0.000000e+000,5.699746e+001,-7.199525e-005,0.000000e+000,2,6.920081e-001,0.000000e+000,,,,,,,,,,,,,,32,1,4.000000e+000,2.799988e-003,0.000000e+000,0,,0,
1524322482.793,,0.000000e+000,5.700517e+001,-7.192563e-005,0.000000e+000,2,6.908928e-001,0.000000e+000,,,,,,,,,,,,,,32,1,4.000000e+000,1.261902e-002,0.000000e+000,0,,0,
1524322495.803,,0.000000e+000,5.699395e+001,-7.198445e-005,0.000000e+000,2,6.929529e-001,0.000000e+000,,,,,,,,,,,,,,32,1,4.000000e+000,1.399994e-003,0.000000e+000,0,,0,
1524322508.403,,0.000000e+000,5.699676e+001,-7.193341e-005,0.000000e+000,2,6.916130e-001,0.000000e+000,,,,,,,,,,,,,,32,1,4.000000e+000,4.207611e-003,0.000000e+000,0,,0,
1524322521.523,,0.000000e+000,5.699115e+001,-7.197129e-005,0.000000e+000,2,6.921163e-001,0.000000e+000,,,,,,,,,,,,,,32,1,4.000000e+000,1.541901e-002,0.000000e+000,0,,0,
1524322534.103,,0.000000e+000,5.698835e+001,-7.206197e-005,0.000000e+000,2,6.918405e-001,0.000000e+000,,,,,,,,,,,,,,32,1,4.000000e+000,9.811401e-003,0.000000e+000,0,,0,
1524322546.623,,0.000000e+000,5.699466e+001,-7.203198e-005,0.000000e+000,2,6.913581e-001,0.000000e+000,,,,,,,,,,,,,,32,1,4.000000e+000,2.807617e-003,0.000000e+000,0,,0,
1524322559.583,,0.000000e+000,5.699746e+001,-7.205419e-005,0.000000e+000,2,6.918858e-001,0.000000e+000,,,,,,,,,,,,,,32,1,4.000000e+000,8.419037e-003,0.000000e+000,0,,0,
1524322571.783,,0.000000e+000,5.699606e+001,-7.203619e-005,0.000000e+000,2,6.911231e-001,0.000000e+000,,,,,,,,,,,,,,32,1,4.000000e+000,8.399963e-003,0.000000e+000,0,,0,
1524322584.303,,0.000000e+000,5.699606e+001,-7.210144e-005,0.000000e+000,2,6.924480e-001,0.000000e+000,,,,,,,,,,,,,,32,1,4.000000e+000,8.399963e-003,0.000000e+000,0,,0,
1524322597.063,,0.000000e+000,5.700026e+001,-7.208384e-005,0.000000e+000,2,6.911777e-001,0.000000e+000,,,,,,,,,,,,,,32,1,4.000000e+000,0.000000e+000,0.000000e+000,0,,0,
1524322610.103,,0.000000e+000,5.699746e+001,-7.211453e-005,0.000000e+000,2,6.925516e-001,0.000000e+000,,,,,,,,,,,,,,32,1,4.000000e+000,8.419037e-003,0.000000e+000,0,,0,
1524322622.423,,0.000000e+000,5.700097e+001,-7.214456e-005,0.000000e+000,2,6.919030e-001,0.000000e+000,,,,,,,,,,,,,,32,1,4.000000e+000,1.411438e-003,0.000000e+000,0,,0,
1524322634.823,,0.000000e+000,5.699886e+001,-7.213600e-005,0.000000e+000,2,6.927286e-001,0.000000e+000,,,,,,,,,,,,,,32,1,4.000000e+000,2.799988e-003,0.000000e+000,0,,0,
1524322647.343,,0.000000e+000,5.699676e+001,-7.217800e-005,0.000000e+000,2,6.914330e-001,0.000000e+000,,,,,,,,,,,,,,32,1,4.000000e+000,1.399994e-003,0.000000e+000,0,,0,
1524322660.113,,0.000000e+000,5.699606e+001,-7.209656e-005,0.000000e+000,2,6.924523e-001,0.000000e+000,,,,,,,,,,,,,,32,1,4.000000e+000,2.807617e-003,0.000000e+000,0,,0,
1524322672.713,,0.000000e+000,5.699676e+001,-7.221336e-005,0.000000e+000,2,6.927907e-001,0.000000e+000,,,,,,,,,,,,,,32,1,4.000000e+000,4.207611e-003,0.000000e+000,0,,0,
1524322685.304,,0.000000e+000,5.700027e+001,-7.218522e-005,0.000000e+000,2,6.924238e-001,0.000000e+000,,,,,,,,,,,,,,32,1,4.000000e+000,8.411407e-003,0.000000e+000,0,,0,
1524322697.544,,0.000000e+000,5.700166e+001,-7.218832e-005,0.000000e+000,2,6.929096e-001,0.000000e+000,,,,,,,,,,,,,,32,1,4.000000e+000,5.611420e-003,0.000000e+000,0,,0,
1524322710.124,,0.000000e+000,5.699396e+001,-7.215502e-005,0.000000e+000,2,6.909065e-001,0.000000e+000,,,,,,,,,,,,,,32,1,4.000000e+000,1.260757e-002,0.000000e+000,0,,0,
1524322722.744,,0.000000e+000,5.699606e+001,-7.225439e-005,0.000000e+000,2,6.925750e-001,0.000000e+000,,,,,,,,,,,,,,32,1,4.000000e+000,2.807617e-003,0.000000e+000,0,,0,
1524322735.004,,0.000000e+000,5.700447e+001,-7.219641e-005,0.000000e+000,2,6.920690e-001,0.000000e+000,,,,,,,,,,,,,,32,1,4.000000e+000,1.401901e-002,0.000000e+000,0,,0,
1524322748.424,,0.000000e+000,5.699676e+001,-7.220799e-005,0.000000e+000,2,6.921372e-001,0.000000e+000,,,,,,,,,,,,,,32,1,4.000000e+000,1.821899e-002,0.000000e+000,0,,0,
1524322760.614,,0.000000e+000,5.700447e+001,-7.222513e-005,0.000000e+000,2,6.918779e-001,0.000000e+000,,,,,,,,,,,,,,32,1,4.000000e+000,0.000000e+000,0.000000e+000,0,,0,
1524322773.314,,0.000000e+000,5.699956e+001,-7.229255e-005,0.000000e+000,2,6.930290e-001,0.000000e+000,,,,,,,,,,,,,,32,1,4.000000e+000,6.999969e-003,0.000000e+000,0,,0,
1524322785.504,,0.000000e+000,5.699535e+001,-7.223573e-005,0.000000e+000,2,6.923574e-001,0.000000e+000,,,,,,,,,,,,,,32,1,4.000000e+000,1.407623e-003,0.000000e+000,0,,0,
1524322798.294,,0.000000e+000,5.699466e+001,-7.230762e-005,0.000000e+000,2,6.935188e-001,0.000000e+000,,,,,,,,,,,,,,32,1,4.000000e+000,2.807617e-003,0.000000e+000,0,,0,
1524322810.914,,0.000000e+000,5.699466e+001,-7.230751e-005,0.000000e+000,2,6.924557e-001,0.000000e+000,,,,,,,,,,,,,,32,1,4.000000e+000,2.807617e-003,0.000000e+000,0,,0,
1524322823.454,,0.000000e+000,5.699886e+001,-7.231601e-005,0.000000e+000,2,6.935540e-001,0.000000e+000,,,,,,,,,,,,,,32,1,4.000000e+000,5.611420e-003,0.000000e+000,0,,0,
1524322836.164,,0.000000e+000,5.700307e+001,-7.240448e-005,0.000000e+000,2,6.938164e-001,0.000000e+000,,,,,,,,,,,,,,32,1,4.000000e+000,2.799988e-003,0.000000e+000,0,,0,
1524322848.484,,0.000000e+000,5.700097e+001,-7.233570e-005,0.000000e+000,2,6.923604e-001,0.000000e+000,,,,,,,,,,,,,,32,1,4.000000e+000,7.011414e-003,0.000000e+000,0,,0,
1524322861.464,,0.000000e+000,5.700027e+001,-7.237768e-005,0.000000e+000,2,6.936433e-001,0.000000e+000,,,,,,,,,,,,,,32,1,4.000000e+000,8.411407e-003,0.000000e+000,0,,0,
1524322873.864,,0.000000e+000,5.699395e+001,-7.242463e-005,0.000000e+000,2,6.935859e-001,0.000000e+000,,,,,,,,,,,,,,32,1,4.000000e+000,1.399994e-003,0.000000e+000,0,,0,
1524322887.274,,0.000000e+000,5.699676e+001,-7.243771e-005,0.000000e+000,2,6.942619e-001,0.000000e+000,,,,,,,,,,,,,,32,1,4.000000e+000,4.207611e-003,0.000000e+000,0,,0,
1524322899.624,,0.000000e+000,5.699816e+001,-7.240034e-005,0.000000e+000,2,6.929626e-001,0.000000e+000,,,,,,,,,,,,,,32,1,4.000000e+000,1.399994e-003,0.000000e+000,0,,0,
1524322912.164,,0.000000e+000,5.700237e+001,-7.242701e-005,0.000000e+000,2,6.942936e-001,0.000000e+000,,,,,,,,,,,,,,32,1,4.000000e+000,1.388550e-003,0.000000e+000,0,,0,
1524322924.924,,0.000000e+000,5.699676e+001,-7.242167e-005,0.000000e+000,2,6.933596e-001,0.000000e+000,,,,,,,,,,,,,,32,1,4.000000e+000,4.207611e-003,0.000000e+000,0,,0,
1524322937.914,,0.000000e+000,5.700447e+001,-7.243246e-005,0.000000e+000,2,6.945485e-001,0.000000e+000,,,,,,,,,,,,,,32,1,4.000000e+000,1.121902e-002,0.000000e+000,0,,0,
1524322950.394,,0.000000e+000,5.699886e+001,-7.247731e-005,0.000000e+000,2,6.935149e-001,0.000000e+000,,,,,,,,,,,,,,32,1,4.000000e+000,2.799988e-003,0.000000e+000,0,,0,
1524322962.914,,0.000000e+000,5.699536e+001,-7.247923e-005,0.000000e+000,2,6.940253e-001,0.000000e+000,,,,,,,,,,,,,,32,1,4.000000e+000,6.999969e-003,0.000000e+000,0,,0,
1524322975.404,,0.000000e+000,5.699817e+001,-7.241511e-005,0.000000e+000,2,6.918944e-001,0.000000e+000,,,,,,,,,,,,,,32,1,4.000000e+000,1.261139e-002,0.000000e+000,0,,0,
1524322988.344,,0.000000e+000,5.699115e+001,-7.253545e-005,0.000000e+000,2,6.945887e-001,0.000000e+000,,,,,,,,,,,,,,32,1,4.000000e+000,4.211426e-003,0.000000e+000,0,,0,
1524323000.824,,0.000000e+000,5.700237e+001,-7.251851e-005,0.000000e+000,2,6.931270e-001,0.000000e+000,,,,,,,,,,,,,,32,1,4.000000e+000,9.819031e-003,0.000000e+000,0,,0,
1524323013.544,,0.000000e+000,5.699396e+001,-7.256942e-005,0.000000e+000,2,6.947057e-001,0.000000e+000,,,,,,,,,,,,,,32,1,4.000000e+000,4.199982e-003,0.000000e+000,0,,0,
1524323026.324,,0.000000e+000,5.699606e+001,-7.251737e-005,0.000000e+000,2,6.929770e-001,0.000000e+000,,,,,,,,,,,,,,32,1,4.000000e+000,0.000000e+000,0.000000e+000,0,,0,
1524323039.024,,0.000000e+000,5.699886e+001,-7.252500e-005,0.000000e+000,2,6.944456e-001,0.000000e+000,,,,,,,,,,,,,,32,1,4.000000e+000,5.611420e-003,0.000000e+000,0,,0,
1524323051.314,,0.000000e+000,5.699957e+001,-7.256912e-005,0.000000e+000,2,6.935552e-001,0.000000e+000,,,,,,,,,,,,,,32,1,4.000000e+000,4.211426e-003,0.000000e+000,0,,0,
1524323064.134,,0.000000e+000,5.699816e+001,-7.259911e-005,0.000000e+000,2,6.948972e-001,0.000000e+000,,,,,,,,,,,,,,32,1,4.000000e+000,1.399994e-003,0.000000e+000,0,,0,
1524323076.604,,0.000000e+000,5.700027e+001,-7.250947e-005,0.000000e+000,2,6.936193e-001,0.000000e+000,,,,,,,,,,,,,,32,1,4.000000e+000,2.811432e-003,0.000000e+000,0,,0,
1524323089.754,,0.000000e+000,5.699957e+001,-7.262783e-005,0.000000e+000,2,6.955314e-001,0.000000e+000,,,,,,,,,,,,,,32,1,4.000000e+000,4.211426e-003,0.000000e+000,0,,0,
1524323102.174,,0.000000e+000,5.700097e+001,-7.255355e-005,0.000000e+000,2,6.930360e-001,0.000000e+000,,,,,,,,,,,,,,32,1,4.000000e+000,1.262665e-002,0.000000e+000,0,,0,
1524323115.254,,0.000000e+000,5.700097e+001,-7.265501e-005,0.000000e+000,2,6.956083e-001,0.000000e+000,,,,,,,,,,,,,,32,1,4.000000e+000,1.262665e-002,0.000000e+000,0,,0,
1524323128.134,,0.000000e+000,5.699255e+001,-7.263084e-005,0.000000e+000,2,6.945235e-001,0.000000e+000,,,,,,,,,,,,,,32,1,4.000000e+000,9.807587e-003,0.000000e+000,0,,0,
1524323141.584,,0.000000e+000,5.699465e+001,-7.265220e-005,0.000000e+000,2,6.956288e-001,0.000000e+000,,,,,,,,,,,,,,32,1,4.000000e+000,0.000000e+000,0.000000e+000,0,,0,
1524323153.914,,0.000000e+000,5.700026e+001,-7.269590e-005,0.000000e+000,2,6.932786e-001,0.000000e+000,,,,,,,,,,,,,,32,1,4.000000e+000,0.000000e+000,0.000000e+000,0,,0,
1524323166.474,,0.000000e+000,5.699816e+001,-7.267560e-005,0.000000e+000,2,6.952495e-001,0.000000e+000,,,,,,,,,,,,,,32,1,4.000000e+000,4.199982e-003,0.000000e+000,0,,0,
1524323178.614,,0.000000e+000,5.700377e+001,-7.264560e-005,0.000000e+000,2,6.944916e-001,0.000000e+000,,,,,,,,,,,,,,32,1,4.000000e+000,7.019043e-003,0.000000e+000,0,,0,
1524323190.964,,0.000000e+000,5.700658e+001,-7.277112e-005,0.000000e+000,2,6.957760e-001,0.000000e+000,,,,,,,,,,,,,,32,1,4.000000e+000,1.407623e-003,0.000000e+000,0,,0,
1524323203.404,,0.000000e+000,5.699956e+001,-7.273656e-005,0.000000e+000,2,6.949578e-001,0.000000e+000,,,,,,,,,,,,,,32,1,4.000000e+000,1.399994e-003,0.000000e+000,0,,0,
1524323216.444,,0.000000e+000,5.700097e+001,-7.270766e-005,0.000000e+000,2,6.956843e-001,0.000000e+000,,,,,,,,,,,,,,32,1,4.000000e+000,1.411438e-003,0.000000e+000,0,,0,
1524323228.994,,0.000000e+000,5.699957e+001,-7.280900e-005,0.000000e+000,2,6.952302e-001,0.000000e+000,,,,,,,,,,,,,,32,1,4.000000e+000,4.211426e-003,0.000000e+000,0,,0,
1524323242.024,,0.000000e+000,5.700447e+001,-7.276151e-005,0.000000e+000,2,6.952371e-001,0.000000e+000,,,,,,,,,,,,,,32,1,4.000000e+000,5.607605e-003,0.000000e+000,0,,0,
1524323254.954,,0.000000e+000,5.699466e+001,-7.274689e-005,0.000000e+000,2,6.952687e-001,0.000000e+000,,,,,,,,,,,,,,32,1,4.000000e+000,5.599976e-003,0.000000e+000,0,,0,
1524323267.474,,0.000000e+000,5.700026e+001,-7.277140e-005,0.000000e+000,2,6.951900e-001,0.000000e+000,,,,,,,,,,,,,,32,1,4.000000e+000,5.599976e-003,0.000000e+000,0,,0,
1524323280.314,,0.000000e+000,5.699816e+001,-7.285645e-005,0.000000e+000,2,6.963078e-001,0.000000e+000,,,,,,,,,,,,,,32,1,4.000000e+000,4.199982e-003,0.000000e+000,0,,0,
1524323293.034,,0.000000e+000,5.700026e+001,-7.276055e-005,0.000000e+000,2,6.951094e-001,0.000000e+000,,,,,,,,,,,,,,32,1,4.000000e+000,0.000000e+000,0.000000e+000,0,,0,
1524323305.924,,0.000000e+000,5.699956e+001,-7.280784e-005,0.000000e+000,2,6.968805e-001,0.000000e+000,,,,,,,,,,,,,,32,1,4.000000e+000,1.399994e-003,0.000000e+000,0,,0,
1524323318.454,,0.000000e+000,5.699956e+001,-7.278972e-005,0.000000e+000,2,6.956342e-001,0.000000e+000,,,,,,,,,,,,,,32,1,4.000000e+000,1.399994e-003,0.000000e+000,0,,0,
1524323331.484,,0.000000e+000,5.699535e+001,-7.279676e-005,0.000000e+000,2,6.966714e-001,0.000000e+000,,,,,,,,,,,,,,32,1,4.000000e+000,9.807587e-003,0.000000e+000,0,,0,
1524323344.094,,0.000000e+000,5.699325e+001,-7.284396e-005,0.000000e+000,2,6.951278e-001,0.000000e+000,,,,,,,,,,,,,,32,1,4.000000e+000,8.419037e-003,0.000000e+000,0,,0,
1524323356.644,,0.000000e+000,5.699605e+001,-7.283114e-005,0.000000e+000,2,6.962301e-001,0.000000e+000,,,,,,,,,,,,,,32,1,4.000000e+000,1.401901e-002,0.000000e+000,0,,0,
1524323369.114,,0.000000e+000,5.699465e+001,-7.288745e-005,0.000000e+000,2,6.948457e-001,0.000000e+000,,,,,,,,,,,,,,32,1,4.000000e+000,0.000000e+000,0.000000e+000,0,,0,
1524323381.984,,0.000000e+000,5.699886e+001,-7.286302e-005,0.000000e+000,2,6.952565e-001,0.000000e+000,,,,,,,,,,,,,,32,1,4.000000e+000,8.407593e-003,0.000000e+000,0,,0,
1524323395.004,,0.000000e+000,5.700097e+001,-7.292533e-005,0.000000e+000,2,6.963630e-001,0.000000e+000,,,,,,,,,,,,,,32,1,4.000000e+000,7.011414e-003,0.000000e+000,0,,0,
1524323407.435,,0.000000e+000,5.699606e+001,-7.289575e-005,0.000000e+000,2,6.956020e-001,0.000000e+000,,,,,,,,,,,,,,32,1,4.000000e+000,2.807617e-003,0.000000e+000,0,,0,
1524323419.945,,0.000000e+000,5.699535e+001,-7.293018e-005,0.000000e+000,2,6.960073e-001,0.000000e+000,,,,,,,,,,,,,,32,1,4.000000e+000,1.407623e-003,0.000000e+000,0,,0,
1524323432.435,,0.000000e+000,5.699606e+001,-7.286443e-005,0.000000e+000,2,6.953505e-001,0.000000e+000,,,,,,,,,,,,,,32,1,4.000000e+000,0.000000e+000,0.000000e+000,0,,0,
1524323444.815,,0.000000e+000,5.699956e+001,-7.294931e-005,0.000000e+000,2,6.967923e-001,0.000000e+000,,,,,,,,,,,,,,32,1,4.000000e+000,6.999969e-003,0.000000e+000,0,,0,
1524323457.135,,0.000000e+000,5.699815e+001,-7.300444e-005,0.000000e+000,2,6.964467e-001,0.000000e+000,,,,,,,,,,,,,,32,1,4.000000e+000,9.807587e-003,0.000000e+000,0,,0,
1524323470.495,,0.000000e+000,5.699115e+001,-7.307484e-005,0.000000e+000,2,6.963759e-001,0.000000e+000,,,,,,,,,,,,,,32,1,4.000000e+000,9.819031e-003,0.000000e+000,0,,0,
1524323482.945,,0.000000e+000,5.700447e+001,-7.298523e-005,0.000000e+000,2,6.953636e-001,0.000000e+000,,,,,,,,,,,,,,32,1,4.000000e+000,5.607605e-003,0.000000e+000,0,,0,
1524323495.475,,0.000000e+000,5.699886e+001,-7.297973e-005,0.000000e+000,2,6.965761e-001,0.000000e+000,,,,,,,,,,,,,,32,1,4.000000e+000,8.407593e-003,0.000000e+000,0,,0,
1524323507.815,,0.000000e+000,5.700026e+001,-7.300191e-005,0.000000e+000,2,6.952871e-001,0.000000e+000,,,,,,,,,,,,,,32,1,4.000000e+000,1.121902e-002,0.000000e+000,0,,0,
1524323520.245,,0.000000e+000,5.700447e+001,-7.298016e-005,0.000000e+000,2,6.968955e-001,0.000000e+000,,,,,,,,,,,,,,32,1,4.000000e+000,5.607605e-003,0.000000e+000,0,,0,
1524323532.775,,0.000000e+000,5.700166e+001,-7.299522e-005,0.000000e+000,2,6.954875e-001,0.000000e+000,,,,,,,,,,,,,,32,1,4.000000e+000,2.799988e-003,0.000000e+000,0,,0,
1524323545.545,,0.000000e+000,5.700026e+001,-7.303138e-005,0.000000e+000,2,6.974345e-001,0.000000e+000,,,,,,,,,,,,,,32,1,4.000000e+000,5.599976e-003,0.000000e+000,0,,0,
1524323557.865,,0.000000e+000,5.700097e+001,-7.302412e-005,0.000000e+000,2,6.959277e-001,0.000000e+000,,,,,,,,,,,,,,32,1,4.000000e+000,9.811401e-003,0.000000e+000,0,,0,
1524323571.025,,0.000000e+000,5.699956e+001,-7.305124e-005,0.000000e+000,2,6.970729e-001,0.000000e+000,,,,,,,,,,,,,,32,1,4.000000e+000,1.399994e-003,0.000000e+000,0,,0,
1524323583.395,,0.000000e+000,5.699816e+001,-7.305110e-005,0.000000e+000,2,6.958349e-001,0.000000e+000,,,,,,,,,,,,,,32,1,4.000000e+000,4.199982e-003,0.000000e+000,0,,0,
1524323595.885,,0.000000e+000,5.699815e+001,-7.304813e-005,0.000000e+000,2,6.968387e-001,0.000000e+000,,,,,,,,,,,,,,32,1,4.000000e+000,9.807587e-003,0.000000e+000,0,,0,
1524323608.115,,0.000000e+000,5.700377e+001,-7.308202e-005,0.000000e+000,2,6.962644e-001,0.000000e+000,,,,,,,,,,,,,,32,1,4.000000e+000,1.411438e-003,0.000000e+000,0,,0,
1524323621.085,,0.000000e+000,5.700097e+001,-7.310278e-005,0.000000e+000,2,6.977231e-001,0.000000e+000,,,,,,,,,,,,,,32,1,4.000000e+000,7.011414e-003,0.000000e+000,0,,0,
1524323633.425,,0.000000e+000,5.699185e+001,-7.317156e-005,0.000000e+000,2,6.967995e-001,0.000000e+000,,,,,,,,,,,,,,32,1,4.000000e+000,1.121902e-002,0.000000e+000,0,,0,
1524323645.995,,0.000000e+000,5.699325e+001,-7.313888e-005,0.000000e+000,2,6.981960e-001,0.000000e+000,,,,,,,,,,,,,,32,1,4.000000e+000,1.401901e-002,0.000000e+000,0,,0,
1524323658.295,,0.000000e+000,5.700587e+001,-7.315788e-005,0.000000e+000,2,6.960098e-001,0.000000e+000,,,,,,,,,,,,,,32,1,4.000000e+000,8.407593e-003,0.000000e+000,0,,0,
1524323671.115,,0.000000e+000,5.699676e+001,-7.312081e-005,0.000000e+000,2,6.975833e-001,0.000000e+000,,,,,,,,,,,,,,32,1,4.000000e+000,7.007599e-003,0.000000e+000,0,,0,
1524323683.285,,0.000000e+000,5.699886e+001,-7.312806e-005,0.000000e+000,2,6.952735e-001,0.000000e+000,,,,,,,,,,,,,,32,1,4.000000e+000,5.611420e-003,0.000000e+000,0,,0,
1524323696.275,,0.000000e+000,5.699465e+001,-7.318807e-005,0.000000e+000,2,6.975267e-001,0.000000e+000,,,,,,,,,,,,,,32,1,4.000000e+000,0.000000e+000,0.000000e+000,0,,0,
1524323708.435,,0.000000e+000,5.699606e+001,-7.320548e-005,0.000000e+000,2,6.967876e-001,0.000000e+000,,,,,,,,,,,,,,32,1,4.000000e+000,5.607605e-003,0.000000e+000,0,,0,
1524323721.765,,0.000000e+000,5.699535e+001,-7.322503e-005,0.000000e+000,2,6.981266e-001,0.000000e+000,,,,,,,,,,,,,,32,1,4.000000e+000,4.207611e-003,0.000000e+000,0,,0,
1524323733.945,,0.000000e+000,5.700307e+001,-7.318100e-005,0.000000e+000,2,6.971189e-001,0.000000e+000,,,,,,,,,,,,,,32,1,4.000000e+000,5.611420e-003,0.000000e+000,0,,0,
1524323746.635,,0.000000e+000,5.699746e+001,-7.321477e-005,0.000000e+000,2,6.976547e-001,0.000000e+000,,,,,,,,,,,,,,32,1,4.000000e+000,5.607605e-003,0.000000e+000,0,,0,
1524323758.795,,0.000000e+000,5.699395e+001,-7.322155e-005,0.000000e+000,2,6.972780e-001,0.000000e+000,,,,,,,,,,,,,,32,1,4.000000e+000,1.399994e-003,0.000000e+000,0,,0,
1524323772.195,,0.000000e+000,5.699676e+001,-7.319498e-005,0.000000e+000,2,6.968852e-001,0.000000e+000,,,,,,,,,,,,,,32,1,4.000000e+000,4.207611e-003,0.000000e+000,0,,0,
1524323784.535,,0.000000e+000,5.700237e+001,-7.326208e-005,0.000000e+000,2,6.965311e-001,0.000000e+000,,,,,,,,,,,,,,32,1,4.000000e+000,1.542664e-002,0.000000e+000,0,,0,
1524323797.075,,0.000000e+000,5.699816e+001,-7.325708e-005,0.000000e+000,2,6.979401e-001,0.000000e+000,,,,,,,,,,,,,,32,1,4.000000e+000,1.399994e-003,0.000000e+000,0,,0,
1524323809.235,,0.000000e+000,5.699606e+001,-7.328182e-005,0.000000e+000,2,6.974136e-001,0.000000e+000,,,,,,,,,,,,,,32,1,4.000000e+000,2.807617e-003,0.000000e+000,0,,0,
1524323822.315,,0.000000e+000,5.699535e+001,-7.327169e-005,0.000000e+000,2,6.987829e-001,0.000000e+000,,,,,,,,,,,,,,32,1,4.000000e+000,1.407623e-003,0.000000e+000,0,,0,
1524323834.635,,0.000000e+000,5.699606e+001,-7.327804e-005,0.000000e+000,2,6.981355e-001,0.000000e+000,,,,,,,,,,,,,,32,1,4.000000e+000,0.000000e+000,0.000000e+000,0,,0,
1524323847.475,,0.000000e+000,5.699816e+001,-7.331422e-005,0.000000e+000,2,6.983665e-001,0.000000e+000,,,,,,,,,,,,,,32,1,4.000000e+000,4.199982e-003,0.000000e+000,0,,0,
1524323859.875,,0.000000e+000,5.699956e+001,-7.319589e-005,0.000000e+000,2,6.978072e-001,0.000000e+000,,,,,,,,,,,,,,32,1,4.000000e+000,1.399994e-003,0.000000e+000,0,,0,
1524323872.645,,0.000000e+000,5.699816e+001,-7.341830e-005,0.000000e+000,2,6.989417e-001,0.000000e+000,,,,,,,,,,,,,,32,1,4.000000e+000,1.399994e-003,0.000000e+000,0,,0,
1524323885.925,,0.000000e+000,5.699816e+001,-7.329051e-005,0.000000e+000,2,6.972135e-001,0.000000e+000,,,,,,,,,,,,,,32,1,4.000000e+000,1.399994e-003,0.000000e+000,0,,0,
1524323899.085,,0.000000e+000,5.699186e+001,-7.339033e-005,0.000000e+000,2,6.988171e-001,0.000000e+000,,,,,,,,,,,,,,32,1,4.000000e+000,0.000000e+000,0.000000e+000,0,,0,
1524323911.435,,0.000000e+000,5.699817e+001,-7.335907e-005,0.000000e+000,2,6.975129e-001,0.000000e+000,,,,,,,,,,,,,,32,1,4.000000e+000,1.261139e-002,0.000000e+000,0,,0,
1524323923.955,,0.000000e+000,5.699956e+001,-7.329618e-005,0.000000e+000,2,6.984909e-001,0.000000e+000,,,,,,,,,,,,,,32,1,4.000000e+000,6.999969e-003,0.000000e+000,0,,0,
1524323936.145,,0.000000e+000,5.700237e+001,-7.334263e-005,0.000000e+000,2,6.979113e-001,0.000000e+000,,,,,,,,,,,,,,32,1,4.000000e+000,1.388550e-003,0.000000e+000,0,,0,
1524323948.905,,0.000000e+000,5.699816e+001,-7.336795e-005,0.000000e+000,2,6.994165e-001,0.000000e+000,,,,,,,,,,,,,,32,1,4.000000e+000,7.019043e-003,0.000000e+000,0,,0,
1524323961.625,,0.000000e+000,5.699606e+001,-7.335567e-005,0.000000e+000,2,6.976827e-001,0.000000e+000,,,,,,,,,,,,,,32,1,4.000000e+000,2.807617e-003,0.000000e+000,0,,0,
1524323974.995,,0.000000e+000,5.699535e+001,-7.338358e-005,0.000000e+000,2,6.989961e-001,0.000000e+000,,,,,,,,,,,,,,32,1,4.000000e+000,1.407623e-003,0.000000e+000,0,,0,
1524323987.185,,0.000000e+000,5.700307e+001,-7.335019e-005,0.000000e+000,2,6.968831e-001,0.000000e+000,,,,,,,,,,,,,,32,1,4.000000e+000,2.799988e-003,0.000000e+000,0,,0,
1524324000.155,,0.000000e+000,5.700307e+001,-7.341404e-005,0.000000e+000,2,6.987453e-001,0.000000e+000,,,,,,,,,,,,,,32,1,4.000000e+000,8.419037e-003,0.000000e+000,0,,0,
1524324012.545,,0.000000e+000,5.699886e+001,-7.344022e-005,0.000000e+000,2,6.984085e-001,0.000000e+000,,,,,,,,,,,,,,32,1,4.000000e+000,2.799988e-003,0.000000e+000,0,,0,
1524324025.505,,0.000000e+000,5.699606e+001,-7.334006e-005,0.000000e+000,2,6.984308e-001,0.000000e+000,,,,,,,,,,,,,,32,1,4.000000e+000,2.807617e-003,0.000000e+000,0,,0,
1524324038.055,,0.000000e+000,5.699676e+001,-7.348497e-005,0.000000e+000,2,6.986290e-001,0.000000e+000,,,,,,,,,,,,,,32,1,4.000000e+000,7.007599e-003,0.000000e+000,0,,0,
1524324051.245,,0.000000e+000,5.699956e+001,-7.344324e-005,0.000000e+000,2,6.984283e-001,0.000000e+000,,,,,,,,,,,,,,32,1,4.000000e+000,1.261902e-002,0.000000e+000,0,,0,
1524324064.065,,0.000000e+000,5.699677e+001,-7.362670e-005,0.000000e+000,2,6.988528e-001,0.000000e+000,,,,,,,,,,,,,,32,1,4.000000e+000,9.811401e-003,0.000000e+000,0,,0,
1524324076.605,,0.000000e+000,5.700027e+001,-7.343711e-005,0.000000e+000,2,6.977743e-001,0.000000e+000,,,,,,,,,,,,,,32,1,4.000000e+000,1.402664e-002,0.000000e+000,0,,0,
1524324089.405,,0.000000e+000,5.699957e+001,-7.346721e-005,0.000000e+000,2,6.989673e-001,0.000000e+000,,,,,,,,,,,,,,32,1,4.000000e+000,4.211426e-003,0.000000e+000,0,,0,
1524324102.375,,0.000000e+000,5.699606e+001,-7.345953e-005,0.000000e+000,2,6.981986e-001,0.000000e+000,,,,,,,,,,,,,,32,1,4.000000e+000,2.807617e-003,0.000000e+000,0,,0,
1524324114.676,,0.000000e+000,5.700237e+001,-7.349349e-005,0.000000e+000,2,6.994740e-001,0.000000e+000,,,,,,,,,,,,,,32,1,4.000000e+000,4.211426e-003,0.000000e+000,0,,0,
1524324127.206,,0.000000e+000,5.699606e+001,-7.356590e-005,0.000000e+000,2,6.983530e-001,0.000000e+000,,,,,,,,,,,,,,32,1,4.000000e+000,1.121902e-002,0.000000e+000,0,,0,
1524324139.656,,0.000000e+000,5.699535e+001,-7.349603e-005,0.000000e+000,2,7.001162e-001,0.000000e+000,,,,,,,,,,,,,,32,1,4.000000e+000,1.263046e-002,0.000000e+000,0,,0,
1524324152.126,,0.000000e+000,5.699816e+001,-7.353099e-005,0.000000e+000,2,6.989706e-001,0.000000e+000,,,,,,,,,,,,,,32,1,4.000000e+000,1.823807e-002,0.000000e+000,0,,0,
1524324164.386,,0.000000e+000,5.700377e+001,-7.348481e-005,0.000000e+000,2,6.986113e-001,0.000000e+000,,,,,,,,,,,,,,32,1,4.000000e+000,7.019043e-003,0.000000e+000,0,,0,
