[Header]
TITLE,MPMS DC Measurement
BYAPP,MPMS Measurement,2.1,Summary
FILEOPENTIME, 1524203413.471000 4/19/2018, 11:50:13 PM

INFO, APPNAME, MPMS MultiVu Application, Revision 1.61,  Build 082

INFO, NAME, TC04-12-01K
INFO, WEIGHT, 1.000
INFO, AREA, 1.000
INFO, LENGTH, 1.000
INFO, SHAPE, 0
INFO, COMMENT, 
INFO, SEQUENCE FILE: VRMac_53K_6000s_VRMde_55K.seq


INFO, BACKGROUND DATA FILE:, None


STARTUPAXIS,X,4,LINEAR,AUTO,0.000000,0.000000
STARTUPAXIS,Y1,5,LINEAR,AUTO,0.000000,0.000000


STARTUPGROUP,Longitudinal
FIELDGROUP,Longitudinal,1,2,3,4,5,6,7,8,9,15,16,17,18,27,28
FIELDGROUP,Transverse,1,2,3,4,10,11,12,13,14,19,20,21,22,27,28

PLOT_APPEARANCE,ALL,HORZ_GRID_ON,VERT_GRID_ON,MARKERS_AND_LINES

[Data]
Time,Comment,Field (Oe),Temperature (K),Long Moment (emu),Long Scan Std Dev,Long Algorithm,Long Reg Fit,Long Percent Error (%),Trans Moment (emu),Trans Scan Std Dev,Trans Algorithm,Trans Reg Fit,Trans Percent Error (%),Long Moment [w/o ABS] (emu),Long Scan Std Dev [w/o ABS],Long Reg Fit [w/o ABS],Long Percent Error [w/o ABS] (%),Trans Moment [w/o ABS] (emu),Trans Scan Std Dev [w/o ABS],Trans Reg Fit [w/o ABS],Trans Percent Error [w/o ABS] (%),Points per Scan,Scans per Measurement,Scan Length (cm),Delta Temp (K),Rot Position (deg),Error,EC Comp. Running,Using ABS,
1524203413.471,,0.000000e+000,5.303983e+001,-5.133819e-005,0.000000e+000,3,9.708238e-001,0.000000e+000,,,,,,,,,,,,,,32,1,4.000000e+000,7.400513e-003,0.000000e+000,0,,0,
1524203425.681,,0.000000e+000,5.301949e+001,-5.366160e-005,0.000000e+000,3,9.705396e-001,0.000000e+000,,,,,,,,,,,,,,32,1,4.000000e+000,3.700256e-003,0.000000e+000,0,,0,
1524203438.561,,0.000000e+000,5.301826e+001,-5.515406e-005,0.000000e+000,3,9.712542e-001,0.000000e+000,,,,,,,,,,,,,,32,1,4.000000e+000,8.640289e-003,0.000000e+000,0,,0,
1524203451.291,,0.000000e+000,5.301517e+001,-5.628360e-005,0.000000e+000,3,9.706030e-001,0.000000e+000,,,,,,,,,,,,,,32,1,4.000000e+000,7.392883e-003,0.000000e+000,0,,0,
1524203464.221,,0.000000e+000,5.301332e+001,-5.706933e-005,0.000000e+000,3,9.713976e-001,0.000000e+000,,,,,,,,,,,,,,32,1,4.000000e+000,1.228333e-003,0.000000e+000,0,,0,
1524203476.981,,0.000000e+000,5.301148e+001,-5.783688e-005,0.000000e+000,3,9.719203e-001,0.000000e+000,,,,,,,,,,,,,,32,1,4.000000e+000,9.860992e-003,0.000000e+000,0,,0,
1524203489.071,,0.000000e+000,5.300717e+001,-5.842445e-005,0.000000e+000,3,9.704567e-001,0.000000e+000,,,,,,,,,,,,,,32,1,4.000000e+000,1.848221e-002,0.000000e+000,0,,0,
1524203501.951,,0.000000e+000,5.300470e+001,-5.895328e-005,0.000000e+000,3,9.724558e-001,0.000000e+000,,,,,,,,,,,,,,32,1,4.000000e+000,1.354980e-002,0.000000e+000,0,,0,
1524203514.591,,0.000000e+000,5.300040e+001,-5.951770e-005,0.000000e+000,3,9.716895e-001,0.000000e+000,,,,,,,,,,,,,,32,1,4.000000e+000,2.468109e-003,0.000000e+000,0,,0,
1524203526.751,,0.000000e+000,5.300471e+001,-5.980986e-005,0.000000e+000,3,9.725125e-001,0.000000e+000,,,,,,,,,,,,,,32,1,4.000000e+000,6.160736e-003,0.000000e+000,0,,0,
1524203539.611,,0.000000e+000,5.300533e+001,-6.016546e-005,0.000000e+000,3,9.705491e-001,0.000000e+000,,,,,,,,,,,,,,32,1,4.000000e+000,4.928589e-003,0.000000e+000,0,,0,
1524203553.281,,0.000000e+000,5.299793e+001,-6.057104e-005,0.000000e+000,3,9.715005e-001,0.000000e+000,,,,,,,,,,,,,,32,1,4.000000e+000,2.460480e-003,0.000000e+000,0,,0,
1524203565.941,,0.000000e+000,5.300162e+001,-6.096003e-005,0.000000e+000,3,9.721491e-001,0.000000e+000,,,,,,,,,,,,,,32,1,4.000000e+000,4.920959e-003,0.000000e+000,0,,0,
1524203578.491,,0.000000e+000,5.300162e+001,-6.116348e-005,0.000000e+000,3,9.711881e-001,0.000000e+000,,,,,,,,,,,,,,32,1,4.000000e+000,4.920959e-003,0.000000e+000,0,,0,
1524203591.461,,0.000000e+000,5.300101e+001,-6.148568e-005,0.000000e+000,3,9.731768e-001,0.000000e+000,,,,,,,,,,,,,,32,1,4.000000e+000,3.700256e-003,0.000000e+000,0,,0,
1524203604.101,,0.000000e+000,5.300101e+001,-6.163729e-005,0.000000e+000,3,9.712464e-001,0.000000e+000,,,,,,,,,,,,,,32,1,4.000000e+000,3.700256e-003,0.000000e+000,0,,0,
1524203616.661,,0.000000e+000,5.300040e+001,-6.191300e-005,0.000000e+000,3,9.722230e-001,0.000000e+000,,,,,,,,,,,,,,32,1,4.000000e+000,2.468109e-003,0.000000e+000,0,,0,
1524203629.261,,0.000000e+000,5.299916e+001,-6.215619e-005,0.000000e+000,3,9.709868e-001,0.000000e+000,,,,,,,,,,,,,,32,1,4.000000e+000,4.928589e-003,0.000000e+000,0,,0,
1524203641.631,,0.000000e+000,5.299363e+001,-6.233717e-005,0.000000e+000,3,9.716653e-001,0.000000e+000,,,,,,,,,,,,,,32,1,4.000000e+000,1.228333e-003,0.000000e+000,0,,0,
1524203654.241,,0.000000e+000,5.299609e+001,-6.254538e-005,0.000000e+000,3,9.700549e-001,0.000000e+000,,,,,,,,,,,,,,32,1,4.000000e+000,3.688812e-003,0.000000e+000,0,,0,
1524203667.101,,0.000000e+000,5.299854e+001,-6.273071e-005,0.000000e+000,3,9.727229e-001,0.000000e+000,,,,,,,,,,,,,,32,1,4.000000e+000,1.232147e-003,0.000000e+000,0,,0,
1524203679.671,,0.000000e+000,5.299854e+001,-6.290081e-005,0.000000e+000,3,9.703667e-001,0.000000e+000,,,,,,,,,,,,,,32,1,4.000000e+000,1.232147e-003,0.000000e+000,0,,0,
1524203692.581,,0.000000e+000,5.299855e+001,-6.315371e-005,0.000000e+000,3,9.713523e-001,0.000000e+000,,,,,,,,,,,,,,32,1,4.000000e+000,3.700256e-003,0.000000e+000,0,,0,
1524203704.841,,0.000000e+000,5.299670e+001,-6.329965e-005,0.000000e+000,3,9.703755e-001,0.000000e+000,,,,,,,,,,,,,,32,1,4.000000e+000,2.449036e-003,0.000000e+000,0,,0,
1524203717.551,,0.000000e+000,5.299855e+001,-6.352806e-005,0.000000e+000,3,9.716497e-001,0.000000e+000,,,,,,,,,,,,,,32,1,4.000000e+000,3.700256e-003,0.000000e+000,0,,0,
1524203730.471,,0.000000e+000,5.299978e+001,-6.361687e-005,0.000000e+000,3,9.706266e-001,0.000000e+000,,,,,,,,,,,,,,32,1,4.000000e+000,1.239777e-003,0.000000e+000,0,,0,
1524203743.721,,0.000000e+000,5.299670e+001,-6.381430e-005,0.000000e+000,3,9.714556e-001,0.000000e+000,,,,,,,,,,,,,,32,1,4.000000e+000,2.449036e-003,0.000000e+000,0,,0,
1524203755.891,,0.000000e+000,5.299793e+001,-6.402050e-005,0.000000e+000,3,9.728563e-001,0.000000e+000,,,,,,,,,,,,,,32,1,4.000000e+000,0.000000e+000,0.000000e+000,0,,0,
1524203768.871,,0.000000e+000,5.299916e+001,-6.410152e-005,0.000000e+000,3,9.703982e-001,0.000000e+000,,,,,,,,,,,,,,32,1,4.000000e+000,0.000000e+000,0.000000e+000,0,,0,
1524203781.281,,0.000000e+000,5.300163e+001,-6.424432e-005,0.000000e+000,3,9.709066e-001,0.000000e+000,,,,,,,,,,,,,,32,1,4.000000e+000,2.460480e-003,0.000000e+000,0,,0,
1524203793.651,,0.000000e+000,5.299486e+001,-6.429799e-005,0.000000e+000,3,9.712548e-001,0.000000e+000,,,,,,,,,,,,,,32,1,4.000000e+000,8.609772e-003,0.000000e+000,0,,0,
1524203806.441,,0.000000e+000,5.299178e+001,-6.445587e-005,0.000000e+000,3,9.724440e-001,0.000000e+000,,,,,,,,,,,,,,32,1,4.000000e+000,2.460480e-003,0.000000e+000,0,,0,
1524203818.991,,0.000000e+000,5.299794e+001,-6.456656e-005,0.000000e+000,3,9.700013e-001,0.000000e+000,,,,,,,,,,,,,,32,1,4.000000e+000,9.849548e-003,0.000000e+000,0,,0,
1524203832.061,,0.000000e+000,5.299732e+001,-6.474469e-005,0.000000e+000,3,9.719782e-001,0.000000e+000,,,,,,,,,,,,,,32,1,4.000000e+000,1.108170e-002,0.000000e+000,0,,0,
1524203844.751,,0.000000e+000,5.299424e+001,-6.482130e-005,0.000000e+000,3,9.725886e-001,0.000000e+000,,,,,,,,,,,,,,32,1,4.000000e+000,4.920959e-003,0.000000e+000,0,,0,
1524203857.321,,0.000000e+000,5.299486e+001,-6.489262e-005,0.000000e+000,3,9.716994e-001,0.000000e+000,,,,,,,,,,,,,,32,1,4.000000e+000,3.688812e-003,0.000000e+000,0,,0,
1524203869.901,,0.000000e+000,5.299363e+001,-6.507374e-005,0.000000e+000,3,9.733395e-001,0.000000e+000,,,,,,,,,,,,,,32,1,4.000000e+000,1.228333e-003,0.000000e+000,0,,0,
1524203882.111,,0.000000e+000,5.299978e+001,-6.522635e-005,0.000000e+000,3,9.717377e-001,0.000000e+000,,,,,,,,,,,,,,32,1,4.000000e+000,1.108170e-002,0.000000e+000,0,,0,
1524203894.901,,0.000000e+000,5.299916e+001,-6.528126e-005,0.000000e+000,3,9.730048e-001,0.000000e+000,,,,,,,,,,,,,,32,1,4.000000e+000,2.471924e-003,0.000000e+000,0,,0,
1524203907.361,,0.000000e+000,5.299609e+001,-6.537900e-005,0.000000e+000,3,9.722468e-001,0.000000e+000,,,,,,,,,,,,,,32,1,4.000000e+000,8.621216e-003,0.000000e+000,0,,0,
1524203919.681,,0.000000e+000,5.299486e+001,-6.557964e-005,0.000000e+000,3,9.729928e-001,0.000000e+000,,,,,,,,,,,,,,32,1,4.000000e+000,3.688812e-003,0.000000e+000,0,,0,
1524203931.951,,0.000000e+000,5.299424e+001,-6.556256e-005,0.000000e+000,3,9.717993e-001,0.000000e+000,,,,,,,,,,,,,,32,1,4.000000e+000,7.377625e-003,0.000000e+000,0,,0,
1524203944.081,,0.000000e+000,5.300163e+001,-6.565761e-005,0.000000e+000,3,9.713832e-001,0.000000e+000,,,,,,,,,,,,,,32,1,4.000000e+000,9.849548e-003,0.000000e+000,0,,0,
1524203957.391,,0.000000e+000,5.299547e+001,-6.568092e-005,0.000000e+000,3,9.714533e-001,0.000000e+000,,,,,,,,,,,,,,32,1,4.000000e+000,7.381439e-003,0.000000e+000,0,,0,
1524203969.681,,0.000000e+000,5.299732e+001,-6.585872e-005,0.000000e+000,3,9.729423e-001,0.000000e+000,,,,,,,,,,,,,,32,1,4.000000e+000,6.160736e-003,0.000000e+000,0,,0,
1524203982.791,,0.000000e+000,5.299239e+001,-6.597999e-005,0.000000e+000,3,9.721489e-001,0.000000e+000,,,,,,,,,,,,,,32,1,4.000000e+000,8.609772e-003,0.000000e+000,0,,0,
1524203995.851,,0.000000e+000,5.299486e+001,-6.605520e-005,0.000000e+000,3,9.720059e-001,0.000000e+000,,,,,,,,,,,,,,32,1,4.000000e+000,1.353836e-002,0.000000e+000,0,,0,
1524204008.491,,0.000000e+000,5.299301e+001,-6.610674e-005,0.000000e+000,3,9.702947e-001,0.000000e+000,,,,,,,,,,,,,,32,1,4.000000e+000,7.381439e-003,0.000000e+000,0,,0,
1524204021.131,,0.000000e+000,5.299485e+001,-6.612634e-005,0.000000e+000,3,9.714658e-001,0.000000e+000,,,,,,,,,,,,,,32,1,4.000000e+000,6.149292e-003,0.000000e+000,0,,0,
1524204033.681,,0.000000e+000,5.299793e+001,-6.625096e-005,0.000000e+000,3,9.711215e-001,0.000000e+000,,,,,,,,,,,,,,32,1,4.000000e+000,0.000000e+000,0.000000e+000,0,,0,
1524204046.601,,0.000000e+000,5.299425e+001,-6.632196e-005,0.000000e+000,3,9.709637e-001,0.000000e+000,,,,,,,,,,,,,,32,1,4.000000e+000,2.468109e-003,0.000000e+000,0,,0,
1524204059.381,,0.000000e+000,5.299855e+001,-6.642747e-005,0.000000e+000,3,9.720628e-001,0.000000e+000,,,,,,,,,,,,,,32,1,4.000000e+000,6.149292e-003,0.000000e+000,0,,0,
1524204072.131,,0.000000e+000,5.299978e+001,-6.648307e-005,0.000000e+000,3,9.707506e-001,0.000000e+000,,,,,,,,,,,,,,32,1,4.000000e+000,3.700256e-003,0.000000e+000,0,,0,
1524204084.971,,0.000000e+000,5.299854e+001,-6.656010e-005,0.000000e+000,3,9.718663e-001,0.000000e+000,,,,,,,,,,,,,,32,1,4.000000e+000,1.232147e-003,0.000000e+000,0,,0,
1524204097.511,,0.000000e+000,5.299732e+001,-6.666181e-005,0.000000e+000,3,9.712681e-001,0.000000e+000,,,,,,,,,,,,,,32,1,4.000000e+000,3.681183e-003,0.000000e+000,0,,0,
1524204110.041,,0.000000e+000,5.299548e+001,-6.676106e-005,0.000000e+000,3,9.718823e-001,0.000000e+000,,,,,,,,,,,,,,32,1,4.000000e+000,0.000000e+000,0.000000e+000,0,,0,
1524204122.662,,0.000000e+000,5.299609e+001,-6.675615e-005,0.000000e+000,3,9.708512e-001,0.000000e+000,,,,,,,,,,,,,,32,1,4.000000e+000,1.220703e-003,0.000000e+000,0,,0,
1524204135.052,,0.000000e+000,5.299855e+001,-6.687566e-005,0.000000e+000,3,9.714990e-001,0.000000e+000,,,,,,,,,,,,,,32,1,4.000000e+000,3.700256e-003,0.000000e+000,0,,0,
1524204147.642,,0.000000e+000,5.299916e+001,-6.688349e-005,0.000000e+000,3,9.704410e-001,0.000000e+000,,,,,,,,,,,,,,32,1,4.000000e+000,2.471924e-003,0.000000e+000,0,,0,
1524204160.012,,0.000000e+000,5.299794e+001,-6.704958e-005,0.000000e+000,3,9.721235e-001,0.000000e+000,,,,,,,,,,,,,,32,1,4.000000e+000,9.849548e-003,0.000000e+000,0,,0,
1524204172.492,,0.000000e+000,5.300040e+001,-6.705631e-005,0.000000e+000,3,9.705428e-001,0.000000e+000,,,,,,,,,,,,,,32,1,4.000000e+000,1.477814e-002,0.000000e+000,0,,0,
1524204185.162,,0.000000e+000,5.299670e+001,-6.717003e-005,0.000000e+000,3,9.715250e-001,0.000000e+000,,,,,,,,,,,,,,32,1,4.000000e+000,7.389069e-003,0.000000e+000,0,,0,
1524204198.062,,0.000000e+000,5.299731e+001,-6.715519e-005,0.000000e+000,3,9.709539e-001,0.000000e+000,,,,,,,,,,,,,,32,1,4.000000e+000,1.228333e-003,0.000000e+000,0,,0,
1524204210.972,,0.000000e+000,5.299486e+001,-6.722540e-005,0.000000e+000,3,9.716585e-001,0.000000e+000,,,,,,,,,,,,,,32,1,4.000000e+000,1.108170e-002,0.000000e+000,0,,0,
1524204223.282,,0.000000e+000,5.299731e+001,-6.728522e-005,0.000000e+000,3,9.723879e-001,0.000000e+000,,,,,,,,,,,,,,32,1,4.000000e+000,1.228333e-003,0.000000e+000,0,,0,
1524204236.112,,0.000000e+000,5.299670e+001,-6.738641e-005,0.000000e+000,3,9.726329e-001,0.000000e+000,,,,,,,,,,,,,,32,1,4.000000e+000,7.389069e-003,0.000000e+000,0,,0,
1524204248.802,,0.000000e+000,5.300101e+001,-6.744683e-005,0.000000e+000,3,9.731014e-001,0.000000e+000,,,,,,,,,,,,,,32,1,4.000000e+000,3.700256e-003,0.000000e+000,0,,0,
1524204261.082,,0.000000e+000,5.299855e+001,-6.750362e-005,0.000000e+000,3,9.715229e-001,0.000000e+000,,,,,,,,,,,,,,32,1,4.000000e+000,3.700256e-003,0.000000e+000,0,,0,
1524204273.242,,0.000000e+000,5.299978e+001,-6.754864e-005,0.000000e+000,3,9.722320e-001,0.000000e+000,,,,,,,,,,,,,,32,1,4.000000e+000,3.700256e-003,0.000000e+000,0,,0,
1524204285.912,,0.000000e+000,5.300101e+001,-6.764619e-005,0.000000e+000,3,9.720675e-001,0.000000e+000,,,,,,,,,,,,,,32,1,4.000000e+000,3.700256e-003,0.000000e+000,0,,0,
1524204298.072,,0.000000e+000,5.299978e+001,-6.767992e-005,0.000000e+000,3,9.711509e-001,0.000000e+000,,,,,,,,,,,,,,32,1,4.000000e+000,1.239777e-003,0.000000e+000,0,,0,
1524204310.972,,0.000000e+000,5.299239e+001,-6.775553e-005,0.000000e+000,3,9.718325e-001,0.000000e+000,,,,,,,,,,,,,,32,1,4.000000e+000,8.609772e-003,0.000000e+000,0,,0,
1524204323.462,,0.000000e+000,5.299855e+001,-6.774814e-005,0.000000e+000,3,9.712561e-001,0.000000e+000,,,,,,,,,,,,,,32,1,4.000000e+000,3.700256e-003,0.000000e+000,0,,0,
1524204336.522,,0.000000e+000,5.299916e+001,-6.772612e-005,0.000000e+000,3,9.725774e-001,0.000000e+000,,,,,,,,,,,,,,32,1,4.000000e+000,4.928589e-003,0.000000e+000,0,,0,
1524204348.772,,0.000000e+000,5.299609e+001,-6.795787e-005,0.000000e+000,3,9.727913e-001,0.000000e+000,,,,,,,,,,,,,,32,1,4.000000e+000,1.220703e-003,0.000000e+000,0,,0,
1524204361.522,,0.000000e+000,5.299731e+001,-6.793063e-005,0.000000e+000,3,9.722010e-001,0.000000e+000,,,,,,,,,,,,,,32,1,4.000000e+000,1.228333e-003,0.000000e+000,0,,0,
1524204373.532,,0.000000e+000,5.300040e+001,-6.797627e-005,0.000000e+000,3,9.729407e-001,0.000000e+000,,,,,,,,,,,,,,32,1,4.000000e+000,0.000000e+000,0.000000e+000,0,,0,
1524204386.372,,0.000000e+000,5.299978e+001,-6.803337e-005,0.000000e+000,3,9.717998e-001,0.000000e+000,,,,,,,,,,,,,,32,1,4.000000e+000,3.700256e-003,0.000000e+000,0,,0,
1524204398.752,,0.000000e+000,5.299731e+001,-6.813282e-005,0.000000e+000,3,9.719424e-001,0.000000e+000,,,,,,,,,,,,,,32,1,4.000000e+000,1.228333e-003,0.000000e+000,0,,0,
1524204411.362,,0.000000e+000,5.299916e+001,-6.811199e-005,0.000000e+000,3,9.717234e-001,0.000000e+000,,,,,,,,,,,,,,32,1,4.000000e+000,0.000000e+000,0.000000e+000,0,,0,
1524204424.502,,0.000000e+000,5.300101e+001,-6.821177e-005,0.000000e+000,3,9.721167e-001,0.000000e+000,,,,,,,,,,,,,,32,1,4.000000e+000,1.228333e-003,0.000000e+000,0,,0,
1524204437.032,,0.000000e+000,5.300224e+001,-6.821055e-005,0.000000e+000,3,9.709359e-001,0.000000e+000,,,,,,,,,,,,,,32,1,4.000000e+000,3.681183e-003,0.000000e+000,0,,0,
1524204449.762,,0.000000e+000,5.299855e+001,-6.831370e-005,0.000000e+000,3,9.718967e-001,0.000000e+000,,,,,,,,,,,,,,32,1,4.000000e+000,3.700256e-003,0.000000e+000,0,,0,
1524204462.232,,0.000000e+000,5.299609e+001,-6.835208e-005,0.000000e+000,3,9.711899e-001,0.000000e+000,,,,,,,,,,,,,,32,1,4.000000e+000,1.220703e-003,0.000000e+000,0,,0,
1524204475.182,,0.000000e+000,5.299978e+001,-6.839837e-005,0.000000e+000,3,9.720910e-001,0.000000e+000,,,,,,,,,,,,,,32,1,4.000000e+000,8.602142e-003,0.000000e+000,0,,0,
1524204487.372,,0.000000e+000,5.299855e+001,-6.844914e-005,0.000000e+000,3,9.720885e-001,0.000000e+000,,,,,,,,,,,,,,32,1,4.000000e+000,1.107025e-002,0.000000e+000,0,,0,
1524204500.842,,0.000000e+000,5.299854e+001,-6.851715e-005,0.000000e+000,3,9.716228e-001,0.000000e+000,,,,,,,,,,,,,,32,1,4.000000e+000,1.232147e-003,0.000000e+000,0,,0,
1524204513.582,,0.000000e+000,5.299609e+001,-6.859469e-005,0.000000e+000,3,9.742171e-001,0.000000e+000,,,,,,,,,,,,,,32,1,4.000000e+000,1.220703e-003,0.000000e+000,0,,0,
1524204526.332,,0.000000e+000,5.299978e+001,-6.858550e-005,0.000000e+000,3,9.722916e-001,0.000000e+000,,,,,,,,,,,,,,32,1,4.000000e+000,6.160736e-003,0.000000e+000,0,,0,
1524204539.072,,0.000000e+000,5.299486e+001,-6.873121e-005,0.000000e+000,3,9.728978e-001,0.000000e+000,,,,,,,,,,,,,,32,1,4.000000e+000,1.239777e-003,0.000000e+000,0,,0,
1524204551.322,,0.000000e+000,5.299731e+001,-6.867491e-005,0.000000e+000,3,9.722007e-001,0.000000e+000,,,,,,,,,,,,,,32,1,4.000000e+000,1.228333e-003,0.000000e+000,0,,0,
1524204564.332,,0.000000e+000,5.300470e+001,-6.871698e-005,0.000000e+000,3,9.728446e-001,0.000000e+000,,,,,,,,,,,,,,32,1,4.000000e+000,1.354980e-002,0.000000e+000,0,,0,
1524204576.842,,0.000000e+000,5.299978e+001,-6.882416e-005,0.000000e+000,3,9.732851e-001,0.000000e+000,,,,,,,,,,,,,,32,1,4.000000e+000,3.700256e-003,0.000000e+000,0,,0,
1524204589.122,,0.000000e+000,5.300471e+001,-6.882267e-005,0.000000e+000,3,9.722703e-001,0.000000e+000,,,,,,,,,,,,,,32,1,4.000000e+000,8.621216e-003,0.000000e+000,0,,0,
1524204601.852,,0.000000e+000,5.299363e+001,-6.890106e-005,0.000000e+000,3,9.734197e-001,0.000000e+000,,,,,,,,,,,,,,32,1,4.000000e+000,1.107025e-002,0.000000e+000,0,,0,
1524204614.742,,0.000000e+000,5.299670e+001,-6.889295e-005,0.000000e+000,3,9.725606e-001,0.000000e+000,,,,,,,,,,,,,,32,1,4.000000e+000,4.920959e-003,0.000000e+000,0,,0,
1524204627.542,,0.000000e+000,5.299916e+001,-6.899821e-005,0.000000e+000,3,9.729053e-001,0.000000e+000,,,,,,,,,,,,,,32,1,4.000000e+000,9.841919e-003,0.000000e+000,0,,0,
1524204640.072,,0.000000e+000,5.300101e+001,-6.902726e-005,0.000000e+000,3,9.721697e-001,0.000000e+000,,,,,,,,,,,,,,32,1,4.000000e+000,6.153107e-003,0.000000e+000,0,,0,
1524204652.322,,0.000000e+000,5.299978e+001,-6.908360e-005,0.000000e+000,3,9.731794e-001,0.000000e+000,,,,,,,,,,,,,,32,1,4.000000e+000,3.700256e-003,0.000000e+000,0,,0,
1524204664.562,,0.000000e+000,5.299916e+001,-6.903862e-005,0.000000e+000,3,9.725500e-001,0.000000e+000,,,,,,,,,,,,,,32,1,4.000000e+000,2.471924e-003,0.000000e+000,0,,0,
1524204677.172,,0.000000e+000,5.300408e+001,-6.913024e-005,0.000000e+000,3,9.726941e-001,0.000000e+000,,,,,,,,,,,,,,32,1,4.000000e+000,0.000000e+000,0.000000e+000,0,,0,
1524204690.232,,0.000000e+000,5.299978e+001,-6.914979e-005,0.000000e+000,3,9.723282e-001,0.000000e+000,,,,,,,,,,,,,,32,1,4.000000e+000,3.700256e-003,0.000000e+000,0,,0,
1524204703.542,,0.000000e+000,5.299670e+001,-6.927066e-005,0.000000e+000,3,9.724461e-001,0.000000e+000,,,,,,,,,,,,,,32,1,4.000000e+000,2.449036e-003,0.000000e+000,0,,0,
1524204715.962,,0.000000e+000,5.299731e+001,-6.917403e-005,0.000000e+000,3,9.708123e-001,0.000000e+000,,,,,,,,,,,,,,32,1,4.000000e+000,1.228333e-003,0.000000e+000,0,,0,
1524204728.482,,0.000000e+000,5.300409e+001,-6.930758e-005,0.000000e+000,3,9.721557e-001,0.000000e+000,,,,,,,,,,,,,,32,1,4.000000e+000,1.232147e-002,0.000000e+000,0,,0,
1524204741.322,,0.000000e+000,5.300286e+001,-6.937089e-005,0.000000e+000,3,9.721145e-001,0.000000e+000,,,,,,,,,,,,,,32,1,4.000000e+000,1.477051e-002,0.000000e+000,0,,0,
1524204753.642,,0.000000e+000,5.299609e+001,-6.938865e-005,0.000000e+000,3,9.720305e-001,0.000000e+000,,,,,,,,,,,,,,32,1,4.000000e+000,1.220703e-003,0.000000e+000,0,,0,
1524204766.132,,0.000000e+000,5.299670e+001,-6.944766e-005,0.000000e+000,3,9.729028e-001,0.000000e+000,,,,,,,,,,,,,,32,1,4.000000e+000,0.000000e+000,0.000000e+000,0,,0,
1524204778.342,,0.000000e+000,5.299609e+001,-6.940030e-005,0.000000e+000,3,9.725310e-001,0.000000e+000,,,,,,,,,,,,,,32,1,4.000000e+000,1.220703e-003,0.000000e+000,0,,0,
1524204790.852,,0.000000e+000,5.300409e+001,-6.949618e-005,0.000000e+000,3,9.727064e-001,0.000000e+000,,,,,,,,,,,,,,32,1,4.000000e+000,2.460480e-003,0.000000e+000,0,,0,
1524204803.332,,0.000000e+000,5.299978e+001,-6.947971e-005,0.000000e+000,3,9.719793e-001,0.000000e+000,,,,,,,,,,,,,,32,1,4.000000e+000,1.108170e-002,0.000000e+000,0,,0,
1524204815.822,,0.000000e+000,5.299731e+001,-6.959936e-005,0.000000e+000,3,9.726565e-001,0.000000e+000,,,,,,,,,,,,,,32,1,4.000000e+000,1.228333e-003,0.000000e+000,0,,0,
1524204828.302,,0.000000e+000,5.300163e+001,-6.953971e-005,0.000000e+000,3,9.719667e-001,0.000000e+000,,,,,,,,,,,,,,32,1,4.000000e+000,7.392883e-003,0.000000e+000,0,,0,
1524204840.803,,0.000000e+000,5.299793e+001,-6.958906e-005,0.000000e+000,3,9.722401e-001,0.000000e+000,,,,,,,,,,,,,,32,1,4.000000e+000,0.000000e+000,0.000000e+000,0,,0,
1524204853.383,,0.000000e+000,5.300040e+001,-6.964722e-005,0.000000e+000,3,9.720992e-001,0.000000e+000,,,,,,,,,,,,,,32,1,4.000000e+000,1.231003e-002,0.000000e+000,0,,0,
1524204865.833,,0.000000e+000,5.299547e+001,-6.970595e-005,0.000000e+000,3,9.726368e-001,0.000000e+000,,,,,,,,,,,,,,32,1,4.000000e+000,4.917145e-003,0.000000e+000,0,,0,
1524204878.233,,0.000000e+000,5.299978e+001,-6.974170e-005,0.000000e+000,3,9.720069e-001,0.000000e+000,,,,,,,,,,,,,,32,1,4.000000e+000,1.353836e-002,0.000000e+000,0,,0,
1524204890.753,,0.000000e+000,5.298994e+001,-6.979127e-005,0.000000e+000,3,9.727579e-001,0.000000e+000,,,,,,,,,,,,,,32,1,4.000000e+000,1.108932e-002,0.000000e+000,0,,0,
1524204903.233,,0.000000e+000,5.299055e+001,-6.977336e-005,0.000000e+000,3,9.727255e-001,0.000000e+000,,,,,,,,,,,,,,32,1,4.000000e+000,1.231003e-002,0.000000e+000,0,,0,
1524204915.743,,0.000000e+000,5.299239e+001,-6.982290e-005,0.000000e+000,3,9.732728e-001,0.000000e+000,,,,,,,,,,,,,,32,1,4.000000e+000,1.232147e-003,0.000000e+000,0,,0,
1524204928.213,,0.000000e+000,5.299670e+001,-6.988527e-005,0.000000e+000,3,9.722311e-001,0.000000e+000,,,,,,,,,,,,,,32,1,4.000000e+000,9.849548e-003,0.000000e+000,0,,0,
1524204940.703,,0.000000e+000,5.299916e+001,-6.992936e-005,0.000000e+000,3,9.723969e-001,0.000000e+000,,,,,,,,,,,,,,32,1,4.000000e+000,2.471924e-003,0.000000e+000,0,,0,
1524204953.183,,0.000000e+000,5.299239e+001,-6.990335e-005,0.000000e+000,3,9.721249e-001,0.000000e+000,,,,,,,,,,,,,,32,1,4.000000e+000,3.688812e-003,0.000000e+000,0,,0,
1524204965.703,,0.000000e+000,5.300039e+001,-6.994079e-005,0.000000e+000,3,9.724348e-001,0.000000e+000,,,,,,,,,,,,,,32,1,4.000000e+000,7.381439e-003,0.000000e+000,0,,0,
1524204978.133,,0.000000e+000,5.300348e+001,-6.998734e-005,0.000000e+000,3,9.718569e-001,0.000000e+000,,,,,,,,,,,,,,32,1,4.000000e+000,1.109314e-002,0.000000e+000,0,,0,
1524204990.653,,0.000000e+000,5.299732e+001,-6.997766e-005,0.000000e+000,3,9.722394e-001,0.000000e+000,,,,,,,,,,,,,,32,1,4.000000e+000,1.600266e-002,0.000000e+000,0,,0,
1524205003.103,,0.000000e+000,5.300594e+001,-7.006719e-005,0.000000e+000,3,9.722128e-001,0.000000e+000,,,,,,,,,,,,,,32,1,4.000000e+000,1.228333e-003,0.000000e+000,0,,0,
1524205015.623,,0.000000e+000,5.299916e+001,-7.010558e-005,0.000000e+000,3,9.722133e-001,0.000000e+000,,,,,,,,,,,,,,32,1,4.000000e+000,9.841919e-003,0.000000e+000,0,,0,
1524205028.073,,0.000000e+000,5.299547e+001,-7.008242e-005,0.000000e+000,3,9.719452e-001,0.000000e+000,,,,,,,,,,,,,,32,1,4.000000e+000,1.723099e-002,0.000000e+000,0,,0,
1524205040.603,,0.000000e+000,5.299978e+001,-7.014497e-005,0.000000e+000,3,9.720671e-001,0.000000e+000,,,,,,,,,,,,,,32,1,4.000000e+000,1.239777e-003,0.000000e+000,0,,0,
1524205053.063,,0.000000e+000,5.299793e+001,-7.016315e-005,0.000000e+000,3,9.718650e-001,0.000000e+000,,,,,,,,,,,,,,32,1,4.000000e+000,0.000000e+000,0.000000e+000,0,,0,
1524205065.583,,0.000000e+000,5.299547e+001,-7.021800e-005,0.000000e+000,3,9.718632e-001,0.000000e+000,,,,,,,,,,,,,,32,1,4.000000e+000,4.917145e-003,0.000000e+000,0,,0,
1524205078.023,,0.000000e+000,5.299731e+001,-7.022142e-005,0.000000e+000,3,9.714068e-001,0.000000e+000,,,,,,,,,,,,,,32,1,4.000000e+000,1.228333e-003,0.000000e+000,0,,0,
1524205090.543,,0.000000e+000,5.300409e+001,-7.027089e-005,0.000000e+000,3,9.714540e-001,0.000000e+000,,,,,,,,,,,,,,32,1,4.000000e+000,2.460480e-003,0.000000e+000,0,,0,
1524205103.023,,0.000000e+000,5.299609e+001,-7.031109e-005,0.000000e+000,3,9.717168e-001,0.000000e+000,,,,,,,,,,,,,,32,1,4.000000e+000,6.149292e-003,0.000000e+000,0,,0,
1524205115.513,,0.000000e+000,5.299670e+001,-7.032383e-005,0.000000e+000,3,9.715182e-001,0.000000e+000,,,,,,,,,,,,,,32,1,4.000000e+000,0.000000e+000,0.000000e+000,0,,0,
1524205127.993,,0.000000e+000,5.299731e+001,-7.037385e-005,0.000000e+000,3,9.720978e-001,0.000000e+000,,,,,,,,,,,,,,32,1,4.000000e+000,1.228333e-003,0.000000e+000,0,,0,
1524205140.263,,0.000000e+000,5.299424e+001,-7.038424e-005,0.000000e+000,3,9.732003e-001,0.000000e+000,,,,,,,,,,,,,,32,1,4.000000e+000,4.920959e-003,0.000000e+000,0,,0,
1524205152.943,,0.000000e+000,5.299239e+001,-7.040938e-005,0.000000e+000,3,9.717382e-001,0.000000e+000,,,,,,,,,,,,,,32,1,4.000000e+000,1.232147e-003,0.000000e+000,0,,0,
1524205165.173,,0.000000e+000,5.299485e+001,-7.047450e-005,0.000000e+000,3,9.729150e-001,0.000000e+000,,,,,,,,,,,,,,32,1,4.000000e+000,6.149292e-003,0.000000e+000,0,,0,
1524205178.103,,0.000000e+000,5.299916e+001,-7.043792e-005,0.000000e+000,3,9.721499e-001,0.000000e+000,,,,,,,,,,,,,,32,1,4.000000e+000,2.471924e-003,0.000000e+000,0,,0,
1524205190.693,,0.000000e+000,5.300040e+001,-7.053683e-005,0.000000e+000,3,9.718432e-001,0.000000e+000,,,,,,,,,,,,,,32,1,4.000000e+000,0.000000e+000,0.000000e+000,0,,0,
1524205203.283,,0.000000e+000,5.299486e+001,-7.049762e-005,0.000000e+000,3,9.712763e-001,0.000000e+000,,,,,,,,,,,,,,32,1,4.000000e+000,1.108170e-002,0.000000e+000,0,,0,
1524205216.253,,0.000000e+000,5.300039e+001,-7.054923e-005,0.000000e+000,3,9.721463e-001,0.000000e+000,,,,,,,,,,,,,,32,1,4.000000e+000,7.381439e-003,0.000000e+000,0,,0,
1524205228.233,,0.000000e+000,5.300285e+001,-7.048422e-005,0.000000e+000,3,9.715476e-001,0.000000e+000,,,,,,,,,,,,,,32,1,4.000000e+000,2.452850e-003,0.000000e+000,0,,0,
1524205241.203,,0.000000e+000,5.299793e+001,-7.062245e-005,0.000000e+000,3,9.714661e-001,0.000000e+000,,,,,,,,,,,,,,32,1,4.000000e+000,7.389069e-003,0.000000e+000,0,,0,
1524205253.163,,0.000000e+000,5.299486e+001,-7.059189e-005,0.000000e+000,3,9.717907e-001,0.000000e+000,,,,,,,,,,,,,,32,1,4.000000e+000,1.239777e-003,0.000000e+000,0,,0,
1524205265.983,,0.000000e+000,5.299240e+001,-7.063718e-005,0.000000e+000,3,9.722855e-001,0.000000e+000,,,,,,,,,,,,,,32,1,4.000000e+000,6.160736e-003,0.000000e+000,0,,0,
1524205278.653,,0.000000e+000,5.299486e+001,-7.060619e-005,0.000000e+000,3,9.710774e-001,0.000000e+000,,,,,,,,,,,,,,32,1,4.000000e+000,1.108170e-002,0.000000e+000,0,,0,
1524205291.163,,0.000000e+000,5.300224e+001,-7.069131e-005,0.000000e+000,3,9.716850e-001,0.000000e+000,,,,,,,,,,,,,,32,1,4.000000e+000,3.681183e-003,0.000000e+000,0,,0,
1524205303.933,,0.000000e+000,5.299793e+001,-7.076823e-005,0.000000e+000,3,9.708662e-001,0.000000e+000,,,,,,,,,,,,,,32,1,4.000000e+000,1.230240e-002,0.000000e+000,0,,0,
1524205316.063,,0.000000e+000,5.299978e+001,-7.071047e-005,0.000000e+000,3,9.723868e-001,0.000000e+000,,,,,,,,,,,,,,32,1,4.000000e+000,1.239777e-003,0.000000e+000,0,,0,
1524205328.513,,0.000000e+000,5.299731e+001,-7.080047e-005,0.000000e+000,3,9.710500e-001,0.000000e+000,,,,,,,,,,,,,,32,1,4.000000e+000,1.228333e-003,0.000000e+000,0,,0,
1524205341.163,,0.000000e+000,5.299239e+001,-7.082359e-005,0.000000e+000,3,9.723926e-001,0.000000e+000,,,,,,,,,,,,,,32,1,4.000000e+000,3.688812e-003,0.000000e+000,0,,0,
1524205353.433,,0.000000e+000,5.299794e+001,-7.084369e-005,0.000000e+000,3,9.713675e-001,0.000000e+000,,,,,,,,,,,,,,32,1,4.000000e+000,4.920959e-003,0.000000e+000,0,,0,
1524205365.983,,0.000000e+000,5.299916e+001,-7.087561e-005,0.000000e+000,3,9.721443e-001,0.000000e+000,,,,,,,,,,,,,,32,1,4.000000e+000,0.000000e+000,0.000000e+000,0,,0,
1524205378.313,,0.000000e+000,5.300040e+001,-7.087705e-005,0.000000e+000,3,9.711759e-001,0.000000e+000,,,,,,,,,,,,,,32,1,4.000000e+000,2.468109e-003,0.000000e+000,0,,0,
1524205391.123,,0.000000e+000,5.299670e+001,-7.087855e-005,0.000000e+000,3,9.721728e-001,0.000000e+000,,,,,,,,,,,,,,32,1,4.000000e+000,1.476288e-002,0.000000e+000,0,,0,
1524205403.603,,0.000000e+000,5.299854e+001,-7.093964e-005,0.000000e+000,3,9.710469e-001,0.000000e+000,,,,,,,,,,,,,,32,1,4.000000e+000,1.232147e-003,0.000000e+000,0,,0,
1524205416.553,,0.000000e+000,5.299916e+001,-7.094365e-005,0.000000e+000,3,9.723644e-001,0.000000e+000,,,,,,,,,,,,,,32,1,4.000000e+000,2.471924e-003,0.000000e+000,0,,0,
1524205428.703,,0.000000e+000,5.299486e+001,-7.097125e-005,0.000000e+000,3,9.717671e-001,0.000000e+000,,,,,,,,,,,,,,32,1,4.000000e+000,3.688812e-003,0.000000e+000,0,,0,
1524205441.643,,0.000000e+000,5.299670e+001,-7.100865e-005,0.000000e+000,3,9.718810e-001,0.000000e+000,,,,,,,,,,,,,,32,1,4.000000e+000,4.920959e-003,0.000000e+000,0,,0,
1524205454.213,,0.000000e+000,5.299855e+001,-7.098490e-005,0.000000e+000,3,9.715067e-001,0.000000e+000,,,,,,,,,,,,,,32,1,4.000000e+000,6.149292e-003,0.000000e+000,0,,0,
1524205467.193,,0.000000e+000,5.299916e+001,-7.100838e-005,0.000000e+000,3,9.728517e-001,0.000000e+000,,,,,,,,,,,,,,32,1,4.000000e+000,0.000000e+000,0.000000e+000,0,,0,
1524205479.273,,0.000000e+000,5.299978e+001,-7.107703e-005,0.000000e+000,3,9.730638e-001,0.000000e+000,,,,,,,,,,,,,,32,1,4.000000e+000,1.108170e-002,0.000000e+000,0,,0,
1524205492.183,,0.000000e+000,5.299916e+001,-7.110109e-005,0.000000e+000,3,9.726443e-001,0.000000e+000,,,,,,,,,,,,,,32,1,4.000000e+000,2.471924e-003,0.000000e+000,0,,0,
1524205504.213,,0.000000e+000,5.299732e+001,-7.115948e-005,0.000000e+000,3,9.726827e-001,0.000000e+000,,,,,,,,,,,,,,32,1,4.000000e+000,3.681183e-003,0.000000e+000,0,,0,
1524205517.173,,0.000000e+000,5.299363e+001,-7.118305e-005,0.000000e+000,3,9.730590e-001,0.000000e+000,,,,,,,,,,,,,,32,1,4.000000e+000,3.700256e-003,0.000000e+000,0,,0,
1524205529.173,,0.000000e+000,5.299547e+001,-7.124859e-005,0.000000e+000,3,9.725615e-001,0.000000e+000,,,,,,,,,,,,,,32,1,4.000000e+000,4.917145e-003,0.000000e+000,0,,0,
1524205542.153,,0.000000e+000,5.300040e+001,-7.118377e-005,0.000000e+000,3,9.730394e-001,0.000000e+000,,,,,,,,,,,,,,32,1,4.000000e+000,4.932404e-003,0.000000e+000,0,,0,
1524205554.154,,0.000000e+000,5.299793e+001,-7.128325e-005,0.000000e+000,3,9.720265e-001,0.000000e+000,,,,,,,,,,,,,,32,1,4.000000e+000,2.460480e-003,0.000000e+000,0,,0,
1524205567.144,,0.000000e+000,5.299670e+001,-7.123796e-005,0.000000e+000,3,9.727800e-001,0.000000e+000,,,,,,,,,,,,,,32,1,4.000000e+000,4.920959e-003,0.000000e+000,0,,0,
1524205579.264,,0.000000e+000,5.299855e+001,-7.128075e-005,0.000000e+000,3,9.728391e-001,0.000000e+000,,,,,,,,,,,,,,32,1,4.000000e+000,6.149292e-003,0.000000e+000,0,,0,
1524205592.114,,0.000000e+000,5.299731e+001,-7.130870e-005,0.000000e+000,3,9.726046e-001,0.000000e+000,,,,,,,,,,,,,,32,1,4.000000e+000,1.228333e-003,0.000000e+000,0,,0,
1524205604.164,,0.000000e+000,5.299854e+001,-7.136544e-005,0.000000e+000,3,9.728783e-001,0.000000e+000,,,,,,,,,,,,,,32,1,4.000000e+000,1.232147e-003,0.000000e+000,0,,0,
1524205617.104,,0.000000e+000,5.299670e+001,-7.131245e-005,0.000000e+000,3,9.724916e-001,0.000000e+000,,,,,,,,,,,,,,32,1,4.000000e+000,0.000000e+000,0.000000e+000,0,,0,
1524205629.134,,0.000000e+000,5.299547e+001,-7.139928e-005,0.000000e+000,3,9.723613e-001,0.000000e+000,,,,,,,,,,,,,,32,1,4.000000e+000,2.460480e-003,0.000000e+000,0,,0,
1524205642.084,,0.000000e+000,5.300162e+001,-7.139972e-005,0.000000e+000,3,9.726273e-001,0.000000e+000,,,,,,,,,,,,,,32,1,4.000000e+000,4.920959e-003,0.000000e+000,0,,0,
1524205654.104,,0.000000e+000,5.299916e+001,-7.145879e-005,0.000000e+000,3,9.721871e-001,0.000000e+000,,,,,,,,,,,,,,32,1,4.000000e+000,0.000000e+000,0.000000e+000,0,,0,
1524205667.074,,0.000000e+000,5.299670e+001,-7.143994e-005,0.000000e+000,3,9.722824e-001,0.000000e+000,,,,,,,,,,,,,,32,1,4.000000e+000,2.449036e-003,0.000000e+000,0,,0,
1524205679.154,,0.000000e+000,5.299916e+001,-7.149816e-005,0.000000e+000,3,9.730752e-001,0.000000e+000,,,,,,,,,,,,,,32,1,4.000000e+000,0.000000e+000,0.000000e+000,0,,0,
1524205692.054,,0.000000e+000,5.299978e+001,-7.150989e-005,0.000000e+000,3,9.724385e-001,0.000000e+000,,,,,,,,,,,,,,32,1,4.000000e+000,3.700256e-003,0.000000e+000,0,,0,
1524205704.124,,0.000000e+000,5.299486e+001,-7.159894e-005,0.000000e+000,3,9.725406e-001,0.000000e+000,,,,,,,,,,,,,,32,1,4.000000e+000,1.239777e-003,0.000000e+000,0,,0,
1524205717.034,,0.000000e+000,5.299486e+001,-7.153447e-005,0.000000e+000,3,9.725570e-001,0.000000e+000,,,,,,,,,,,,,,32,1,4.000000e+000,8.609772e-003,0.000000e+000,0,,0,
1524205729.094,,0.000000e+000,5.300040e+001,-7.156008e-005,0.000000e+000,3,9.724787e-001,0.000000e+000,,,,,,,,,,,,,,32,1,4.000000e+000,2.468109e-003,0.000000e+000,0,,0,
1524205742.014,,0.000000e+000,5.300162e+001,-7.158738e-005,0.000000e+000,3,9.728559e-001,0.000000e+000,,,,,,,,,,,,,,32,1,4.000000e+000,4.920959e-003,0.000000e+000,0,,0,
1524205754.144,,0.000000e+000,5.299854e+001,-7.164011e-005,0.000000e+000,3,9.729314e-001,0.000000e+000,,,,,,,,,,,,,,32,1,4.000000e+000,1.232147e-003,0.000000e+000,0,,0,
1524205767.214,,0.000000e+000,5.299732e+001,-7.160145e-005,0.000000e+000,3,9.727170e-001,0.000000e+000,,,,,,,,,,,,,,32,1,4.000000e+000,3.681183e-003,0.000000e+000,0,,0,
1524205779.734,,0.000000e+000,5.299916e+001,-7.169351e-005,0.000000e+000,3,9.726084e-001,0.000000e+000,,,,,,,,,,,,,,32,1,4.000000e+000,0.000000e+000,0.000000e+000,0,,0,
1524205791.974,,0.000000e+000,5.299486e+001,-7.167504e-005,0.000000e+000,3,9.721972e-001,0.000000e+000,,,,,,,,,,,,,,32,1,4.000000e+000,1.239777e-003,0.000000e+000,0,,0,
1524205804.714,,0.000000e+000,5.299916e+001,-7.179553e-005,0.000000e+000,3,9.736845e-001,0.000000e+000,,,,,,,,,,,,,,32,1,4.000000e+000,2.471924e-003,0.000000e+000,0,,0,
1524205817.084,,0.000000e+000,5.299178e+001,-7.168458e-005,0.000000e+000,3,9.719679e-001,0.000000e+000,,,,,,,,,,,,,,32,1,4.000000e+000,9.849548e-003,0.000000e+000,0,,0,
1524205829.904,,0.000000e+000,5.299117e+001,-7.175692e-005,0.000000e+000,3,9.724657e-001,0.000000e+000,,,,,,,,,,,,,,32,1,4.000000e+000,8.628845e-003,0.000000e+000,0,,0,
1524205842.094,,0.000000e+000,5.300040e+001,-7.173882e-005,0.000000e+000,3,9.716188e-001,0.000000e+000,,,,,,,,,,,,,,32,1,4.000000e+000,9.841919e-003,0.000000e+000,0,,0,
1524205854.884,,0.000000e+000,5.299793e+001,-7.176521e-005,0.000000e+000,3,9.727121e-001,0.000000e+000,,,,,,,,,,,,,,32,1,4.000000e+000,0.000000e+000,0.000000e+000,0,,0,
1524205867.574,,0.000000e+000,5.299916e+001,-7.177408e-005,0.000000e+000,3,9.720523e-001,0.000000e+000,,,,,,,,,,,,,,32,1,4.000000e+000,2.471924e-003,0.000000e+000,0,,0,
1524205880.814,,0.000000e+000,5.299855e+001,-7.185214e-005,0.000000e+000,3,9.726874e-001,0.000000e+000,,,,,,,,,,,,,,32,1,4.000000e+000,3.700256e-003,0.000000e+000,0,,0,
1524205893.334,,0.000000e+000,5.299916e+001,-7.178432e-005,0.000000e+000,3,9.713314e-001,0.000000e+000,,,,,,,,,,,,,,32,1,4.000000e+000,2.471924e-003,0.000000e+000,0,,0,
1524205906.214,,0.000000e+000,5.299547e+001,-7.185213e-005,0.000000e+000,3,9.718797e-001,0.000000e+000,,,,,,,,,,,,,,32,1,4.000000e+000,2.460480e-003,0.000000e+000,0,,0,
1524205918.824,,0.000000e+000,5.299793e+001,-7.185645e-005,0.000000e+000,3,9.711293e-001,0.000000e+000,,,,,,,,,,,,,,32,1,4.000000e+000,1.230240e-002,0.000000e+000,0,,0,
1524205931.774,,0.000000e+000,5.300224e+001,-7.185786e-005,0.000000e+000,3,9.720983e-001,0.000000e+000,,,,,,,,,,,,,,32,1,4.000000e+000,6.160736e-003,0.000000e+000,0,,0,
1524205943.914,,0.000000e+000,5.299609e+001,-7.193834e-005,0.000000e+000,3,9.711790e-001,0.000000e+000,,,,,,,,,,,,,,32,1,4.000000e+000,1.220703e-003,0.000000e+000,0,,0,
1524205956.764,,0.000000e+000,5.299731e+001,-7.191506e-005,0.000000e+000,3,9.717125e-001,0.000000e+000,,,,,,,,,,,,,,32,1,4.000000e+000,1.228333e-003,0.000000e+000,0,,0,
1524205968.974,,0.000000e+000,5.299548e+001,-7.196615e-005,0.000000e+000,3,9.720246e-001,0.000000e+000,,,,,,,,,,,,,,32,1,4.000000e+000,9.849548e-003,0.000000e+000,0,,0,
1524205982.444,,0.000000e+000,5.300162e+001,-7.196718e-005,0.000000e+000,3,9.716058e-001,0.000000e+000,,,,,,,,,,,,,,32,1,4.000000e+000,4.920959e-003,0.000000e+000,0,,0,
1524205995.144,,0.000000e+000,5.300285e+001,-7.202147e-005,0.000000e+000,3,9.731670e-001,0.000000e+000,,,,,,,,,,,,,,32,1,4.000000e+000,2.452850e-003,0.000000e+000,0,,0,
1524206008.134,,0.000000e+000,5.300224e+001,-7.192333e-005,0.000000e+000,3,9.726524e-001,0.000000e+000,,,,,,,,,,,,,,32,1,4.000000e+000,8.621216e-003,0.000000e+000,0,,0,
1524206020.724,,0.000000e+000,5.299670e+001,-7.200414e-005,0.000000e+000,3,9.718766e-001,0.000000e+000,,,,,,,,,,,,,,32,1,4.000000e+000,2.449036e-003,0.000000e+000,0,,0,
1524206033.244,,0.000000e+000,5.299793e+001,-7.204677e-005,0.000000e+000,3,9.713909e-001,0.000000e+000,,,,,,,,,,,,,,32,1,4.000000e+000,0.000000e+000,0.000000e+000,0,,0,
1524206046.074,,0.000000e+000,5.299731e+001,-7.206978e-005,0.000000e+000,3,9.721192e-001,0.000000e+000,,,,,,,,,,,,,,32,1,4.000000e+000,1.228333e-003,0.000000e+000,0,,0,
1524206058.544,,0.000000e+000,5.299916e+001,-7.212400e-005,0.000000e+000,3,9.733875e-001,0.000000e+000,,,,,,,,,,,,,,32,1,4.000000e+000,4.928589e-003,0.000000e+000,0,,0,
1524206071.084,,0.000000e+000,5.299978e+001,-7.208656e-005,0.000000e+000,3,9.718468e-001,0.000000e+000,,,,,,,,,,,,,,32,1,4.000000e+000,1.239777e-003,0.000000e+000,0,,0,
1524206084.104,,0.000000e+000,5.299732e+001,-7.217548e-005,0.000000e+000,3,9.724758e-001,0.000000e+000,,,,,,,,,,,,,,32,1,4.000000e+000,3.681183e-003,0.000000e+000,0,,0,
1524206096.564,,0.000000e+000,5.299855e+001,-7.215959e-005,0.000000e+000,3,9.710011e-001,0.000000e+000,,,,,,,,,,,,,,32,1,4.000000e+000,8.621216e-003,0.000000e+000,0,,0,
1524206109.494,,0.000000e+000,5.299486e+001,-7.212687e-005,0.000000e+000,3,9.715372e-001,0.000000e+000,,,,,,,,,,,,,,32,1,4.000000e+000,1.239777e-003,0.000000e+000,0,,0,
1524206121.944,,0.000000e+000,5.299794e+001,-7.222079e-005,0.000000e+000,3,9.714144e-001,0.000000e+000,,,,,,,,,,,,,,32,1,4.000000e+000,4.920959e-003,0.000000e+000,0,,0,
1524206134.374,,0.000000e+000,5.300410e+001,-7.217463e-005,0.000000e+000,3,9.718002e-001,0.000000e+000,,,,,,,,,,,,,,32,1,4.000000e+000,7.389069e-003,0.000000e+000,0,,0,
1524206146.824,,0.000000e+000,5.299979e+001,-7.227086e-005,0.000000e+000,3,9.725062e-001,0.000000e+000,,,,,,,,,,,,,,32,1,4.000000e+000,1.601028e-002,0.000000e+000,0,,0,
1524206159.364,,0.000000e+000,5.299609e+001,-7.221311e-005,0.000000e+000,3,9.715891e-001,0.000000e+000,,,,,,,,,,,,,,32,1,4.000000e+000,8.621216e-003,0.000000e+000,0,,0,
1524206172.064,,0.000000e+000,5.299425e+001,-7.232169e-005,0.000000e+000,3,9.721444e-001,0.000000e+000,,,,,,,,,,,,,,32,1,4.000000e+000,2.468109e-003,0.000000e+000,0,,0,
1524206185.264,,0.000000e+000,5.299486e+001,-7.223657e-005,0.000000e+000,3,9.708167e-001,0.000000e+000,,,,,,,,,,,,,,32,1,4.000000e+000,3.688812e-003,0.000000e+000,0,,0,
1524206197.694,,0.000000e+000,5.299855e+001,-7.230460e-005,0.000000e+000,3,9.713195e-001,0.000000e+000,,,,,,,,,,,,,,32,1,4.000000e+000,3.700256e-003,0.000000e+000,0,,0,
1524206210.314,,0.000000e+000,5.299978e+001,-7.227687e-005,0.000000e+000,3,9.706720e-001,0.000000e+000,,,,,,,,,,,,,,32,1,4.000000e+000,1.239777e-003,0.000000e+000,0,,0,
1524206223.274,,0.000000e+000,5.299670e+001,-7.233288e-005,0.000000e+000,3,9.718120e-001,0.000000e+000,,,,,,,,,,,,,,32,1,4.000000e+000,4.920959e-003,0.000000e+000,0,,0,
1524206235.404,,0.000000e+000,5.299731e+001,-7.229311e-005,0.000000e+000,3,9.713492e-001,0.000000e+000,,,,,,,,,,,,,,32,1,4.000000e+000,1.228333e-003,0.000000e+000,0,,0,
1524206248.244,,0.000000e+000,5.299731e+001,-7.226649e-005,0.000000e+000,3,9.713153e-001,0.000000e+000,,,,,,,,,,,,,,32,1,4.000000e+000,1.228333e-003,0.000000e+000,0,,0,
1524206260.405,,0.000000e+000,5.299916e+001,-7.236860e-005,0.000000e+000,3,9.709402e-001,0.000000e+000,,,,,,,,,,,,,,32,1,4.000000e+000,4.928589e-003,0.000000e+000,0,,0,
1524206273.235,,0.000000e+000,5.299731e+001,-7.234413e-005,0.000000e+000,3,9.719688e-001,0.000000e+000,,,,,,,,,,,,,,32,1,4.000000e+000,1.228333e-003,0.000000e+000,0,,0,
1524206285.355,,0.000000e+000,5.299916e+001,-7.243765e-005,0.000000e+000,3,9.711964e-001,0.000000e+000,,,,,,,,,,,,,,32,1,4.000000e+000,4.928589e-003,0.000000e+000,0,,0,
1524206298.215,,0.000000e+000,5.299670e+001,-7.242633e-005,0.000000e+000,3,9.714234e-001,0.000000e+000,,,,,,,,,,,,,,32,1,4.000000e+000,2.449036e-003,0.000000e+000,0,,0,
1524206310.335,,0.000000e+000,5.299547e+001,-7.243528e-005,0.000000e+000,3,9.716108e-001,0.000000e+000,,,,,,,,,,,,,,32,1,4.000000e+000,2.460480e-003,0.000000e+000,0,,0,
1524206323.205,,0.000000e+000,5.300040e+001,-7.245768e-005,0.000000e+000,3,9.715015e-001,0.000000e+000,,,,,,,,,,,,,,32,1,4.000000e+000,2.468109e-003,0.000000e+000,0,,0,
1524206335.405,,0.000000e+000,5.299978e+001,-7.241491e-005,0.000000e+000,3,9.719452e-001,0.000000e+000,,,,,,,,,,,,,,32,1,4.000000e+000,1.108170e-002,0.000000e+000,0,,0,
1524206348.185,,0.000000e+000,5.299855e+001,-7.246048e-005,0.000000e+000,3,9.717180e-001,0.000000e+000,,,,,,,,,,,,,,32,1,4.000000e+000,3.700256e-003,0.000000e+000,0,,0,
1524206360.515,,0.000000e+000,5.299731e+001,-7.252566e-005,0.000000e+000,3,9.718785e-001,0.000000e+000,,,,,,,,,,,,,,32,1,4.000000e+000,1.228333e-003,0.000000e+000,0,,0,
1524206373.305,,0.000000e+000,5.299117e+001,-7.254471e-005,0.000000e+000,3,9.721925e-001,0.000000e+000,,,,,,,,,,,,,,32,1,4.000000e+000,8.628845e-003,0.000000e+000,0,,0,
1524206385.425,,0.000000e+000,5.299424e+001,-7.250571e-005,0.000000e+000,3,9.705364e-001,0.000000e+000,,,,,,,,,,,,,,32,1,4.000000e+000,1.477814e-002,0.000000e+000,0,,0,
1524206398.125,,0.000000e+000,5.299117e+001,-7.251531e-005,0.000000e+000,3,9.713686e-001,0.000000e+000,,,,,,,,,,,,,,32,1,4.000000e+000,8.628845e-003,0.000000e+000,0,,0,
1524206410.745,,0.000000e+000,5.299978e+001,-7.256655e-005,0.000000e+000,3,9.710507e-001,0.000000e+000,,,,,,,,,,,,,,32,1,4.000000e+000,8.602142e-003,0.000000e+000,0,,0,
1524206423.785,,0.000000e+000,5.300532e+001,-7.251665e-005,0.000000e+000,3,9.722018e-001,0.000000e+000,,,,,,,,,,,,,,32,1,4.000000e+000,0.000000e+000,0.000000e+000,0,,0,
1524206435.855,,0.000000e+000,5.300039e+001,-7.259876e-005,0.000000e+000,3,9.727252e-001,0.000000e+000,,,,,,,,,,,,,,32,1,4.000000e+000,7.381439e-003,0.000000e+000,0,,0,
1524206448.665,,0.000000e+000,5.299793e+001,-7.257338e-005,0.000000e+000,3,9.710271e-001,0.000000e+000,,,,,,,,,,,,,,32,1,4.000000e+000,0.000000e+000,0.000000e+000,0,,0,
1524206460.985,,0.000000e+000,5.299855e+001,-7.256816e-005,0.000000e+000,3,9.717081e-001,0.000000e+000,,,,,,,,,,,,,,32,1,4.000000e+000,8.621216e-003,0.000000e+000,0,,0,
1524206473.655,,0.000000e+000,5.299239e+001,-7.261757e-005,0.000000e+000,3,9.714119e-001,0.000000e+000,,,,,,,,,,,,,,32,1,4.000000e+000,1.107788e-002,0.000000e+000,0,,0,
1524206485.825,,0.000000e+000,5.299855e+001,-7.262859e-005,0.000000e+000,3,9.715008e-001,0.000000e+000,,,,,,,,,,,,,,32,1,4.000000e+000,3.700256e-003,0.000000e+000,0,,0,
1524206498.635,,0.000000e+000,5.300101e+001,-7.271072e-005,0.000000e+000,3,9.712277e-001,0.000000e+000,,,,,,,,,,,,,,32,1,4.000000e+000,1.228333e-003,0.000000e+000,0,,0,
1524206510.975,,0.000000e+000,5.299916e+001,-7.274427e-005,0.000000e+000,3,9.719388e-001,0.000000e+000,,,,,,,,,,,,,,32,1,4.000000e+000,2.471924e-003,0.000000e+000,0,,0,
1524206523.705,,0.000000e+000,5.299239e+001,-7.271010e-005,0.000000e+000,3,9.718575e-001,0.000000e+000,,,,,,,,,,,,,,32,1,4.000000e+000,1.107788e-002,0.000000e+000,0,,0,
1524206536.215,,0.000000e+000,5.299854e+001,-7.268157e-005,0.000000e+000,3,9.711376e-001,0.000000e+000,,,,,,,,,,,,,,32,1,4.000000e+000,1.232147e-003,0.000000e+000,0,,0,
1524206549.255,,0.000000e+000,5.299916e+001,-7.269899e-005,0.000000e+000,3,9.722480e-001,0.000000e+000,,,,,,,,,,,,,,32,1,4.000000e+000,1.477051e-002,0.000000e+000,0,,0,
1524206562.005,,0.000000e+000,5.300040e+001,-7.275752e-005,0.000000e+000,3,9.723792e-001,0.000000e+000,,,,,,,,,,,,,,32,1,4.000000e+000,2.468109e-003,0.000000e+000,0,,0,
1524206574.275,,0.000000e+000,5.299731e+001,-7.279176e-005,0.000000e+000,3,9.718969e-001,0.000000e+000,,,,,,,,,,,,,,32,1,4.000000e+000,1.228333e-003,0.000000e+000,0,,0,
1524206586.455,,0.000000e+000,5.300040e+001,-7.277689e-005,0.000000e+000,3,9.718346e-001,0.000000e+000,,,,,,,,,,,,,,32,1,4.000000e+000,2.468109e-003,0.000000e+000,0,,0,
1524206599.125,,0.000000e+000,5.299363e+001,-7.277314e-005,0.000000e+000,3,9.713162e-001,0.000000e+000,,,,,,,,,,,,,,32,1,4.000000e+000,1.354980e-002,0.000000e+000,0,,0,
1524206611.475,,0.000000e+000,5.299916e+001,-7.279594e-005,0.000000e+000,3,9.716269e-001,0.000000e+000,,,,,,,,,,,,,,32,1,4.000000e+000,2.471924e-003,0.000000e+000,0,,0,
1524206623.985,,0.000000e+000,5.299854e+001,-7.280266e-005,0.000000e+000,3,9.714841e-001,0.000000e+000,,,,,,,,,,,,,,32,1,4.000000e+000,1.232147e-003,0.000000e+000,0,,0,
1524206637.115,,0.000000e+000,5.299609e+001,-7.294373e-005,0.000000e+000,3,9.716750e-001,0.000000e+000,,,,,,,,,,,,,,32,1,4.000000e+000,6.149292e-003,0.000000e+000,0,,0,
1524206649.315,,0.000000e+000,5.299670e+001,-7.283704e-005,0.000000e+000,3,9.710550e-001,0.000000e+000,,,,,,,,,,,,,,32,1,4.000000e+000,7.389069e-003,0.000000e+000,0,,0,
1524206662.085,,0.000000e+000,5.300101e+001,-7.293368e-005,0.000000e+000,3,9.716318e-001,0.000000e+000,,,,,,,,,,,,,,32,1,4.000000e+000,1.228333e-003,0.000000e+000,0,,0,
1524206674.145,,0.000000e+000,5.299916e+001,-7.283140e-005,0.000000e+000,3,9.704995e-001,0.000000e+000,,,,,,,,,,,,,,32,1,4.000000e+000,4.928589e-003,0.000000e+000,0,,0,
1524206687.205,,0.000000e+000,5.299670e+001,-7.297348e-005,0.000000e+000,3,9.721701e-001,0.000000e+000,,,,,,,,,,,,,,32,1,4.000000e+000,0.000000e+000,0.000000e+000,0,,0,
1524206699.395,,0.000000e+000,5.299732e+001,-7.292187e-005,0.000000e+000,3,9.710844e-001,0.000000e+000,,,,,,,,,,,,,,32,1,4.000000e+000,1.108170e-002,0.000000e+000,0,,0,
1524206712.395,,0.000000e+000,5.300040e+001,-7.299576e-005,0.000000e+000,3,9.725225e-001,0.000000e+000,,,,,,,,,,,,,,32,1,4.000000e+000,4.932404e-003,0.000000e+000,0,,0,
1524206724.685,,0.000000e+000,5.299916e+001,-7.293442e-005,0.000000e+000,3,9.713888e-001,0.000000e+000,,,,,,,,,,,,,,32,1,4.000000e+000,4.928589e-003,0.000000e+000,0,,0,
1524206737.295,,0.000000e+000,5.299978e+001,-7.296566e-005,0.000000e+000,3,9.715360e-001,0.000000e+000,,,,,,,,,,,,,,32,1,4.000000e+000,6.160736e-003,0.000000e+000,0,,0,
1524206749.905,,0.000000e+000,5.299547e+001,-7.300113e-005,0.000000e+000,3,9.706280e-001,0.000000e+000,,,,,,,,,,,,,,32,1,4.000000e+000,4.917145e-003,0.000000e+000,0,,0,
1524206762.865,,0.000000e+000,5.299793e+001,-7.302119e-005,0.000000e+000,3,9.711119e-001,0.000000e+000,,,,,,,,,,,,,,32,1,4.000000e+000,0.000000e+000,0.000000e+000,0,,0,
1524206775.035,,0.000000e+000,5.299793e+001,-7.304960e-005,0.000000e+000,3,9.708869e-001,0.000000e+000,,,,,,,,,,,,,,32,1,4.000000e+000,0.000000e+000,0.000000e+000,0,,0,
1524206787.805,,0.000000e+000,5.299794e+001,-7.301484e-005,0.000000e+000,3,9.718324e-001,0.000000e+000,,,,,,,,,,,,,,32,1,4.000000e+000,9.849548e-003,0.000000e+000,0,,0,
1524206800.085,,0.000000e+000,5.299854e+001,-7.300620e-005,0.000000e+000,3,9.707708e-001,0.000000e+000,,,,,,,,,,,,,,32,1,4.000000e+000,1.232147e-003,0.000000e+000,0,,0,
1524206812.915,,0.000000e+000,5.300101e+001,-7.303647e-005,0.000000e+000,3,9.716487e-001,0.000000e+000,,,,,,,,,,,,,,32,1,4.000000e+000,1.228333e-003,0.000000e+000,0,,0,
1524206825.055,,0.000000e+000,5.300101e+001,-7.307556e-005,0.000000e+000,3,9.709504e-001,0.000000e+000,,,,,,,,,,,,,,32,1,4.000000e+000,6.153107e-003,0.000000e+000,0,,0,
1524206837.775,,0.000000e+000,5.300224e+001,-7.309786e-005,0.000000e+000,3,9.712641e-001,0.000000e+000,,,,,,,,,,,,,,32,1,4.000000e+000,6.160736e-003,0.000000e+000,0,,0,
1524206850.085,,0.000000e+000,5.299732e+001,-7.309018e-005,0.000000e+000,3,9.706713e-001,0.000000e+000,,,,,,,,,,,,,,32,1,4.000000e+000,3.681183e-003,0.000000e+000,0,,0,
1524206862.735,,0.000000e+000,5.299732e+001,-7.309621e-005,0.000000e+000,3,9.716047e-001,0.000000e+000,,,,,,,,,,,,,,32,1,4.000000e+000,3.681183e-003,0.000000e+000,0,,0,
1524206875.025,,0.000000e+000,5.299609e+001,-7.308104e-005,0.000000e+000,3,9.708071e-001,0.000000e+000,,,,,,,,,,,,,,32,1,4.000000e+000,6.149292e-003,0.000000e+000,0,,0,
1524206887.715,,0.000000e+000,5.299978e+001,-7.316883e-005,0.000000e+000,3,9.718643e-001,0.000000e+000,,,,,,,,,,,,,,32,1,4.000000e+000,1.353836e-002,0.000000e+000,0,,0,
1524206899.975,,0.000000e+000,5.299301e+001,-7.316184e-005,0.000000e+000,3,9.706892e-001,0.000000e+000,,,,,,,,,,,,,,32,1,4.000000e+000,9.838104e-003,0.000000e+000,0,,0,
1524206912.825,,0.000000e+000,5.299547e+001,-7.320328e-005,0.000000e+000,3,9.718102e-001,0.000000e+000,,,,,,,,,,,,,,32,1,4.000000e+000,7.381439e-003,0.000000e+000,0,,0,
1524206924.945,,0.000000e+000,5.299978e+001,-7.315200e-005,0.000000e+000,3,9.711525e-001,0.000000e+000,,,,,,,,,,,,,,32,1,4.000000e+000,3.700256e-003,0.000000e+000,0,,0,
1524206937.665,,0.000000e+000,5.300533e+001,-7.318224e-005,0.000000e+000,3,9.715156e-001,0.000000e+000,,,,,,,,,,,,,,32,1,4.000000e+000,9.849548e-003,0.000000e+000,0,,0,
1524206949.945,,0.000000e+000,5.299916e+001,-7.319977e-005,0.000000e+000,3,9.710676e-001,0.000000e+000,,,,,,,,,,,,,,32,1,4.000000e+000,4.928589e-003,0.000000e+000,0,,0,
1524206962.645,,0.000000e+000,5.299547e+001,-7.322552e-005,0.000000e+000,3,9.718791e-001,0.000000e+000,,,,,,,,,,,,,,32,1,4.000000e+000,2.460480e-003,0.000000e+000,0,,0,
1524206975.266,,0.000000e+000,5.299978e+001,-7.327048e-005,0.000000e+000,3,9.712119e-001,0.000000e+000,,,,,,,,,,,,,,32,1,4.000000e+000,1.239777e-003,0.000000e+000,0,,0,
1524206988.326,,0.000000e+000,5.299609e+001,-7.323093e-005,0.000000e+000,3,9.727772e-001,0.000000e+000,,,,,,,,,,,,,,32,1,4.000000e+000,1.220703e-003,0.000000e+000,0,,0,
1524207000.376,,0.000000e+000,5.299855e+001,-7.329985e-005,0.000000e+000,3,9.722403e-001,0.000000e+000,,,,,,,,,,,,,,32,1,4.000000e+000,3.700256e-003,0.000000e+000,0,,0,
1524207013.296,,0.000000e+000,5.300163e+001,-7.329835e-005,0.000000e+000,3,9.726305e-001,0.000000e+000,,,,,,,,,,,,,,32,1,4.000000e+000,7.392883e-003,0.000000e+000,0,,0,
1524207025.316,,0.000000e+000,5.299978e+001,-7.330651e-005,0.000000e+000,3,9.726297e-001,0.000000e+000,,,,,,,,,,,,,,32,1,4.000000e+000,1.239777e-003,0.000000e+000,0,,0,
1524207038.276,,0.000000e+000,5.299609e+001,-7.333545e-005,0.000000e+000,3,9.725653e-001,0.000000e+000,,,,,,,,,,,,,,32,1,4.000000e+000,3.688812e-003,0.000000e+000,0,,0,
1524207050.346,,0.000000e+000,5.299731e+001,-7.332021e-005,0.000000e+000,3,9.723969e-001,0.000000e+000,,,,,,,,,,,,,,32,1,4.000000e+000,1.228333e-003,0.000000e+000,0,,0,
1524207063.476,,0.000000e+000,5.299793e+001,-7.329183e-005,0.000000e+000,3,9.724417e-001,0.000000e+000,,,,,,,,,,,,,,32,1,4.000000e+000,7.389069e-003,0.000000e+000,0,,0,
1524207075.966,,0.000000e+000,5.299916e+001,-7.337887e-005,0.000000e+000,3,9.731315e-001,0.000000e+000,,,,,,,,,,,,,,32,1,4.000000e+000,4.928589e-003,0.000000e+000,0,,0,
1524207088.346,,0.000000e+000,5.299670e+001,-7.339141e-005,0.000000e+000,3,9.723353e-001,0.000000e+000,,,,,,,,,,,,,,32,1,4.000000e+000,0.000000e+000,0.000000e+000,0,,0,
1524207101.176,,0.000000e+000,5.299547e+001,-7.339506e-005,0.000000e+000,3,9.723759e-001,0.000000e+000,,,,,,,,,,,,,,32,1,4.000000e+000,2.460480e-003,0.000000e+000,0,,0,
1524207113.586,,0.000000e+000,5.299609e+001,-7.345404e-005,0.000000e+000,3,9.720321e-001,0.000000e+000,,,,,,,,,,,,,,32,1,4.000000e+000,3.688812e-003,0.000000e+000,0,,0,
1524207126.156,,0.000000e+000,5.300162e+001,-7.340752e-005,0.000000e+000,3,9.726212e-001,0.000000e+000,,,,,,,,,,,,,,32,1,4.000000e+000,4.920959e-003,0.000000e+000,0,,0,
1524207138.836,,0.000000e+000,5.299978e+001,-7.345201e-005,0.000000e+000,3,9.718559e-001,0.000000e+000,,,,,,,,,,,,,,32,1,4.000000e+000,8.602142e-003,0.000000e+000,0,,0,
1524207151.446,,0.000000e+000,5.299609e+001,-7.354420e-005,0.000000e+000,3,9.722640e-001,0.000000e+000,,,,,,,,,,,,,,32,1,4.000000e+000,1.220703e-003,0.000000e+000,0,,0,
1524207163.696,,0.000000e+000,5.299978e+001,-7.342637e-005,0.000000e+000,3,9.717174e-001,0.000000e+000,,,,,,,,,,,,,,32,1,4.000000e+000,6.160736e-003,0.000000e+000,0,,0,
1524207176.146,,0.000000e+000,5.300224e+001,-7.354816e-005,0.000000e+000,3,9.727800e-001,0.000000e+000,,,,,,,,,,,,,,32,1,4.000000e+000,1.232147e-003,0.000000e+000,0,,0,
1524207188.386,,0.000000e+000,5.299917e+001,-7.350776e-005,0.000000e+000,3,9.719799e-001,0.000000e+000,,,,,,,,,,,,,,32,1,4.000000e+000,1.231003e-002,0.000000e+000,0,,0,
1524207201.316,,0.000000e+000,5.300163e+001,-7.352411e-005,0.000000e+000,3,9.726510e-001,0.000000e+000,,,,,,,,,,,,,,32,1,4.000000e+000,7.392883e-003,0.000000e+000,0,,0,
1524207213.916,,0.000000e+000,5.299547e+001,-7.350339e-005,0.000000e+000,3,9.716920e-001,0.000000e+000,,,,,,,,,,,,,,32,1,4.000000e+000,4.917145e-003,0.000000e+000,0,,0,
1524207226.916,,0.000000e+000,5.299794e+001,-7.359088e-005,0.000000e+000,3,9.728358e-001,0.000000e+000,,,,,,,,,,,,,,32,1,4.000000e+000,9.849548e-003,0.000000e+000,0,,0,
1524207238.916,,0.000000e+000,5.300286e+001,-7.348901e-005,0.000000e+000,3,9.715591e-001,0.000000e+000,,,,,,,,,,,,,,32,1,4.000000e+000,0.000000e+000,0.000000e+000,0,,0,
1524207251.346,,0.000000e+000,5.300533e+001,-7.356258e-005,0.000000e+000,3,9.724126e-001,0.000000e+000,,,,,,,,,,,,,,32,1,4.000000e+000,4.928589e-003,0.000000e+000,0,,0,
1524207263.926,,0.000000e+000,5.300162e+001,-7.351466e-005,0.000000e+000,3,9.717567e-001,0.000000e+000,,,,,,,,,,,,,,32,1,4.000000e+000,4.920959e-003,0.000000e+000,0,,0,
1524207276.866,,0.000000e+000,5.299793e+001,-7.362098e-005,0.000000e+000,3,9.721806e-001,0.000000e+000,,,,,,,,,,,,,,32,1,4.000000e+000,1.230240e-002,0.000000e+000,0,,0,
1524207288.836,,0.000000e+000,5.299793e+001,-7.352630e-005,0.000000e+000,3,9.717117e-001,0.000000e+000,,,,,,,,,,,,,,32,1,4.000000e+000,1.230240e-002,0.000000e+000,0,,0,
1524207301.656,,0.000000e+000,5.299486e+001,-7.358758e-005,0.000000e+000,3,9.726016e-001,0.000000e+000,,,,,,,,,,,,,,32,1,4.000000e+000,8.609772e-003,0.000000e+000,0,,0,
1524207314.176,,0.000000e+000,5.299486e+001,-7.360469e-005,0.000000e+000,3,9.722256e-001,0.000000e+000,,,,,,,,,,,,,,32,1,4.000000e+000,8.609772e-003,0.000000e+000,0,,0,
1524207327.176,,0.000000e+000,5.299793e+001,-7.366577e-005,0.000000e+000,3,9.727943e-001,0.000000e+000,,,,,,,,,,,,,,32,1,4.000000e+000,2.460480e-003,0.000000e+000,0,,0,
1524207339.466,,0.000000e+000,5.299793e+001,-7.356660e-005,0.000000e+000,3,9.712173e-001,0.000000e+000,,,,,,,,,,,,,,32,1,4.000000e+000,2.460480e-003,0.000000e+000,0,,0,
1524207352.336,,0.000000e+000,5.299854e+001,-7.361182e-005,0.000000e+000,3,9.722233e-001,0.000000e+000,,,,,,,,,,,,,,32,1,4.000000e+000,1.232147e-003,0.000000e+000,0,,0,
1524207364.906,,0.000000e+000,5.299670e+001,-7.357003e-005,0.000000e+000,3,9.709950e-001,0.000000e+000,,,,,,,,,,,,,,32,1,4.000000e+000,7.389069e-003,0.000000e+000,0,,0,
1524207377.906,,0.000000e+000,5.299731e+001,-7.367963e-005,0.000000e+000,3,9.717731e-001,0.000000e+000,,,,,,,,,,,,,,32,1,4.000000e+000,1.228333e-003,0.000000e+000,0,,0,
1524207390.206,,0.000000e+000,5.300101e+001,-7.373429e-005,0.000000e+000,3,9.714139e-001,0.000000e+000,,,,,,,,,,,,,,32,1,4.000000e+000,1.228333e-003,0.000000e+000,0,,0,
1524207402.906,,0.000000e+000,5.299485e+001,-7.370684e-005,0.000000e+000,3,9.717413e-001,0.000000e+000,,,,,,,,,,,,,,32,1,4.000000e+000,6.149292e-003,0.000000e+000,0,,0,
1524207415.366,,0.000000e+000,5.300409e+001,-7.367633e-005,0.000000e+000,3,9.711375e-001,0.000000e+000,,,,,,,,,,,,,,32,1,4.000000e+000,4.920959e-003,0.000000e+000,0,,0,
1524207428.316,,0.000000e+000,5.299425e+001,-7.371317e-005,0.000000e+000,3,9.712204e-001,0.000000e+000,,,,,,,,,,,,,,32,1,4.000000e+000,2.468109e-003,0.000000e+000,0,,0,
1524207440.456,,0.000000e+000,5.299609e+001,-7.371121e-005,0.000000e+000,3,9.709901e-001,0.000000e+000,,,,,,,,,,,,,,32,1,4.000000e+000,6.149292e-003,0.000000e+000,0,,0,
1524207453.296,,0.000000e+000,5.299732e+001,-7.374377e-005,0.000000e+000,3,9.716412e-001,0.000000e+000,,,,,,,,,,,,,,32,1,4.000000e+000,3.681183e-003,0.000000e+000,0,,0,
1524207465.556,,0.000000e+000,5.300101e+001,-7.371668e-005,0.000000e+000,3,9.716264e-001,0.000000e+000,,,,,,,,,,,,,,32,1,4.000000e+000,1.228333e-003,0.000000e+000,0,,0,
1524207478.406,,0.000000e+000,5.299239e+001,-7.377862e-005,0.000000e+000,3,9.723558e-001,0.000000e+000,,,,,,,,,,,,,,32,1,4.000000e+000,1.232147e-003,0.000000e+000,0,,0,
1524207490.556,,0.000000e+000,5.299978e+001,-7.379305e-005,0.000000e+000,3,9.714226e-001,0.000000e+000,,,,,,,,,,,,,,32,1,4.000000e+000,8.602142e-003,0.000000e+000,0,,0,
1524207503.026,,0.000000e+000,5.299794e+001,-7.380243e-005,0.000000e+000,3,9.714164e-001,0.000000e+000,,,,,,,,,,,,,,32,1,4.000000e+000,4.920959e-003,0.000000e+000,0,,0,
1524207515.356,,0.000000e+000,5.299916e+001,-7.383369e-005,0.000000e+000,3,9.713975e-001,0.000000e+000,,,,,,,,,,,,,,32,1,4.000000e+000,4.928589e-003,0.000000e+000,0,,0,
1524207528.216,,0.000000e+000,5.299363e+001,-7.381115e-005,0.000000e+000,3,9.716876e-001,0.000000e+000,,,,,,,,,,,,,,32,1,4.000000e+000,6.149292e-003,0.000000e+000,0,,0,
1524207540.556,,0.000000e+000,5.299793e+001,-7.384944e-005,0.000000e+000,3,9.722015e-001,0.000000e+000,,,,,,,,,,,,,,32,1,4.000000e+000,0.000000e+000,0.000000e+000,0,,0,
1524207553.206,,0.000000e+000,5.299978e+001,-7.385228e-005,0.000000e+000,3,9.727278e-001,0.000000e+000,,,,,,,,,,,,,,32,1,4.000000e+000,3.700256e-003,0.000000e+000,0,,0,
1524207565.746,,0.000000e+000,5.300101e+001,-7.383112e-005,0.000000e+000,3,9.714850e-001,0.000000e+000,,,,,,,,,,,,,,32,1,4.000000e+000,1.228333e-003,0.000000e+000,0,,0,
1524207579.016,,0.000000e+000,5.299609e+001,-7.385819e-005,0.000000e+000,3,9.720537e-001,0.000000e+000,,,,,,,,,,,,,,32,1,4.000000e+000,3.688812e-003,0.000000e+000,0,,0,
1524207592.256,,0.000000e+000,5.299732e+001,-7.395553e-005,0.000000e+000,3,9.722892e-001,0.000000e+000,,,,,,,,,,,,,,32,1,4.000000e+000,3.681183e-003,0.000000e+000,0,,0,
1524207605.116,,0.000000e+000,5.300101e+001,-7.386983e-005,0.000000e+000,3,9.712040e-001,0.000000e+000,,,,,,,,,,,,,,32,1,4.000000e+000,3.700256e-003,0.000000e+000,0,,0,
1524207618.176,,0.000000e+000,5.300348e+001,-7.386690e-005,0.000000e+000,3,9.719424e-001,0.000000e+000,,,,,,,,,,,,,,32,1,4.000000e+000,6.149292e-003,0.000000e+000,0,,0,
1524207630.706,,0.000000e+000,5.299548e+001,-7.394686e-005,0.000000e+000,3,9.708971e-001,0.000000e+000,,,,,,,,,,,,,,32,1,4.000000e+000,9.849548e-003,0.000000e+000,0,,0,
1524207643.776,,0.000000e+000,5.299670e+001,-7.393650e-005,0.000000e+000,3,9.726859e-001,0.000000e+000,,,,,,,,,,,,,,32,1,4.000000e+000,4.920959e-003,0.000000e+000,0,,0,
1524207655.886,,0.000000e+000,5.299854e+001,-7.390515e-005,0.000000e+000,3,9.725391e-001,0.000000e+000,,,,,,,,,,,,,,32,1,4.000000e+000,1.232147e-003,0.000000e+000,0,,0,
1524207668.756,,0.000000e+000,5.299978e+001,-7.391880e-005,0.000000e+000,3,9.727130e-001,0.000000e+000,,,,,,,,,,,,,,32,1,4.000000e+000,6.160736e-003,0.000000e+000,0,,0,
1524207680.826,,0.000000e+000,5.299732e+001,-7.394682e-005,0.000000e+000,3,9.726774e-001,0.000000e+000,,,,,,,,,,,,,,32,1,4.000000e+000,3.681183e-003,0.000000e+000,0,,0,
1524207693.727,,0.000000e+000,5.300040e+001,-7.399420e-005,0.000000e+000,3,9.728601e-001,0.000000e+000,,,,,,,,,,,,,,32,1,4.000000e+000,2.468109e-003,0.000000e+000,0,,0,
1524207706.437,,0.000000e+000,5.299794e+001,-7.402812e-005,0.000000e+000,3,9.725733e-001,0.000000e+000,,,,,,,,,,,,,,32,1,4.000000e+000,4.920959e-003,0.000000e+000,0,,0,
1524207718.707,,0.000000e+000,5.299793e+001,-7.400150e-005,0.000000e+000,3,9.720634e-001,0.000000e+000,,,,,,,,,,,,,,32,1,4.000000e+000,0.000000e+000,0.000000e+000,0,,0,
1524207730.857,,0.000000e+000,5.299978e+001,-7.400133e-005,0.000000e+000,3,9.716129e-001,0.000000e+000,,,,,,,,,,,,,,32,1,4.000000e+000,1.239777e-003,0.000000e+000,0,,0,
1524207743.557,,0.000000e+000,5.299670e+001,-7.402066e-005,0.000000e+000,3,9.716563e-001,0.000000e+000,,,,,,,,,,,,,,32,1,4.000000e+000,7.389069e-003,0.000000e+000,0,,0,
1524207755.767,,0.000000e+000,5.299793e+001,-7.400323e-005,0.000000e+000,3,9.713626e-001,0.000000e+000,,,,,,,,,,,,,,32,1,4.000000e+000,2.460480e-003,0.000000e+000,0,,0,
1524207768.487,,0.000000e+000,5.300286e+001,-7.409547e-005,0.000000e+000,3,9.715593e-001,0.000000e+000,,,,,,,,,,,,,,32,1,4.000000e+000,0.000000e+000,0.000000e+000,0,,0,
1524207780.797,,0.000000e+000,5.299302e+001,-7.407147e-005,0.000000e+000,3,9.705790e-001,0.000000e+000,,,,,,,,,,,,,,32,1,4.000000e+000,4.928589e-003,0.000000e+000,0,,0,
1524207793.627,,0.000000e+000,5.299548e+001,-7.412246e-005,0.000000e+000,3,9.715637e-001,0.000000e+000,,,,,,,,,,,,,,32,1,4.000000e+000,9.849548e-003,0.000000e+000,0,,0,
1524207805.767,,0.000000e+000,5.299547e+001,-7.406032e-005,0.000000e+000,3,9.711668e-001,0.000000e+000,,,,,,,,,,,,,,32,1,4.000000e+000,2.460480e-003,0.000000e+000,0,,0,
1524207818.457,,0.000000e+000,5.299670e+001,-7.403342e-005,0.000000e+000,3,9.717504e-001,0.000000e+000,,,,,,,,,,,,,,32,1,4.000000e+000,0.000000e+000,0.000000e+000,0,,0,
1524207831.077,,0.000000e+000,5.299731e+001,-7.407220e-005,0.000000e+000,3,9.712309e-001,0.000000e+000,,,,,,,,,,,,,,32,1,4.000000e+000,1.228333e-003,0.000000e+000,0,,0,
1524207844.027,,0.000000e+000,5.300101e+001,-7.410167e-005,0.000000e+000,3,9.713792e-001,0.000000e+000,,,,,,,,,,,,,,32,1,4.000000e+000,3.700256e-003,0.000000e+000,0,,0,
1524207856.167,,0.000000e+000,5.300163e+001,-7.409430e-005,0.000000e+000,3,9.712031e-001,0.000000e+000,,,,,,,,,,,,,,32,1,4.000000e+000,7.392883e-003,0.000000e+000,0,,0,
1524207869.007,,0.000000e+000,5.300163e+001,-7.413004e-005,0.000000e+000,3,9.718207e-001,0.000000e+000,,,,,,,,,,,,,,32,1,4.000000e+000,9.849548e-003,0.000000e+000,0,,0,
1524207881.147,,0.000000e+000,5.299732e+001,-7.415771e-005,0.000000e+000,3,9.717926e-001,0.000000e+000,,,,,,,,,,,,,,32,1,4.000000e+000,3.681183e-003,0.000000e+000,0,,0,
1524207893.987,,0.000000e+000,5.299916e+001,-7.415514e-005,0.000000e+000,3,9.717107e-001,0.000000e+000,,,,,,,,,,,,,,32,1,4.000000e+000,2.471924e-003,0.000000e+000,0,,0,
1524207906.127,,0.000000e+000,5.299855e+001,-7.416305e-005,0.000000e+000,3,9.713145e-001,0.000000e+000,,,,,,,,,,,,,,32,1,4.000000e+000,3.700256e-003,0.000000e+000,0,,0,
1524207918.957,,0.000000e+000,5.299978e+001,-7.415457e-005,0.000000e+000,3,9.719809e-001,0.000000e+000,,,,,,,,,,,,,,32,1,4.000000e+000,1.239777e-003,0.000000e+000,0,,0,
1524207931.037,,0.000000e+000,5.300040e+001,-7.420880e-005,0.000000e+000,3,9.712529e-001,0.000000e+000,,,,,,,,,,,,,,32,1,4.000000e+000,4.932404e-003,0.000000e+000,0,,0,
1524207943.937,,0.000000e+000,5.300224e+001,-7.418593e-005,0.000000e+000,3,9.714253e-001,0.000000e+000,,,,,,,,,,,,,,32,1,4.000000e+000,1.232147e-003,0.000000e+000,0,,0,
1524207956.077,,0.000000e+000,5.299854e+001,-7.419721e-005,0.000000e+000,3,9.713765e-001,0.000000e+000,,,,,,,,,,,,,,32,1,4.000000e+000,1.232147e-003,0.000000e+000,0,,0,
1524207968.907,,0.000000e+000,5.299301e+001,-7.423349e-005,0.000000e+000,3,9.712728e-001,0.000000e+000,,,,,,,,,,,,,,32,1,4.000000e+000,7.381439e-003,0.000000e+000,0,,0,
1524207981.047,,0.000000e+000,5.299547e+001,-7.421934e-005,0.000000e+000,3,9.714114e-001,0.000000e+000,,,,,,,,,,,,,,32,1,4.000000e+000,4.917145e-003,0.000000e+000,0,,0,
1524207993.887,,0.000000e+000,5.299731e+001,-7.422845e-005,0.000000e+000,3,9.716791e-001,0.000000e+000,,,,,,,,,,,,,,32,1,4.000000e+000,1.228333e-003,0.000000e+000,0,,0,
1524208006.027,,0.000000e+000,5.300040e+001,-7.427080e-005,0.000000e+000,3,9.715921e-001,0.000000e+000,,,,,,,,,,,,,,32,1,4.000000e+000,9.841919e-003,0.000000e+000,0,,0,
1524208018.867,,0.000000e+000,5.300409e+001,-7.423660e-005,0.000000e+000,3,9.717955e-001,0.000000e+000,,,,,,,,,,,,,,32,1,4.000000e+000,9.860992e-003,0.000000e+000,0,,0,
1524208030.977,,0.000000e+000,5.299978e+001,-7.425313e-005,0.000000e+000,3,9.715155e-001,0.000000e+000,,,,,,,,,,,,,,32,1,4.000000e+000,1.239777e-003,0.000000e+000,0,,0,
1524208043.837,,0.000000e+000,5.299916e+001,-7.425423e-005,0.000000e+000,3,9.717977e-001,0.000000e+000,,,,,,,,,,,,,,32,1,4.000000e+000,2.471924e-003,0.000000e+000,0,,0,
1524208056.007,,0.000000e+000,5.299670e+001,-7.429058e-005,0.000000e+000,3,9.716065e-001,0.000000e+000,,,,,,,,,,,,,,32,1,4.000000e+000,2.449036e-003,0.000000e+000,0,,0,
1524208068.217,,0.000000e+000,5.299916e+001,-7.429624e-005,0.000000e+000,3,9.712653e-001,0.000000e+000,,,,,,,,,,,,,,32,1,4.000000e+000,0.000000e+000,0.000000e+000,0,,0,
1524208080.837,,0.000000e+000,5.299732e+001,-7.431008e-005,0.000000e+000,3,9.709895e-001,0.000000e+000,,,,,,,,,,,,,,32,1,4.000000e+000,3.681183e-003,0.000000e+000,0,,0,
1524208093.777,,0.000000e+000,5.299793e+001,-7.431009e-005,0.000000e+000,3,9.716792e-001,0.000000e+000,,,,,,,,,,,,,,32,1,4.000000e+000,0.000000e+000,0.000000e+000,0,,0,
1524208105.987,,0.000000e+000,5.300101e+001,-7.431008e-005,0.000000e+000,3,9.714389e-001,0.000000e+000,,,,,,,,,,,,,,32,1,4.000000e+000,8.621216e-003,0.000000e+000,0,,0,
1524208118.747,,0.000000e+000,5.299855e+001,-7.433150e-005,0.000000e+000,3,9.715496e-001,0.000000e+000,,,,,,,,,,,,,,32,1,4.000000e+000,8.621216e-003,0.000000e+000,0,,0,
1524208131.067,,0.000000e+000,5.299855e+001,-7.436937e-005,0.000000e+000,3,9.717736e-001,0.000000e+000,,,,,,,,,,,,,,32,1,4.000000e+000,3.700256e-003,0.000000e+000,0,,0,
1524208143.737,,0.000000e+000,5.300163e+001,-7.434608e-005,0.000000e+000,3,9.715847e-001,0.000000e+000,,,,,,,,,,,,,,32,1,4.000000e+000,2.460480e-003,0.000000e+000,0,,0,
1524208156.097,,0.000000e+000,5.299855e+001,-7.439713e-005,0.000000e+000,3,9.710646e-001,0.000000e+000,,,,,,,,,,,,,,32,1,4.000000e+000,3.700256e-003,0.000000e+000,0,,0,
1524208168.697,,0.000000e+000,5.299855e+001,-7.440503e-005,0.000000e+000,3,9.712099e-001,0.000000e+000,,,,,,,,,,,,,,32,1,4.000000e+000,3.700256e-003,0.000000e+000,0,,0,
1524208181.637,,0.000000e+000,5.300101e+001,-7.444205e-005,0.000000e+000,3,9.729446e-001,0.000000e+000,,,,,,,,,,,,,,32,1,4.000000e+000,1.228333e-003,0.000000e+000,0,,0,
1524208193.787,,0.000000e+000,5.299793e+001,-7.440450e-005,0.000000e+000,3,9.708248e-001,0.000000e+000,,,,,,,,,,,,,,32,1,4.000000e+000,7.389069e-003,0.000000e+000,0,,0,
1524208206.667,,0.000000e+000,5.299855e+001,-7.445057e-005,0.000000e+000,3,9.720317e-001,0.000000e+000,,,,,,,,,,,,,,32,1,4.000000e+000,8.621216e-003,0.000000e+000,0,,0,
1524208219.247,,0.000000e+000,5.300040e+001,-7.441494e-005,0.000000e+000,3,9.708717e-001,0.000000e+000,,,,,,,,,,,,,,32,1,4.000000e+000,0.000000e+000,0.000000e+000,0,,0,
1524208231.947,,0.000000e+000,5.300286e+001,-7.446263e-005,0.000000e+000,3,9.716716e-001,0.000000e+000,,,,,,,,,,,,,,32,1,4.000000e+000,1.723862e-002,0.000000e+000,0,,0,
1524208244.557,,0.000000e+000,5.299363e+001,-7.445188e-005,0.000000e+000,3,9.705558e-001,0.000000e+000,,,,,,,,,,,,,,32,1,4.000000e+000,3.700256e-003,0.000000e+000,0,,0,
1524208257.507,,0.000000e+000,5.300224e+001,-7.444489e-005,0.000000e+000,3,9.716737e-001,0.000000e+000,,,,,,,,,,,,,,32,1,4.000000e+000,3.681183e-003,0.000000e+000,0,,0,
1524208269.647,,0.000000e+000,5.299793e+001,-7.449065e-005,0.000000e+000,3,9.710980e-001,0.000000e+000,,,,,,,,,,,,,,32,1,4.000000e+000,2.460480e-003,0.000000e+000,0,,0,
1524208282.487,,0.000000e+000,5.299793e+001,-7.446014e-005,0.000000e+000,3,9.721756e-001,0.000000e+000,,,,,,,,,,,,,,32,1,4.000000e+000,0.000000e+000,0.000000e+000,0,,0,
1524208294.687,,0.000000e+000,5.299670e+001,-7.453964e-005,0.000000e+000,3,9.716678e-001,0.000000e+000,,,,,,,,,,,,,,32,1,4.000000e+000,4.920959e-003,0.000000e+000,0,,0,
1524208308.147,,0.000000e+000,5.299794e+001,-7.447527e-005,0.000000e+000,3,9.713630e-001,0.000000e+000,,,,,,,,,,,,,,32,1,4.000000e+000,9.849548e-003,0.000000e+000,0,,0,
1524208320.647,,0.000000e+000,5.300285e+001,-7.458458e-005,0.000000e+000,3,9.734703e-001,0.000000e+000,,,,,,,,,,,,,,32,1,4.000000e+000,7.389069e-003,0.000000e+000,0,,0,
1524208332.897,,0.000000e+000,5.299670e+001,-7.451876e-005,0.000000e+000,3,9.715124e-001,0.000000e+000,,,,,,,,,,,,,,32,1,4.000000e+000,0.000000e+000,0.000000e+000,0,,0,
1524208345.627,,0.000000e+000,5.299854e+001,-7.462237e-005,0.000000e+000,3,9.723178e-001,0.000000e+000,,,,,,,,,,,,,,32,1,4.000000e+000,1.232147e-003,0.000000e+000,0,,0,
1524208357.987,,0.000000e+000,5.299609e+001,-7.451835e-005,0.000000e+000,3,9.715755e-001,0.000000e+000,,,,,,,,,,,,,,32,1,4.000000e+000,1.220703e-003,0.000000e+000,0,,0,
1524208370.627,,0.000000e+000,5.300040e+001,-7.456848e-005,0.000000e+000,3,9.717433e-001,0.000000e+000,,,,,,,,,,,,,,32,1,4.000000e+000,1.231003e-002,0.000000e+000,0,,0,
1524208382.997,,0.000000e+000,5.299978e+001,-7.453960e-005,0.000000e+000,3,9.706144e-001,0.000000e+000,,,,,,,,,,,,,,32,1,4.000000e+000,1.239777e-003,0.000000e+000,0,,0,
1524208395.707,,0.000000e+000,5.300224e+001,-7.462004e-005,0.000000e+000,3,9.712800e-001,0.000000e+000,,,,,,,,,,,,,,32,1,4.000000e+000,6.160736e-003,0.000000e+000,0,,0,
1524208408.308,,0.000000e+000,5.299793e+001,-7.464435e-005,0.000000e+000,3,9.707843e-001,0.000000e+000,,,,,,,,,,,,,,32,1,4.000000e+000,2.460480e-003,0.000000e+000,0,,0,
1524208421.328,,0.000000e+000,5.299793e+001,-7.463353e-005,0.000000e+000,3,9.720343e-001,0.000000e+000,,,,,,,,,,,,,,32,1,4.000000e+000,0.000000e+000,0.000000e+000,0,,0,
1524208433.928,,0.000000e+000,5.300347e+001,-7.465539e-005,0.000000e+000,3,9.725780e-001,0.000000e+000,,,,,,,,,,,,,,32,1,4.000000e+000,1.220703e-003,0.000000e+000,0,,0,
1524208446.298,,0.000000e+000,5.299978e+001,-7.459286e-005,0.000000e+000,3,9.726216e-001,0.000000e+000,,,,,,,,,,,,,,32,1,4.000000e+000,1.239777e-003,0.000000e+000,0,,0,
1524208458.908,,0.000000e+000,5.299301e+001,-7.467544e-005,0.000000e+000,3,9.723094e-001,0.000000e+000,,,,,,,,,,,,,,32,1,4.000000e+000,0.000000e+000,0.000000e+000,0,,0,
1524208471.288,,0.000000e+000,5.299731e+001,-7.459937e-005,0.000000e+000,3,9.725516e-001,0.000000e+000,,,,,,,,,,,,,,32,1,4.000000e+000,1.228333e-003,0.000000e+000,0,,0,
1524208483.478,,0.000000e+000,5.299609e+001,-7.464426e-005,0.000000e+000,3,9.715677e-001,0.000000e+000,,,,,,,,,,,,,,32,1,4.000000e+000,6.149292e-003,0.000000e+000,0,,0,
1524208496.188,,0.000000e+000,5.299670e+001,-7.466568e-005,0.000000e+000,3,9.715413e-001,0.000000e+000,,,,,,,,,,,,,,32,1,4.000000e+000,4.920959e-003,0.000000e+000,0,,0,
1524208508.268,,0.000000e+000,5.299670e+001,-7.472788e-005,0.000000e+000,3,9.707964e-001,0.000000e+000,,,,,,,,,,,,,,32,1,4.000000e+000,2.449036e-003,0.000000e+000,0,,0,
1524208521.178,,0.000000e+000,5.299670e+001,-7.470351e-005,0.000000e+000,3,9.717118e-001,0.000000e+000,,,,,,,,,,,,,,32,1,4.000000e+000,0.000000e+000,0.000000e+000,0,,0,
1524208533.358,,0.000000e+000,5.299916e+001,-7.471796e-005,0.000000e+000,3,9.715823e-001,0.000000e+000,,,,,,,,,,,,,,32,1,4.000000e+000,2.471924e-003,0.000000e+000,0,,0,
1524208546.118,,0.000000e+000,5.299855e+001,-7.472961e-005,0.000000e+000,3,9.714013e-001,0.000000e+000,,,,,,,,,,,,,,32,1,4.000000e+000,3.700256e-003,0.000000e+000,0,,0,
1524208558.728,,0.000000e+000,5.299916e+001,-7.469924e-005,0.000000e+000,3,9.720977e-001,0.000000e+000,,,,,,,,,,,,,,32,1,4.000000e+000,9.841919e-003,0.000000e+000,0,,0,
1524208571.108,,0.000000e+000,5.299670e+001,-7.466395e-005,0.000000e+000,3,9.715087e-001,0.000000e+000,,,,,,,,,,,,,,32,1,4.000000e+000,2.449036e-003,0.000000e+000,0,,0,
1524208583.628,,0.000000e+000,5.299916e+001,-7.479887e-005,0.000000e+000,3,9.733475e-001,0.000000e+000,,,,,,,,,,,,,,32,1,4.000000e+000,2.471924e-003,0.000000e+000,0,,0,
1524208596.328,,0.000000e+000,5.299794e+001,-7.474738e-005,0.000000e+000,3,9.718756e-001,0.000000e+000,,,,,,,,,,,,,,32,1,4.000000e+000,4.920959e-003,0.000000e+000,0,,0,
1524208608.948,,0.000000e+000,5.299794e+001,-7.482072e-005,0.000000e+000,3,9.727163e-001,0.000000e+000,,,,,,,,,,,,,,32,1,4.000000e+000,4.920959e-003,0.000000e+000,0,,0,
1524208621.618,,0.000000e+000,5.299855e+001,-7.473588e-005,0.000000e+000,3,9.714071e-001,0.000000e+000,,,,,,,,,,,,,,32,1,4.000000e+000,8.621216e-003,0.000000e+000,0,,0,
1524208634.288,,0.000000e+000,5.299609e+001,-7.480214e-005,0.000000e+000,3,9.721102e-001,0.000000e+000,,,,,,,,,,,,,,32,1,4.000000e+000,3.688812e-003,0.000000e+000,0,,0,
1524208646.828,,0.000000e+000,5.299916e+001,-7.476041e-005,0.000000e+000,3,9.712533e-001,0.000000e+000,,,,,,,,,,,,,,32,1,4.000000e+000,2.471924e-003,0.000000e+000,0,,0,
1524208659.408,,0.000000e+000,5.299794e+001,-7.477578e-005,0.000000e+000,3,9.718232e-001,0.000000e+000,,,,,,,,,,,,,,32,1,4.000000e+000,4.920959e-003,0.000000e+000,0,,0,
1524208671.978,,0.000000e+000,5.299732e+001,-7.476209e-005,0.000000e+000,3,9.714785e-001,0.000000e+000,,,,,,,,,,,,,,32,1,4.000000e+000,8.617401e-003,0.000000e+000,0,,0,
1524208685.058,,0.000000e+000,5.299916e+001,-7.473141e-005,0.000000e+000,3,9.723120e-001,0.000000e+000,,,,,,,,,,,,,,32,1,4.000000e+000,0.000000e+000,0.000000e+000,0,,0,
1524208697.098,,0.000000e+000,5.299732e+001,-7.480435e-005,0.000000e+000,3,9.726136e-001,0.000000e+000,,,,,,,,,,,,,,32,1,4.000000e+000,3.681183e-003,0.000000e+000,0,,0,
1524208709.908,,0.000000e+000,5.299731e+001,-7.483746e-005,0.000000e+000,3,9.720371e-001,0.000000e+000,,,,,,,,,,,,,,32,1,4.000000e+000,1.228333e-003,0.000000e+000,0,,0,
