[Header]
TITLE,MPMS DC Measurement
BYAPP,MPMS Measurement,2.1,Summary
FILEOPENTIME, 1524127786.057000 4/19/2018, 2:49:46 AM

INFO, APPNAME, MPMS MultiVu Application, Revision 1.61,  Build 082

INFO, NAME, MFn1
INFO, WEIGHT, 1.000
INFO, AREA, 1.000
INFO, LENGTH, 1.000
INFO, SHAPE, 0
INFO, COMMENT, 
INFO, SEQUENCE FILE: VRMac_33K_6000s_VRMde_35K.seq


INFO, BACKGROUND DATA FILE:, None


STARTUPAXIS,X,4,LINEAR,AUTO,0.000000,0.000000
STARTUPAXIS,Y1,5,LINEAR,AUTO,0.000000,0.000000


STARTUPGROUP,Longitudinal
FIELDGROUP,Longitudinal,1,2,3,4,5,6,7,8,9,15,16,17,18,27,28
FIELDGROUP,Transverse,1,2,3,4,10,11,12,13,14,19,20,21,22,27,28

PLOT_APPEARANCE,ALL,HORZ_GRID_ON,VERT_GRID_ON,MARKERS_AND_LINES

[Data]
Time,Comment,Field (Oe),Temperature (K),Long Moment (emu),Long Scan Std Dev,Long Algorithm,Long Reg Fit,Long Percent Error (%),Trans Moment (emu),Trans Scan Std Dev,Trans Algorithm,Trans Reg Fit,Trans Percent Error (%),Long Moment [w/o ABS] (emu),Long Scan Std Dev [w/o ABS],Long Reg Fit [w/o ABS],Long Percent Error [w/o ABS] (%),Trans Moment [w/o ABS] (emu),Trans Scan Std Dev [w/o ABS],Trans Reg Fit [w/o ABS],Trans Percent Error [w/o ABS] (%),Points per Scan,Scans per Measurement,Scan Length (cm),Delta Temp (K),Rot Position (deg),Error,EC Comp. Running,Using ABS,
1524127786.054,,0.000000e+000,3.299750e+001,-1.689339e-004,0.000000e+000,3,9.921554e-001,0.000000e+000,,,,,,,,,,,,,,32,1,4.000000e+000,2.758026e-003,0.000000e+000,0,,0,
1524127798.304,,0.000000e+000,3.299957e+001,-1.705030e-004,0.000000e+000,3,9.923404e-001,0.000000e+000,,,,,,,,,,,,,,32,1,4.000000e+000,1.380920e-003,0.000000e+000,0,,0,
1524127811.392,,0.000000e+000,3.300060e+001,-1.718253e-004,0.000000e+000,3,9.924691e-001,0.000000e+000,,,,,,,,,,,,,,32,1,4.000000e+000,6.904602e-004,0.000000e+000,0,,0,
1524127823.990,,0.000000e+000,3.300060e+001,-1.728032e-004,0.000000e+000,3,9.925687e-001,0.000000e+000,,,,,,,,,,,,,,32,1,4.000000e+000,6.904602e-004,0.000000e+000,0,,0,
1524127836.317,,0.000000e+000,3.300095e+001,-1.735836e-004,0.000000e+000,3,9.926379e-001,0.000000e+000,,,,,,,,,,,,,,32,1,4.000000e+000,0.000000e+000,0.000000e+000,0,,0,
1524127849.705,,0.000000e+000,3.299957e+001,-1.741988e-004,0.000000e+000,3,9.922016e-001,0.000000e+000,,,,,,,,,,,,,,32,1,4.000000e+000,0.000000e+000,0.000000e+000,0,,0,
1524127862.290,,0.000000e+000,3.299957e+001,-1.748186e-004,0.000000e+000,3,9.924994e-001,0.000000e+000,,,,,,,,,,,,,,32,1,4.000000e+000,0.000000e+000,0.000000e+000,0,,0,
1524127874.610,,0.000000e+000,3.300027e+001,-1.753083e-004,0.000000e+000,3,9.925215e-001,0.000000e+000,,,,,,,,,,,,,,32,1,4.000000e+000,2.773285e-003,0.000000e+000,0,,0,
1524127888.018,,0.000000e+000,3.299923e+001,-1.758209e-004,0.000000e+000,3,9.925185e-001,0.000000e+000,,,,,,,,,,,,,,32,1,4.000000e+000,2.067566e-003,0.000000e+000,0,,0,
1524127900.596,,0.000000e+000,3.299785e+001,-1.763208e-004,0.000000e+000,3,9.925808e-001,0.000000e+000,,,,,,,,,,,,,,32,1,4.000000e+000,6.904602e-004,0.000000e+000,0,,0,
1524127913.263,,0.000000e+000,3.299819e+001,-1.766887e-004,0.000000e+000,3,9.925371e-001,0.000000e+000,,,,,,,,,,,,,,32,1,4.000000e+000,0.000000e+000,0.000000e+000,0,,0,
1524127925.561,,0.000000e+000,3.299854e+001,-1.770892e-004,0.000000e+000,3,9.928492e-001,0.000000e+000,,,,,,,,,,,,,,32,1,4.000000e+000,6.866455e-004,0.000000e+000,0,,0,
1524127938.009,,0.000000e+000,3.299854e+001,-1.772300e-004,0.000000e+000,3,9.924455e-001,0.000000e+000,,,,,,,,,,,,,,32,1,4.000000e+000,2.067566e-003,0.000000e+000,0,,0,
1524127950.476,,0.000000e+000,3.299750e+001,-1.776842e-004,0.000000e+000,3,9.924988e-001,0.000000e+000,,,,,,,,,,,,,,32,1,4.000000e+000,1.392365e-003,0.000000e+000,0,,0,
1524127963.339,,0.000000e+000,3.299785e+001,-1.779093e-004,0.000000e+000,3,9.927980e-001,0.000000e+000,,,,,,,,,,,,,,32,1,4.000000e+000,6.904602e-004,0.000000e+000,0,,0,
1524127976.662,,0.000000e+000,3.299888e+001,-1.781952e-004,0.000000e+000,3,9.926919e-001,0.000000e+000,,,,,,,,,,,,,,32,1,4.000000e+000,1.377106e-003,0.000000e+000,0,,0,
1524127989.430,,0.000000e+000,3.299750e+001,-1.785062e-004,0.000000e+000,3,9.927600e-001,0.000000e+000,,,,,,,,,,,,,,32,1,4.000000e+000,1.392365e-003,0.000000e+000,0,,0,
1524128002.317,,0.000000e+000,3.299785e+001,-1.787694e-004,0.000000e+000,3,9.928481e-001,0.000000e+000,,,,,,,,,,,,,,32,1,4.000000e+000,6.904602e-004,0.000000e+000,0,,0,
1524128014.605,,0.000000e+000,3.299819e+001,-1.790116e-004,0.000000e+000,3,9.926431e-001,0.000000e+000,,,,,,,,,,,,,,32,1,4.000000e+000,1.377106e-003,0.000000e+000,0,,0,
1524128027.330,,0.000000e+000,3.299715e+001,-1.791804e-004,0.000000e+000,3,9.927735e-001,0.000000e+000,,,,,,,,,,,,,,32,1,4.000000e+000,2.071381e-003,0.000000e+000,0,,0,
1524128040.275,,0.000000e+000,3.299750e+001,-1.794230e-004,0.000000e+000,3,9.926264e-001,0.000000e+000,,,,,,,,,,,,,,32,1,4.000000e+000,1.392365e-003,0.000000e+000,0,,0,
1524128052.818,,0.000000e+000,3.299819e+001,-1.796401e-004,0.000000e+000,3,9.924743e-001,0.000000e+000,,,,,,,,,,,,,,32,1,4.000000e+000,6.919861e-003,0.000000e+000,0,,0,
1524128065.511,,0.000000e+000,3.299750e+001,-1.797686e-004,0.000000e+000,3,9.926810e-001,0.000000e+000,,,,,,,,,,,,,,32,1,4.000000e+000,2.758026e-003,0.000000e+000,0,,0,
1524128078.476,,0.000000e+000,3.299750e+001,-1.800144e-004,0.000000e+000,3,9.927576e-001,0.000000e+000,,,,,,,,,,,,,,32,1,4.000000e+000,1.392365e-003,0.000000e+000,0,,0,
1524128091.431,,0.000000e+000,3.299854e+001,-1.801790e-004,0.000000e+000,3,9.928396e-001,0.000000e+000,,,,,,,,,,,,,,32,1,4.000000e+000,6.866455e-004,0.000000e+000,0,,0,
1524128104.374,,0.000000e+000,3.299785e+001,-1.803936e-004,0.000000e+000,3,9.929436e-001,0.000000e+000,,,,,,,,,,,,,,32,1,4.000000e+000,6.904602e-004,0.000000e+000,0,,0,
1524128117.126,,0.000000e+000,3.299785e+001,-1.805705e-004,0.000000e+000,3,9.927588e-001,0.000000e+000,,,,,,,,,,,,,,32,1,4.000000e+000,6.904602e-004,0.000000e+000,0,,0,
1524128129.877,,0.000000e+000,3.299715e+001,-1.807625e-004,0.000000e+000,3,9.930903e-001,0.000000e+000,,,,,,,,,,,,,,32,1,4.000000e+000,2.071381e-003,0.000000e+000,0,,0,
1524128142.702,,0.000000e+000,3.299819e+001,-1.809609e-004,0.000000e+000,3,9.927689e-001,0.000000e+000,,,,,,,,,,,,,,32,1,4.000000e+000,1.377106e-003,0.000000e+000,0,,0,
1524128155.455,,0.000000e+000,3.299785e+001,-1.810747e-004,0.000000e+000,3,9.925009e-001,0.000000e+000,,,,,,,,,,,,,,32,1,4.000000e+000,6.904602e-004,0.000000e+000,0,,0,
1524128168.647,,0.000000e+000,3.299854e+001,-1.811853e-004,0.000000e+000,3,9.925449e-001,0.000000e+000,,,,,,,,,,,,,,32,1,4.000000e+000,2.067566e-003,0.000000e+000,0,,0,
1524128180.927,,0.000000e+000,3.299750e+001,-1.814113e-004,0.000000e+000,3,9.927638e-001,0.000000e+000,,,,,,,,,,,,,,32,1,4.000000e+000,1.392365e-003,0.000000e+000,0,,0,
1524128193.800,,0.000000e+000,3.299750e+001,-1.815368e-004,0.000000e+000,3,9.927534e-001,0.000000e+000,,,,,,,,,,,,,,32,1,4.000000e+000,2.758026e-003,0.000000e+000,0,,0,
1524128206.230,,0.000000e+000,3.299957e+001,-1.816640e-004,0.000000e+000,3,9.926957e-001,0.000000e+000,,,,,,,,,,,,,,32,1,4.000000e+000,1.380920e-003,0.000000e+000,0,,0,
1524128219.123,,0.000000e+000,3.299888e+001,-1.818379e-004,0.000000e+000,3,9.927071e-001,0.000000e+000,,,,,,,,,,,,,,32,1,4.000000e+000,2.758026e-003,0.000000e+000,0,,0,
1524128231.923,,0.000000e+000,3.299785e+001,-1.819164e-004,0.000000e+000,3,9.929646e-001,0.000000e+000,,,,,,,,,,,,,,32,1,4.000000e+000,6.904602e-004,0.000000e+000,0,,0,
1524128244.771,,0.000000e+000,3.299854e+001,-1.820153e-004,0.000000e+000,3,9.928451e-001,0.000000e+000,,,,,,,,,,,,,,32,1,4.000000e+000,6.866455e-004,0.000000e+000,0,,0,
1524128257.536,,0.000000e+000,3.299715e+001,-1.822065e-004,0.000000e+000,3,9.925979e-001,0.000000e+000,,,,,,,,,,,,,,32,1,4.000000e+000,2.071381e-003,0.000000e+000,0,,0,
1524128270.626,,0.000000e+000,3.299750e+001,-1.823134e-004,0.000000e+000,3,9.927180e-001,0.000000e+000,,,,,,,,,,,,,,32,1,4.000000e+000,1.392365e-003,0.000000e+000,0,,0,
1524128282.889,,0.000000e+000,3.299784e+001,-1.824054e-004,0.000000e+000,3,9.926699e-001,0.000000e+000,,,,,,,,,,,,,,32,1,4.000000e+000,3.448486e-003,0.000000e+000,0,,0,
1524128295.779,,0.000000e+000,3.299854e+001,-1.825328e-004,0.000000e+000,3,9.927078e-001,0.000000e+000,,,,,,,,,,,,,,32,1,4.000000e+000,2.067566e-003,0.000000e+000,0,,0,
1524128308.382,,0.000000e+000,3.299785e+001,-1.826433e-004,0.000000e+000,3,9.929076e-001,0.000000e+000,,,,,,,,,,,,,,32,1,4.000000e+000,6.904602e-004,0.000000e+000,0,,0,
1524128320.842,,0.000000e+000,3.299854e+001,-1.827737e-004,0.000000e+000,3,9.929678e-001,0.000000e+000,,,,,,,,,,,,,,32,1,4.000000e+000,6.866455e-004,0.000000e+000,0,,0,
1524128333.272,,0.000000e+000,3.299854e+001,-1.828906e-004,0.000000e+000,3,9.928378e-001,0.000000e+000,,,,,,,,,,,,,,32,1,4.000000e+000,6.866455e-004,0.000000e+000,0,,0,
1524128345.650,,0.000000e+000,3.299819e+001,-1.829649e-004,0.000000e+000,3,9.927244e-001,0.000000e+000,,,,,,,,,,,,,,32,1,4.000000e+000,0.000000e+000,0.000000e+000,0,,0,
1524128357.943,,0.000000e+000,3.299785e+001,-1.830892e-004,0.000000e+000,3,9.926509e-001,0.000000e+000,,,,,,,,,,,,,,32,1,4.000000e+000,6.904602e-004,0.000000e+000,0,,0,
1524128370.648,,0.000000e+000,3.299784e+001,-1.831476e-004,0.000000e+000,3,9.929110e-001,0.000000e+000,,,,,,,,,,,,,,32,1,4.000000e+000,2.079010e-003,0.000000e+000,0,,0,
1524128383.390,,0.000000e+000,3.299854e+001,-1.832905e-004,0.000000e+000,3,9.929259e-001,0.000000e+000,,,,,,,,,,,,,,32,1,4.000000e+000,6.866455e-004,0.000000e+000,0,,0,
1524128395.338,,0.000000e+000,3.299888e+001,-1.833670e-004,0.000000e+000,3,9.926250e-001,0.000000e+000,,,,,,,,,,,,,,32,1,4.000000e+000,1.377106e-003,0.000000e+000,0,,0,
1524128407.576,,0.000000e+000,3.299785e+001,-1.834543e-004,0.000000e+000,3,9.927363e-001,0.000000e+000,,,,,,,,,,,,,,32,1,4.000000e+000,6.904602e-004,0.000000e+000,0,,0,
1524128420.311,,0.000000e+000,3.299819e+001,-1.834963e-004,0.000000e+000,3,9.929966e-001,0.000000e+000,,,,,,,,,,,,,,32,1,4.000000e+000,0.000000e+000,0.000000e+000,0,,0,
1524128433.271,,0.000000e+000,3.299888e+001,-1.836277e-004,0.000000e+000,3,9.930208e-001,0.000000e+000,,,,,,,,,,,,,,32,1,4.000000e+000,0.000000e+000,0.000000e+000,0,,0,
1524128446.216,,0.000000e+000,3.300095e+001,-1.836909e-004,0.000000e+000,3,9.929586e-001,0.000000e+000,,,,,,,,,,,,,,32,1,4.000000e+000,4.150391e-003,0.000000e+000,0,,0,
1524128458.961,,0.000000e+000,3.299819e+001,-1.838738e-004,0.000000e+000,3,9.928958e-001,0.000000e+000,,,,,,,,,,,,,,32,1,4.000000e+000,1.377106e-003,0.000000e+000,0,,0,
1524128470.902,,0.000000e+000,3.299819e+001,-1.839759e-004,0.000000e+000,3,9.926153e-001,0.000000e+000,,,,,,,,,,,,,,32,1,4.000000e+000,1.377106e-003,0.000000e+000,0,,0,
1524128483.172,,0.000000e+000,3.299784e+001,-1.840413e-004,0.000000e+000,3,9.927740e-001,0.000000e+000,,,,,,,,,,,,,,32,1,4.000000e+000,2.079010e-003,0.000000e+000,0,,0,
1524128495.882,,0.000000e+000,3.299784e+001,-1.840775e-004,0.000000e+000,3,9.930293e-001,0.000000e+000,,,,,,,,,,,,,,32,1,4.000000e+000,2.079010e-003,0.000000e+000,0,,0,
1524128508.840,,0.000000e+000,3.299577e+001,-1.841974e-004,0.000000e+000,3,9.930649e-001,0.000000e+000,,,,,,,,,,,,,,32,1,4.000000e+000,6.217957e-003,0.000000e+000,0,,0,
1524128521.787,,0.000000e+000,3.300027e+001,-1.842776e-004,0.000000e+000,3,9.930172e-001,0.000000e+000,,,,,,,,,,,,,,32,1,4.000000e+000,4.146576e-003,0.000000e+000,0,,0,
1524128534.735,,0.000000e+000,3.299680e+001,-1.843562e-004,0.000000e+000,3,9.931031e-001,0.000000e+000,,,,,,,,,,,,,,32,1,4.000000e+000,2.773285e-003,0.000000e+000,0,,0,
1524128547.005,,0.000000e+000,3.299888e+001,-1.844455e-004,0.000000e+000,3,9.929301e-001,0.000000e+000,,,,,,,,,,,,,,32,1,4.000000e+000,1.377106e-003,0.000000e+000,0,,0,
1524128560.178,,0.000000e+000,3.299854e+001,-1.844596e-004,0.000000e+000,3,9.929479e-001,0.000000e+000,,,,,,,,,,,,,,32,1,4.000000e+000,6.866455e-004,0.000000e+000,0,,0,
1524128573.246,,0.000000e+000,3.299854e+001,-1.845907e-004,0.000000e+000,3,9.926997e-001,0.000000e+000,,,,,,,,,,,,,,32,1,4.000000e+000,6.866455e-004,0.000000e+000,0,,0,
1524128585.513,,0.000000e+000,3.299854e+001,-1.846896e-004,0.000000e+000,3,9.930416e-001,0.000000e+000,,,,,,,,,,,,,,32,1,4.000000e+000,6.866455e-004,0.000000e+000,0,,0,
1524128597.916,,0.000000e+000,3.299577e+001,-1.847923e-004,0.000000e+000,3,9.930108e-001,0.000000e+000,,,,,,,,,,,,,,32,1,4.000000e+000,8.991241e-003,0.000000e+000,0,,0,
1524128610.646,,0.000000e+000,3.299819e+001,-1.848404e-004,0.000000e+000,3,9.926464e-001,0.000000e+000,,,,,,,,,,,,,,32,1,4.000000e+000,1.377106e-003,0.000000e+000,0,,0,
1524128623.321,,0.000000e+000,3.299681e+001,-1.848757e-004,0.000000e+000,3,9.928843e-001,0.000000e+000,,,,,,,,,,,,,,32,1,4.000000e+000,1.380920e-003,0.000000e+000,0,,0,
1524128635.429,,0.000000e+000,3.299854e+001,-1.849753e-004,0.000000e+000,3,9.927530e-001,0.000000e+000,,,,,,,,,,,,,,32,1,4.000000e+000,2.067566e-003,0.000000e+000,0,,0,
1524128648.277,,0.000000e+000,3.299819e+001,-1.850682e-004,0.000000e+000,3,9.927455e-001,0.000000e+000,,,,,,,,,,,,,,32,1,4.000000e+000,0.000000e+000,0.000000e+000,0,,0,
1524128660.514,,0.000000e+000,3.299854e+001,-1.851505e-004,0.000000e+000,3,9.927262e-001,0.000000e+000,,,,,,,,,,,,,,32,1,4.000000e+000,2.067566e-003,0.000000e+000,0,,0,
1524128672.932,,0.000000e+000,3.299854e+001,-1.851934e-004,0.000000e+000,3,9.929768e-001,0.000000e+000,,,,,,,,,,,,,,32,1,4.000000e+000,6.866455e-004,0.000000e+000,0,,0,
1524128685.647,,0.000000e+000,3.299854e+001,-1.852805e-004,0.000000e+000,3,9.928977e-001,0.000000e+000,,,,,,,,,,,,,,32,1,4.000000e+000,6.866455e-004,0.000000e+000,0,,0,
1524128698.578,,0.000000e+000,3.299819e+001,-1.852981e-004,0.000000e+000,3,9.928935e-001,0.000000e+000,,,,,,,,,,,,,,32,1,4.000000e+000,0.000000e+000,0.000000e+000,0,,0,
1524128710.543,,0.000000e+000,3.299854e+001,-1.854111e-004,0.000000e+000,3,9.927663e-001,0.000000e+000,,,,,,,,,,,,,,32,1,4.000000e+000,6.866455e-004,0.000000e+000,0,,0,
1524128722.778,,0.000000e+000,3.299819e+001,-1.854597e-004,0.000000e+000,3,9.928617e-001,0.000000e+000,,,,,,,,,,,,,,32,1,4.000000e+000,0.000000e+000,0.000000e+000,0,,0,
1524128735.748,,0.000000e+000,3.299888e+001,-1.855589e-004,0.000000e+000,3,9.928669e-001,0.000000e+000,,,,,,,,,,,,,,32,1,4.000000e+000,1.377106e-003,0.000000e+000,0,,0,
1524128748.591,,0.000000e+000,3.299922e+001,-1.856126e-004,0.000000e+000,3,9.929936e-001,0.000000e+000,,,,,,,,,,,,,,32,1,4.000000e+000,6.904602e-004,0.000000e+000,0,,0,
1524128761.298,,0.000000e+000,3.299854e+001,-1.856832e-004,0.000000e+000,3,9.926933e-001,0.000000e+000,,,,,,,,,,,,,,32,1,4.000000e+000,6.866455e-004,0.000000e+000,0,,0,
1524128774.034,,0.000000e+000,3.299888e+001,-1.856751e-004,0.000000e+000,3,9.928821e-001,0.000000e+000,,,,,,,,,,,,,,32,1,4.000000e+000,2.758026e-003,0.000000e+000,0,,0,
1524128786.569,,0.000000e+000,3.299923e+001,-1.857763e-004,0.000000e+000,3,9.930162e-001,0.000000e+000,,,,,,,,,,,,,,32,1,4.000000e+000,2.067566e-003,0.000000e+000,0,,0,
1524128799.306,,0.000000e+000,3.299854e+001,-1.858090e-004,0.000000e+000,3,9.930828e-001,0.000000e+000,,,,,,,,,,,,,,32,1,4.000000e+000,6.866455e-004,0.000000e+000,0,,0,
1524128812.364,,0.000000e+000,3.299854e+001,-1.858631e-004,0.000000e+000,3,9.927241e-001,0.000000e+000,,,,,,,,,,,,,,32,1,4.000000e+000,6.866455e-004,0.000000e+000,0,,0,
1524128825.107,,0.000000e+000,3.299715e+001,-1.859246e-004,0.000000e+000,3,9.930668e-001,0.000000e+000,,,,,,,,,,,,,,32,1,4.000000e+000,7.019043e-004,0.000000e+000,0,,0,
1524128838.057,,0.000000e+000,3.299785e+001,-1.859735e-004,0.000000e+000,3,9.929943e-001,0.000000e+000,,,,,,,,,,,,,,32,1,4.000000e+000,6.904602e-004,0.000000e+000,0,,0,
1524128850.657,,0.000000e+000,3.299854e+001,-1.860335e-004,0.000000e+000,3,9.929940e-001,0.000000e+000,,,,,,,,,,,,,,32,1,4.000000e+000,6.866455e-004,0.000000e+000,0,,0,
1524128863.627,,0.000000e+000,3.299854e+001,-1.861066e-004,0.000000e+000,3,9.927202e-001,0.000000e+000,,,,,,,,,,,,,,32,1,4.000000e+000,6.866455e-004,0.000000e+000,0,,0,
1524128876.333,,0.000000e+000,3.299854e+001,-1.861552e-004,0.000000e+000,3,9.928738e-001,0.000000e+000,,,,,,,,,,,,,,32,1,4.000000e+000,6.866455e-004,0.000000e+000,0,,0,
1524128888.918,,0.000000e+000,3.299854e+001,-1.862271e-004,0.000000e+000,3,9.929310e-001,0.000000e+000,,,,,,,,,,,,,,32,1,4.000000e+000,6.866455e-004,0.000000e+000,0,,0,
1524128901.766,,0.000000e+000,3.299888e+001,-1.862994e-004,0.000000e+000,3,9.930528e-001,0.000000e+000,,,,,,,,,,,,,,32,1,4.000000e+000,1.377106e-003,0.000000e+000,0,,0,
1524128914.351,,0.000000e+000,3.299612e+001,-1.863673e-004,0.000000e+000,3,9.929976e-001,0.000000e+000,,,,,,,,,,,,,,32,1,4.000000e+000,4.150391e-003,0.000000e+000,0,,0,
1524128927.313,,0.000000e+000,3.299784e+001,-1.864086e-004,0.000000e+000,3,9.929578e-001,0.000000e+000,,,,,,,,,,,,,,32,1,4.000000e+000,2.079010e-003,0.000000e+000,0,,0,
1524128940.086,,0.000000e+000,3.299819e+001,-1.864798e-004,0.000000e+000,3,9.930630e-001,0.000000e+000,,,,,,,,,,,,,,32,1,4.000000e+000,1.377106e-003,0.000000e+000,0,,0,
1524128952.929,,0.000000e+000,3.299750e+001,-1.865268e-004,0.000000e+000,3,9.928930e-001,0.000000e+000,,,,,,,,,,,,,,32,1,4.000000e+000,2.758026e-003,0.000000e+000,0,,0,
1524128965.679,,0.000000e+000,3.299750e+001,-1.865797e-004,0.000000e+000,3,9.926710e-001,0.000000e+000,,,,,,,,,,,,,,32,1,4.000000e+000,1.392365e-003,0.000000e+000,0,,0,
1524128978.382,,0.000000e+000,3.299785e+001,-1.866132e-004,0.000000e+000,3,9.931570e-001,0.000000e+000,,,,,,,,,,,,,,32,1,4.000000e+000,6.904602e-004,0.000000e+000,0,,0,
1524128991.122,,0.000000e+000,3.299819e+001,-1.867485e-004,0.000000e+000,3,9.931145e-001,0.000000e+000,,,,,,,,,,,,,,32,1,4.000000e+000,0.000000e+000,0.000000e+000,0,,0,
1524129004.077,,0.000000e+000,3.299819e+001,-1.867040e-004,0.000000e+000,3,9.929372e-001,0.000000e+000,,,,,,,,,,,,,,32,1,4.000000e+000,0.000000e+000,0.000000e+000,0,,0,
1524129016.012,,0.000000e+000,3.299819e+001,-1.867941e-004,0.000000e+000,3,9.927151e-001,0.000000e+000,,,,,,,,,,,,,,32,1,4.000000e+000,0.000000e+000,0.000000e+000,0,,0,
1524129028.280,,0.000000e+000,3.299854e+001,-1.868487e-004,0.000000e+000,3,9.928430e-001,0.000000e+000,,,,,,,,,,,,,,32,1,4.000000e+000,2.067566e-003,0.000000e+000,0,,0,
1524129040.990,,0.000000e+000,3.299715e+001,-1.868720e-004,0.000000e+000,3,9.930602e-001,0.000000e+000,,,,,,,,,,,,,,32,1,4.000000e+000,2.071381e-003,0.000000e+000,0,,0,
1524129053.328,,0.000000e+000,3.299819e+001,-1.869411e-004,0.000000e+000,3,9.929588e-001,0.000000e+000,,,,,,,,,,,,,,32,1,4.000000e+000,0.000000e+000,0.000000e+000,0,,0,
1524129065.643,,0.000000e+000,3.299923e+001,-1.870011e-004,0.000000e+000,3,9.927391e-001,0.000000e+000,,,,,,,,,,,,,,32,1,4.000000e+000,2.067566e-003,0.000000e+000,0,,0,
1524129077.946,,0.000000e+000,3.299819e+001,-1.870522e-004,0.000000e+000,3,9.927196e-001,0.000000e+000,,,,,,,,,,,,,,32,1,4.000000e+000,1.377106e-003,0.000000e+000,0,,0,
1524129090.853,,0.000000e+000,3.299750e+001,-1.870998e-004,0.000000e+000,3,9.927673e-001,0.000000e+000,,,,,,,,,,,,,,32,1,4.000000e+000,2.758026e-003,0.000000e+000,0,,0,
1524129103.471,,0.000000e+000,3.299819e+001,-1.871394e-004,0.000000e+000,3,9.929921e-001,0.000000e+000,,,,,,,,,,,,,,32,1,4.000000e+000,0.000000e+000,0.000000e+000,0,,0,
1524129116.011,,0.000000e+000,3.299854e+001,-1.871914e-004,0.000000e+000,3,9.929963e-001,0.000000e+000,,,,,,,,,,,,,,32,1,4.000000e+000,6.866455e-004,0.000000e+000,0,,0,
1524129128.314,,0.000000e+000,3.299854e+001,-1.872252e-004,0.000000e+000,3,9.930074e-001,0.000000e+000,,,,,,,,,,,,,,32,1,4.000000e+000,6.866455e-004,0.000000e+000,0,,0,
1524129140.651,,0.000000e+000,3.299957e+001,-1.873047e-004,0.000000e+000,3,9.928077e-001,0.000000e+000,,,,,,,,,,,,,,32,1,4.000000e+000,1.380920e-003,0.000000e+000,0,,0,
1524129152.917,,0.000000e+000,3.299750e+001,-1.873645e-004,0.000000e+000,3,9.928257e-001,0.000000e+000,,,,,,,,,,,,,,32,1,4.000000e+000,1.392365e-003,0.000000e+000,0,,0,
1524129165.667,,0.000000e+000,3.299819e+001,-1.873413e-004,0.000000e+000,3,9.929757e-001,0.000000e+000,,,,,,,,,,,,,,32,1,4.000000e+000,1.377106e-003,0.000000e+000,0,,0,
1524129178.415,,0.000000e+000,3.299646e+001,-1.874286e-004,0.000000e+000,3,9.928913e-001,0.000000e+000,,,,,,,,,,,,,,32,1,4.000000e+000,2.082825e-003,0.000000e+000,0,,0,
1524129191.355,,0.000000e+000,3.299680e+001,-1.874718e-004,0.000000e+000,3,9.929374e-001,0.000000e+000,,,,,,,,,,,,,,32,1,4.000000e+000,2.773285e-003,0.000000e+000,0,,0,
1524129203.287,,0.000000e+000,3.299854e+001,-1.875691e-004,0.000000e+000,3,9.928392e-001,0.000000e+000,,,,,,,,,,,,,,32,1,4.000000e+000,6.866455e-004,0.000000e+000,0,,0,
1524129215.588,,0.000000e+000,3.299715e+001,-1.875652e-004,0.000000e+000,3,9.928380e-001,0.000000e+000,,,,,,,,,,,,,,32,1,4.000000e+000,2.071381e-003,0.000000e+000,0,,0,
1524129228.288,,0.000000e+000,3.299957e+001,-1.875898e-004,0.000000e+000,3,9.930556e-001,0.000000e+000,,,,,,,,,,,,,,32,1,4.000000e+000,2.758026e-003,0.000000e+000,0,,0,
1524129240.565,,0.000000e+000,3.299819e+001,-1.876282e-004,0.000000e+000,3,9.930693e-001,0.000000e+000,,,,,,,,,,,,,,32,1,4.000000e+000,0.000000e+000,0.000000e+000,0,,0,
1524129253.996,,0.000000e+000,3.299819e+001,-1.876972e-004,0.000000e+000,3,9.929228e-001,0.000000e+000,,,,,,,,,,,,,,32,1,4.000000e+000,0.000000e+000,0.000000e+000,0,,0,
1524129265.938,,0.000000e+000,3.299819e+001,-1.877393e-004,0.000000e+000,3,9.926974e-001,0.000000e+000,,,,,,,,,,,,,,32,1,4.000000e+000,0.000000e+000,0.000000e+000,0,,0,
1524129278.191,,0.000000e+000,3.299923e+001,-1.877813e-004,0.000000e+000,3,9.928094e-001,0.000000e+000,,,,,,,,,,,,,,32,1,4.000000e+000,3.448486e-003,0.000000e+000,0,,0,
1524129290.909,,0.000000e+000,3.299750e+001,-1.878019e-004,0.000000e+000,3,9.929407e-001,0.000000e+000,,,,,,,,,,,,,,32,1,4.000000e+000,0.000000e+000,0.000000e+000,0,,0,
1524129303.661,,0.000000e+000,3.299923e+001,-1.878791e-004,0.000000e+000,3,9.929731e-001,0.000000e+000,,,,,,,,,,,,,,32,1,4.000000e+000,3.448486e-003,0.000000e+000,0,,0,
1524129315.589,,0.000000e+000,3.300026e+001,-1.879448e-004,0.000000e+000,3,9.927984e-001,0.000000e+000,,,,,,,,,,,,,,32,1,4.000000e+000,1.380920e-003,0.000000e+000,0,,0,
1524129327.822,,0.000000e+000,3.299923e+001,-1.879383e-004,0.000000e+000,3,9.928788e-001,0.000000e+000,,,,,,,,,,,,,,32,1,4.000000e+000,2.067566e-003,0.000000e+000,0,,0,
1524129340.712,,0.000000e+000,3.300026e+001,-1.880062e-004,0.000000e+000,3,9.928671e-001,0.000000e+000,,,,,,,,,,,,,,32,1,4.000000e+000,0.000000e+000,0.000000e+000,0,,0,
1524129353.215,,0.000000e+000,3.299819e+001,-1.880153e-004,0.000000e+000,3,9.929103e-001,0.000000e+000,,,,,,,,,,,,,,32,1,4.000000e+000,1.377106e-003,0.000000e+000,0,,0,
1524129365.927,,0.000000e+000,3.299854e+001,-1.880308e-004,0.000000e+000,3,9.929512e-001,0.000000e+000,,,,,,,,,,,,,,32,1,4.000000e+000,6.866455e-004,0.000000e+000,0,,0,
1524129378.872,,0.000000e+000,3.300130e+001,-1.881148e-004,0.000000e+000,3,9.930067e-001,0.000000e+000,,,,,,,,,,,,,,32,1,4.000000e+000,3.459930e-003,0.000000e+000,0,,0,
1524129391.165,,0.000000e+000,3.299957e+001,-1.881661e-004,0.000000e+000,3,9.929392e-001,0.000000e+000,,,,,,,,,,,,,,32,1,4.000000e+000,0.000000e+000,0.000000e+000,0,,0,
1524129403.533,,0.000000e+000,3.299922e+001,-1.881991e-004,0.000000e+000,3,9.928769e-001,0.000000e+000,,,,,,,,,,,,,,32,1,4.000000e+000,6.904602e-004,0.000000e+000,0,,0,
1524129415.856,,0.000000e+000,3.299888e+001,-1.882542e-004,0.000000e+000,3,9.926842e-001,0.000000e+000,,,,,,,,,,,,,,32,1,4.000000e+000,0.000000e+000,0.000000e+000,0,,0,
1524129428.713,,0.000000e+000,3.299888e+001,-1.882318e-004,0.000000e+000,3,9.928007e-001,0.000000e+000,,,,,,,,,,,,,,32,1,4.000000e+000,0.000000e+000,0.000000e+000,0,,0,
1524129441.633,,0.000000e+000,3.299854e+001,-1.882633e-004,0.000000e+000,3,9.928836e-001,0.000000e+000,,,,,,,,,,,,,,32,1,4.000000e+000,6.866455e-004,0.000000e+000,0,,0,
1524129454.439,,0.000000e+000,3.299854e+001,-1.883277e-004,0.000000e+000,3,9.930847e-001,0.000000e+000,,,,,,,,,,,,,,32,1,4.000000e+000,6.866455e-004,0.000000e+000,0,,0,
1524129467.351,,0.000000e+000,3.299612e+001,-1.883584e-004,0.000000e+000,3,9.928787e-001,0.000000e+000,,,,,,,,,,,,,,32,1,4.000000e+000,8.289337e-003,0.000000e+000,0,,0,
1524129480.026,,0.000000e+000,3.299854e+001,-1.883773e-004,0.000000e+000,3,9.928259e-001,0.000000e+000,,,,,,,,,,,,,,32,1,4.000000e+000,6.866455e-004,0.000000e+000,0,,0,
1524129492.789,,0.000000e+000,3.299784e+001,-1.884557e-004,0.000000e+000,3,9.929633e-001,0.000000e+000,,,,,,,,,,,,,,32,1,4.000000e+000,2.079010e-003,0.000000e+000,0,,0,
1524129505.644,,0.000000e+000,3.299784e+001,-1.885091e-004,0.000000e+000,3,9.929439e-001,0.000000e+000,,,,,,,,,,,,,,32,1,4.000000e+000,2.079010e-003,0.000000e+000,0,,0,
1524129518.335,,0.000000e+000,3.299854e+001,-1.885832e-004,0.000000e+000,3,9.928367e-001,0.000000e+000,,,,,,,,,,,,,,32,1,4.000000e+000,6.866455e-004,0.000000e+000,0,,0,
1524129531.487,,0.000000e+000,3.299922e+001,-1.885855e-004,0.000000e+000,3,9.931251e-001,0.000000e+000,,,,,,,,,,,,,,32,1,4.000000e+000,6.904602e-004,0.000000e+000,0,,0,
1524129543.765,,0.000000e+000,3.299854e+001,-1.886103e-004,0.000000e+000,3,9.928944e-001,0.000000e+000,,,,,,,,,,,,,,32,1,4.000000e+000,6.866455e-004,0.000000e+000,0,,0,
1524129556.963,,0.000000e+000,3.299923e+001,-1.886715e-004,0.000000e+000,3,9.929787e-001,0.000000e+000,,,,,,,,,,,,,,32,1,4.000000e+000,2.067566e-003,0.000000e+000,0,,0,
1524129569.165,,0.000000e+000,3.299854e+001,-1.886797e-004,0.000000e+000,3,9.928932e-001,0.000000e+000,,,,,,,,,,,,,,32,1,4.000000e+000,6.866455e-004,0.000000e+000,0,,0,
1524129581.838,,0.000000e+000,3.299785e+001,-1.887057e-004,0.000000e+000,3,9.928961e-001,0.000000e+000,,,,,,,,,,,,,,32,1,4.000000e+000,6.904602e-004,0.000000e+000,0,,0,
1524129594.533,,0.000000e+000,3.299612e+001,-1.887792e-004,0.000000e+000,3,9.928379e-001,0.000000e+000,,,,,,,,,,,,,,32,1,4.000000e+000,5.527496e-003,0.000000e+000,0,,0,
1524129607.538,,0.000000e+000,3.299957e+001,-1.887578e-004,0.000000e+000,3,9.930161e-001,0.000000e+000,,,,,,,,,,,,,,32,1,4.000000e+000,1.380920e-003,0.000000e+000,0,,0,
1524129620.531,,0.000000e+000,3.299888e+001,-1.888090e-004,0.000000e+000,3,9.929430e-001,0.000000e+000,,,,,,,,,,,,,,32,1,4.000000e+000,1.377106e-003,0.000000e+000,0,,0,
1524129633.484,,0.000000e+000,3.299819e+001,-1.888284e-004,0.000000e+000,3,9.930555e-001,0.000000e+000,,,,,,,,,,,,,,32,1,4.000000e+000,1.377106e-003,0.000000e+000,0,,0,
1524129646.719,,0.000000e+000,3.299888e+001,-1.888681e-004,0.000000e+000,3,9.930112e-001,0.000000e+000,,,,,,,,,,,,,,32,1,4.000000e+000,0.000000e+000,0.000000e+000,0,,0,
1524129659.394,,0.000000e+000,3.299922e+001,-1.889207e-004,0.000000e+000,3,9.929662e-001,0.000000e+000,,,,,,,,,,,,,,32,1,4.000000e+000,6.904602e-004,0.000000e+000,0,,0,
1524129671.672,,0.000000e+000,3.299785e+001,-1.889561e-004,0.000000e+000,3,9.929683e-001,0.000000e+000,,,,,,,,,,,,,,32,1,4.000000e+000,6.904602e-004,0.000000e+000,0,,0,
1524129684.702,,0.000000e+000,3.299888e+001,-1.889956e-004,0.000000e+000,3,9.928299e-001,0.000000e+000,,,,,,,,,,,,,,32,1,4.000000e+000,1.377106e-003,0.000000e+000,0,,0,
1524129697.720,,0.000000e+000,3.299785e+001,-1.890640e-004,0.000000e+000,3,9.930375e-001,0.000000e+000,,,,,,,,,,,,,,32,1,4.000000e+000,6.904602e-004,0.000000e+000,0,,0,
1524129710.490,,0.000000e+000,3.300026e+001,-1.890632e-004,0.000000e+000,3,9.931633e-001,0.000000e+000,,,,,,,,,,,,,,32,1,4.000000e+000,1.380920e-003,0.000000e+000,0,,0,
1524129722.990,,0.000000e+000,3.299854e+001,-1.891214e-004,0.000000e+000,3,9.929426e-001,0.000000e+000,,,,,,,,,,,,,,32,1,4.000000e+000,2.067566e-003,0.000000e+000,0,,0,
1524129735.668,,0.000000e+000,3.299923e+001,-1.891673e-004,0.000000e+000,3,9.929380e-001,0.000000e+000,,,,,,,,,,,,,,32,1,4.000000e+000,2.067566e-003,0.000000e+000,0,,0,
1524129748.928,,0.000000e+000,3.299888e+001,-1.891784e-004,0.000000e+000,3,9.929988e-001,0.000000e+000,,,,,,,,,,,,,,32,1,4.000000e+000,1.377106e-003,0.000000e+000,0,,0,
1524129761.568,,0.000000e+000,3.299888e+001,-1.892238e-004,0.000000e+000,3,9.930393e-001,0.000000e+000,,,,,,,,,,,,,,32,1,4.000000e+000,1.377106e-003,0.000000e+000,0,,0,
1524129773.841,,0.000000e+000,3.299819e+001,-1.892999e-004,0.000000e+000,3,9.927346e-001,0.000000e+000,,,,,,,,,,,,,,32,1,4.000000e+000,1.377106e-003,0.000000e+000,0,,0,
1524129786.728,,0.000000e+000,3.299854e+001,-1.893291e-004,0.000000e+000,3,9.927905e-001,0.000000e+000,,,,,,,,,,,,,,32,1,4.000000e+000,6.866455e-004,0.000000e+000,0,,0,
1524129799.651,,0.000000e+000,3.299715e+001,-1.893342e-004,0.000000e+000,3,9.928311e-001,0.000000e+000,,,,,,,,,,,,,,32,1,4.000000e+000,2.071381e-003,0.000000e+000,0,,0,
1524129811.709,,0.000000e+000,3.299888e+001,-1.893447e-004,0.000000e+000,3,9.928718e-001,0.000000e+000,,,,,,,,,,,,,,32,1,4.000000e+000,0.000000e+000,0.000000e+000,0,,0,
1524129824.577,,0.000000e+000,3.299785e+001,-1.893809e-004,0.000000e+000,3,9.926895e-001,0.000000e+000,,,,,,,,,,,,,,32,1,4.000000e+000,6.904602e-004,0.000000e+000,0,,0,
1524129836.867,,0.000000e+000,3.299854e+001,-1.894492e-004,0.000000e+000,3,9.927715e-001,0.000000e+000,,,,,,,,,,,,,,32,1,4.000000e+000,6.866455e-004,0.000000e+000,0,,0,
1524129849.842,,0.000000e+000,3.299922e+001,-1.894508e-004,0.000000e+000,3,9.930163e-001,0.000000e+000,,,,,,,,,,,,,,32,1,4.000000e+000,6.904602e-004,0.000000e+000,0,,0,
1524129862.762,,0.000000e+000,3.299957e+001,-1.894649e-004,0.000000e+000,3,9.929083e-001,0.000000e+000,,,,,,,,,,,,,,32,1,4.000000e+000,0.000000e+000,0.000000e+000,0,,0,
1524129875.220,,0.000000e+000,3.300164e+001,-1.895295e-004,0.000000e+000,3,9.929186e-001,0.000000e+000,,,,,,,,,,,,,,32,1,4.000000e+000,5.531311e-003,0.000000e+000,0,,0,
1524129887.910,,0.000000e+000,3.299818e+001,-1.895242e-004,0.000000e+000,3,9.928136e-001,0.000000e+000,,,,,,,,,,,,,,32,1,4.000000e+000,2.769470e-003,0.000000e+000,0,,0,
1524129900.845,,0.000000e+000,3.299854e+001,-1.895806e-004,0.000000e+000,3,9.930163e-001,0.000000e+000,,,,,,,,,,,,,,32,1,4.000000e+000,2.067566e-003,0.000000e+000,0,,0,
1524129913.115,,0.000000e+000,3.299957e+001,-1.896521e-004,0.000000e+000,3,9.927814e-001,0.000000e+000,,,,,,,,,,,,,,32,1,4.000000e+000,1.380920e-003,0.000000e+000,0,,0,
1524129925.985,,0.000000e+000,3.299957e+001,-1.896601e-004,0.000000e+000,3,9.929027e-001,0.000000e+000,,,,,,,,,,,,,,32,1,4.000000e+000,1.380920e-003,0.000000e+000,0,,0,
1524129938.101,,0.000000e+000,3.299957e+001,-1.897008e-004,0.000000e+000,3,9.928671e-001,0.000000e+000,,,,,,,,,,,,,,32,1,4.000000e+000,1.380920e-003,0.000000e+000,0,,0,
1524129950.813,,0.000000e+000,3.299854e+001,-1.896983e-004,0.000000e+000,3,9.929770e-001,0.000000e+000,,,,,,,,,,,,,,32,1,4.000000e+000,6.866455e-004,0.000000e+000,0,,0,
1524129963.781,,0.000000e+000,3.299922e+001,-1.897454e-004,0.000000e+000,3,9.929660e-001,0.000000e+000,,,,,,,,,,,,,,32,1,4.000000e+000,6.904602e-004,0.000000e+000,0,,0,
1524129976.296,,0.000000e+000,3.299957e+001,-1.897636e-004,0.000000e+000,3,9.928622e-001,0.000000e+000,,,,,,,,,,,,,,32,1,4.000000e+000,0.000000e+000,0.000000e+000,0,,0,
1524129988.709,,0.000000e+000,3.299922e+001,-1.898050e-004,0.000000e+000,3,9.928727e-001,0.000000e+000,,,,,,,,,,,,,,32,1,4.000000e+000,6.904602e-004,0.000000e+000,0,,0,
1524130000.947,,0.000000e+000,3.299854e+001,-1.898313e-004,0.000000e+000,3,9.928088e-001,0.000000e+000,,,,,,,,,,,,,,32,1,4.000000e+000,6.866455e-004,0.000000e+000,0,,0,
1524130013.884,,0.000000e+000,3.299784e+001,-1.898453e-004,0.000000e+000,3,9.928453e-001,0.000000e+000,,,,,,,,,,,,,,32,1,4.000000e+000,2.079010e-003,0.000000e+000,0,,0,
1524130026.302,,0.000000e+000,3.299922e+001,-1.898691e-004,0.000000e+000,3,9.928135e-001,0.000000e+000,,,,,,,,,,,,,,32,1,4.000000e+000,6.904602e-004,0.000000e+000,0,,0,
1524130038.702,,0.000000e+000,3.299888e+001,-1.898943e-004,0.000000e+000,3,9.929166e-001,0.000000e+000,,,,,,,,,,,,,,32,1,4.000000e+000,0.000000e+000,0.000000e+000,0,,0,
1524130051.675,,0.000000e+000,3.299854e+001,-1.899049e-004,0.000000e+000,3,9.927946e-001,0.000000e+000,,,,,,,,,,,,,,32,1,4.000000e+000,2.067566e-003,0.000000e+000,0,,0,
1524130064.515,,0.000000e+000,3.299750e+001,-1.899335e-004,0.000000e+000,3,9.929937e-001,0.000000e+000,,,,,,,,,,,,,,32,1,4.000000e+000,2.758026e-003,0.000000e+000,0,,0,
1524130077.473,,0.000000e+000,3.299888e+001,-1.899689e-004,0.000000e+000,3,9.927440e-001,0.000000e+000,,,,,,,,,,,,,,32,1,4.000000e+000,0.000000e+000,0.000000e+000,0,,0,
1524130090.305,,0.000000e+000,3.299888e+001,-1.900134e-004,0.000000e+000,3,9.929297e-001,0.000000e+000,,,,,,,,,,,,,,32,1,4.000000e+000,0.000000e+000,0.000000e+000,0,,0,
1524130102.931,,0.000000e+000,3.299784e+001,-1.900078e-004,0.000000e+000,3,9.931152e-001,0.000000e+000,,,,,,,,,,,,,,32,1,4.000000e+000,2.079010e-003,0.000000e+000,0,,0,
1524130115.691,,0.000000e+000,3.299784e+001,-1.900755e-004,0.000000e+000,3,9.930782e-001,0.000000e+000,,,,,,,,,,,,,,32,1,4.000000e+000,2.079010e-003,0.000000e+000,0,,0,
1524130128.598,,0.000000e+000,3.299854e+001,-1.901119e-004,0.000000e+000,3,9.930011e-001,0.000000e+000,,,,,,,,,,,,,,32,1,4.000000e+000,6.866455e-004,0.000000e+000,0,,0,
1524130141.206,,0.000000e+000,3.299819e+001,-1.900940e-004,0.000000e+000,3,9.930246e-001,0.000000e+000,,,,,,,,,,,,,,32,1,4.000000e+000,0.000000e+000,0.000000e+000,0,,0,
1524130154.179,,0.000000e+000,3.299819e+001,-1.901531e-004,0.000000e+000,3,9.929259e-001,0.000000e+000,,,,,,,,,,,,,,32,1,4.000000e+000,0.000000e+000,0.000000e+000,0,,0,
1524130166.617,,0.000000e+000,3.299888e+001,-1.901641e-004,0.000000e+000,3,9.928614e-001,0.000000e+000,,,,,,,,,,,,,,32,1,4.000000e+000,1.377106e-003,0.000000e+000,0,,0,
1524130179.492,,0.000000e+000,3.299888e+001,-1.902448e-004,0.000000e+000,3,9.930075e-001,0.000000e+000,,,,,,,,,,,,,,32,1,4.000000e+000,1.377106e-003,0.000000e+000,0,,0,
1524130192.127,,0.000000e+000,3.299888e+001,-1.902157e-004,0.000000e+000,3,9.931247e-001,0.000000e+000,,,,,,,,,,,,,,32,1,4.000000e+000,0.000000e+000,0.000000e+000,0,,0,
1524130205.262,,0.000000e+000,3.299888e+001,-1.902674e-004,0.000000e+000,3,9.928470e-001,0.000000e+000,,,,,,,,,,,,,,32,1,4.000000e+000,1.377106e-003,0.000000e+000,0,,0,
1524130217.787,,0.000000e+000,3.299854e+001,-1.902954e-004,0.000000e+000,3,9.927851e-001,0.000000e+000,,,,,,,,,,,,,,32,1,4.000000e+000,6.866455e-004,0.000000e+000,0,,0,
1524130230.348,,0.000000e+000,3.299957e+001,-1.903302e-004,0.000000e+000,3,9.928826e-001,0.000000e+000,,,,,,,,,,,,,,32,1,4.000000e+000,2.758026e-003,0.000000e+000,0,,0,
1524130243.145,,0.000000e+000,3.299992e+001,-1.903248e-004,0.000000e+000,3,9.930861e-001,0.000000e+000,,,,,,,,,,,,,,32,1,4.000000e+000,2.071381e-003,0.000000e+000,0,,0,
1524130256.215,,0.000000e+000,3.299922e+001,-1.903484e-004,0.000000e+000,3,9.929000e-001,0.000000e+000,,,,,,,,,,,,,,32,1,4.000000e+000,6.904602e-004,0.000000e+000,0,,0,
1524130268.886,,0.000000e+000,3.299888e+001,-1.903815e-004,0.000000e+000,3,9.929146e-001,0.000000e+000,,,,,,,,,,,,,,32,1,4.000000e+000,0.000000e+000,0.000000e+000,0,,0,
1524130281.636,,0.000000e+000,3.299818e+001,-1.904218e-004,0.000000e+000,3,9.928183e-001,0.000000e+000,,,,,,,,,,,,,,32,1,4.000000e+000,2.769470e-003,0.000000e+000,0,,0,
1524130294.338,,0.000000e+000,3.299888e+001,-1.904102e-004,0.000000e+000,3,9.930418e-001,0.000000e+000,,,,,,,,,,,,,,32,1,4.000000e+000,0.000000e+000,0.000000e+000,0,,0,
1524130307.291,,0.000000e+000,3.299646e+001,-1.904752e-004,0.000000e+000,3,9.932256e-001,0.000000e+000,,,,,,,,,,,,,,32,1,4.000000e+000,3.459930e-003,0.000000e+000,0,,0,
1524130320.036,,0.000000e+000,3.299854e+001,-1.905439e-004,0.000000e+000,3,9.930843e-001,0.000000e+000,,,,,,,,,,,,,,32,1,4.000000e+000,6.866455e-004,0.000000e+000,0,,0,
1524130331.972,,0.000000e+000,3.299957e+001,-1.905826e-004,0.000000e+000,3,9.928415e-001,0.000000e+000,,,,,,,,,,,,,,32,1,4.000000e+000,1.380920e-003,0.000000e+000,0,,0,
1524130344.272,,0.000000e+000,3.299888e+001,-1.905776e-004,0.000000e+000,3,9.929549e-001,0.000000e+000,,,,,,,,,,,,,,32,1,4.000000e+000,0.000000e+000,0.000000e+000,0,,0,
1524130356.947,,0.000000e+000,3.299819e+001,-1.905696e-004,0.000000e+000,3,9.931298e-001,0.000000e+000,,,,,,,,,,,,,,32,1,4.000000e+000,1.377106e-003,0.000000e+000,0,,0,
1524130369.900,,0.000000e+000,3.299854e+001,-1.906103e-004,0.000000e+000,3,9.931046e-001,0.000000e+000,,,,,,,,,,,,,,32,1,4.000000e+000,6.866455e-004,0.000000e+000,0,,0,
1524130382.855,,0.000000e+000,3.299612e+001,-1.906543e-004,0.000000e+000,3,9.931285e-001,0.000000e+000,,,,,,,,,,,,,,32,1,4.000000e+000,5.527496e-003,0.000000e+000,0,,0,
1524130395.810,,0.000000e+000,3.300061e+001,-1.906361e-004,0.000000e+000,3,9.930782e-001,0.000000e+000,,,,,,,,,,,,,,32,1,4.000000e+000,2.082825e-003,0.000000e+000,0,,0,
1524130408.770,,0.000000e+000,3.299784e+001,-1.906677e-004,0.000000e+000,3,9.930584e-001,0.000000e+000,,,,,,,,,,,,,,32,1,4.000000e+000,2.079010e-003,0.000000e+000,0,,0,
1524130421.720,,0.000000e+000,3.299646e+001,-1.906931e-004,0.000000e+000,3,9.930252e-001,0.000000e+000,,,,,,,,,,,,,,32,1,4.000000e+000,4.837036e-003,0.000000e+000,0,,0,
1524130434.673,,0.000000e+000,3.300095e+001,-1.906948e-004,0.000000e+000,3,9.931511e-001,0.000000e+000,,,,,,,,,,,,,,32,1,4.000000e+000,4.150391e-003,0.000000e+000,0,,0,
1524130447.626,,0.000000e+000,3.299646e+001,-1.907606e-004,0.000000e+000,3,9.931769e-001,0.000000e+000,,,,,,,,,,,,,,32,1,4.000000e+000,4.837036e-003,0.000000e+000,0,,0,
1524130460.583,,0.000000e+000,3.299888e+001,-1.907262e-004,0.000000e+000,3,9.931837e-001,0.000000e+000,,,,,,,,,,,,,,32,1,4.000000e+000,0.000000e+000,0.000000e+000,0,,0,
1524130473.536,,0.000000e+000,3.300130e+001,-1.907832e-004,0.000000e+000,3,9.931449e-001,0.000000e+000,,,,,,,,,,,,,,32,1,4.000000e+000,3.459930e-003,0.000000e+000,0,,0,
1524130486.284,,0.000000e+000,3.299888e+001,-1.908124e-004,0.000000e+000,3,9.929180e-001,0.000000e+000,,,,,,,,,,,,,,32,1,4.000000e+000,1.377106e-003,0.000000e+000,0,,0,
1524130498.786,,0.000000e+000,3.299923e+001,-1.908653e-004,0.000000e+000,3,9.929225e-001,0.000000e+000,,,,,,,,,,,,,,32,1,4.000000e+000,2.067566e-003,0.000000e+000,0,,0,
1524130511.152,,0.000000e+000,3.299888e+001,-1.909293e-004,0.000000e+000,3,9.929085e-001,0.000000e+000,,,,,,,,,,,,,,32,1,4.000000e+000,0.000000e+000,0.000000e+000,0,,0,
1524130523.452,,0.000000e+000,3.299888e+001,-1.909489e-004,0.000000e+000,3,9.928966e-001,0.000000e+000,,,,,,,,,,,,,,32,1,4.000000e+000,0.000000e+000,0.000000e+000,0,,0,
1524130536.374,,0.000000e+000,3.299785e+001,-1.909514e-004,0.000000e+000,3,9.929067e-001,0.000000e+000,,,,,,,,,,,,,,32,1,4.000000e+000,6.904602e-004,0.000000e+000,0,,0,
1524130549.237,,0.000000e+000,3.299715e+001,-1.909673e-004,0.000000e+000,3,9.930030e-001,0.000000e+000,,,,,,,,,,,,,,32,1,4.000000e+000,2.071381e-003,0.000000e+000,0,,0,
1524130562.055,,0.000000e+000,3.299819e+001,-1.909866e-004,0.000000e+000,3,9.930663e-001,0.000000e+000,,,,,,,,,,,,,,32,1,4.000000e+000,0.000000e+000,0.000000e+000,0,,0,
1524130574.683,,0.000000e+000,3.299819e+001,-1.910004e-004,0.000000e+000,3,9.930211e-001,0.000000e+000,,,,,,,,,,,,,,32,1,4.000000e+000,0.000000e+000,0.000000e+000,0,,0,
1524130587.360,,0.000000e+000,3.299854e+001,-1.910341e-004,0.000000e+000,3,9.930406e-001,0.000000e+000,,,,,,,,,,,,,,32,1,4.000000e+000,6.866455e-004,0.000000e+000,0,,0,
1524130600.145,,0.000000e+000,3.299819e+001,-1.910767e-004,0.000000e+000,3,9.929991e-001,0.000000e+000,,,,,,,,,,,,,,32,1,4.000000e+000,0.000000e+000,0.000000e+000,0,,0,
1524130612.971,,0.000000e+000,3.299854e+001,-1.910825e-004,0.000000e+000,3,9.929694e-001,0.000000e+000,,,,,,,,,,,,,,32,1,4.000000e+000,6.866455e-004,0.000000e+000,0,,0,
1524130625.536,,0.000000e+000,3.299819e+001,-1.911348e-004,0.000000e+000,3,9.929280e-001,0.000000e+000,,,,,,,,,,,,,,32,1,4.000000e+000,1.377106e-003,0.000000e+000,0,,0,
1524130638.161,,0.000000e+000,3.299922e+001,-1.911173e-004,0.000000e+000,3,9.931111e-001,0.000000e+000,,,,,,,,,,,,,,32,1,4.000000e+000,6.904602e-004,0.000000e+000,0,,0,
1524130650.791,,0.000000e+000,3.299854e+001,-1.911789e-004,0.000000e+000,3,9.930704e-001,0.000000e+000,,,,,,,,,,,,,,32,1,4.000000e+000,2.067566e-003,0.000000e+000,0,,0,
1524130663.719,,0.000000e+000,3.299888e+001,-1.911786e-004,0.000000e+000,3,9.929434e-001,0.000000e+000,,,,,,,,,,,,,,32,1,4.000000e+000,1.377106e-003,0.000000e+000,0,,0,
1524130676.361,,0.000000e+000,3.299715e+001,-1.911674e-004,0.000000e+000,3,9.930573e-001,0.000000e+000,,,,,,,,,,,,,,32,1,4.000000e+000,2.071381e-003,0.000000e+000,0,,0,
1524130689.137,,0.000000e+000,3.300027e+001,-1.912495e-004,0.000000e+000,3,9.927527e-001,0.000000e+000,,,,,,,,,,,,,,32,1,4.000000e+000,2.773285e-003,0.000000e+000,0,,0,
1524130701.857,,0.000000e+000,3.299715e+001,-1.912276e-004,0.000000e+000,3,9.931287e-001,0.000000e+000,,,,,,,,,,,,,,32,1,4.000000e+000,3.459930e-003,0.000000e+000,0,,0,
1524130714.610,,0.000000e+000,3.299749e+001,-1.912952e-004,0.000000e+000,3,9.929749e-001,0.000000e+000,,,,,,,,,,,,,,32,1,4.000000e+000,4.150391e-003,0.000000e+000,0,,0,
1524130727.542,,0.000000e+000,3.299749e+001,-1.913162e-004,0.000000e+000,3,9.928744e-001,0.000000e+000,,,,,,,,,,,,,,32,1,4.000000e+000,4.150391e-003,0.000000e+000,0,,0,
1524130739.507,,0.000000e+000,3.299957e+001,-1.913511e-004,0.000000e+000,3,9.928870e-001,0.000000e+000,,,,,,,,,,,,,,32,1,4.000000e+000,0.000000e+000,0.000000e+000,0,,0,
1524130751.743,,0.000000e+000,3.299957e+001,-1.913597e-004,0.000000e+000,3,9.928433e-001,0.000000e+000,,,,,,,,,,,,,,32,1,4.000000e+000,0.000000e+000,0.000000e+000,0,,0,
1524130764.473,,0.000000e+000,3.299715e+001,-1.913376e-004,0.000000e+000,3,9.930544e-001,0.000000e+000,,,,,,,,,,,,,,32,1,4.000000e+000,3.459930e-003,0.000000e+000,0,,0,
1524130776.750,,0.000000e+000,3.299784e+001,-1.913969e-004,0.000000e+000,3,9.929491e-001,0.000000e+000,,,,,,,,,,,,,,32,1,4.000000e+000,2.079010e-003,0.000000e+000,0,,0,
1524130789.786,,0.000000e+000,3.299750e+001,-1.914570e-004,0.000000e+000,3,9.928391e-001,0.000000e+000,,,,,,,,,,,,,,32,1,4.000000e+000,1.392365e-003,0.000000e+000,0,,0,
1524130802.091,,0.000000e+000,3.299819e+001,-1.914891e-004,0.000000e+000,3,9.928526e-001,0.000000e+000,,,,,,,,,,,,,,32,1,4.000000e+000,0.000000e+000,0.000000e+000,0,,0,
1524130814.381,,0.000000e+000,3.299957e+001,-1.914941e-004,0.000000e+000,3,9.928507e-001,0.000000e+000,,,,,,,,,,,,,,32,1,4.000000e+000,1.380920e-003,0.000000e+000,0,,0,
1524130827.089,,0.000000e+000,3.299992e+001,-1.914658e-004,0.000000e+000,3,9.931272e-001,0.000000e+000,,,,,,,,,,,,,,32,1,4.000000e+000,6.904602e-004,0.000000e+000,0,,0,
1524130839.834,,0.000000e+000,3.299957e+001,-1.915283e-004,0.000000e+000,3,9.929478e-001,0.000000e+000,,,,,,,,,,,,,,32,1,4.000000e+000,1.380920e-003,0.000000e+000,0,,0,
1524130851.739,,0.000000e+000,3.299854e+001,-1.915472e-004,0.000000e+000,3,9.929240e-001,0.000000e+000,,,,,,,,,,,,,,32,1,4.000000e+000,6.866455e-004,0.000000e+000,0,,0,
1524130864.009,,0.000000e+000,3.299992e+001,-1.915249e-004,0.000000e+000,3,9.928699e-001,0.000000e+000,,,,,,,,,,,,,,32,1,4.000000e+000,6.904602e-004,0.000000e+000,0,,0,
1524130876.934,,0.000000e+000,3.299922e+001,-1.915573e-004,0.000000e+000,3,9.928867e-001,0.000000e+000,,,,,,,,,,,,,,32,1,4.000000e+000,6.904602e-004,0.000000e+000,0,,0,
1524130889.707,,0.000000e+000,3.299854e+001,-1.915692e-004,0.000000e+000,3,9.929363e-001,0.000000e+000,,,,,,,,,,,,,,32,1,4.000000e+000,6.866455e-004,0.000000e+000,0,,0,
1524130902.557,,0.000000e+000,3.299854e+001,-1.916165e-004,0.000000e+000,3,9.930308e-001,0.000000e+000,,,,,,,,,,,,,,32,1,4.000000e+000,6.866455e-004,0.000000e+000,0,,0,
1524130915.313,,0.000000e+000,3.299854e+001,-1.916478e-004,0.000000e+000,3,9.928756e-001,0.000000e+000,,,,,,,,,,,,,,32,1,4.000000e+000,6.866455e-004,0.000000e+000,0,,0,
1524130928.030,,0.000000e+000,3.299888e+001,-1.916142e-004,0.000000e+000,3,9.931367e-001,0.000000e+000,,,,,,,,,,,,,,32,1,4.000000e+000,0.000000e+000,0.000000e+000,0,,0,
1524130941.195,,0.000000e+000,3.300130e+001,-1.916957e-004,0.000000e+000,3,9.929212e-001,0.000000e+000,,,,,,,,,,,,,,32,1,4.000000e+000,3.459930e-003,0.000000e+000,0,,0,
1524130953.941,,0.000000e+000,3.299922e+001,-1.916930e-004,0.000000e+000,3,9.932190e-001,0.000000e+000,,,,,,,,,,,,,,32,1,4.000000e+000,6.904602e-004,0.000000e+000,0,,0,
1524130966.638,,0.000000e+000,3.299680e+001,-1.917451e-004,0.000000e+000,3,9.931031e-001,0.000000e+000,,,,,,,,,,,,,,32,1,4.000000e+000,2.773285e-003,0.000000e+000,0,,0,
1524130979.323,,0.000000e+000,3.299785e+001,-1.917413e-004,0.000000e+000,3,9.931278e-001,0.000000e+000,,,,,,,,,,,,,,32,1,4.000000e+000,6.904602e-004,0.000000e+000,0,,0,
1524130991.594,,0.000000e+000,3.299854e+001,-1.917692e-004,0.000000e+000,3,9.928693e-001,0.000000e+000,,,,,,,,,,,,,,32,1,4.000000e+000,2.067566e-003,0.000000e+000,0,,0,
1524131005.001,,0.000000e+000,3.299888e+001,-1.917773e-004,0.000000e+000,3,9.928265e-001,0.000000e+000,,,,,,,,,,,,,,32,1,4.000000e+000,0.000000e+000,0.000000e+000,0,,0,
1524131016.949,,0.000000e+000,3.299888e+001,-1.918504e-004,0.000000e+000,3,9.928590e-001,0.000000e+000,,,,,,,,,,,,,,32,1,4.000000e+000,0.000000e+000,0.000000e+000,0,,0,
1524131029.219,,0.000000e+000,3.299922e+001,-1.918369e-004,0.000000e+000,3,9.928407e-001,0.000000e+000,,,,,,,,,,,,,,32,1,4.000000e+000,6.904602e-004,0.000000e+000,0,,0,
1524131041.929,,0.000000e+000,3.299819e+001,-1.918210e-004,0.000000e+000,3,9.930528e-001,0.000000e+000,,,,,,,,,,,,,,32,1,4.000000e+000,0.000000e+000,0.000000e+000,0,,0,
1524131054.690,,0.000000e+000,3.300060e+001,-1.918498e-004,0.000000e+000,3,9.930611e-001,0.000000e+000,,,,,,,,,,,,,,32,1,4.000000e+000,6.904602e-004,0.000000e+000,0,,0,
1524131067.617,,0.000000e+000,3.299957e+001,-1.918854e-004,0.000000e+000,3,9.930433e-001,0.000000e+000,,,,,,,,,,,,,,32,1,4.000000e+000,1.380920e-003,0.000000e+000,0,,0,
1524131079.572,,0.000000e+000,3.299957e+001,-1.919224e-004,0.000000e+000,3,9.929125e-001,0.000000e+000,,,,,,,,,,,,,,32,1,4.000000e+000,1.380920e-003,0.000000e+000,0,,0,
1524131091.858,,0.000000e+000,3.299854e+001,-1.919374e-004,0.000000e+000,3,9.929537e-001,0.000000e+000,,,,,,,,,,,,,,32,1,4.000000e+000,6.866455e-004,0.000000e+000,0,,0,
1524131104.563,,0.000000e+000,3.299854e+001,-1.919315e-004,0.000000e+000,3,9.931177e-001,0.000000e+000,,,,,,,,,,,,,,32,1,4.000000e+000,6.866455e-004,0.000000e+000,0,,0,
1524131117.305,,0.000000e+000,3.299819e+001,-1.920197e-004,0.000000e+000,3,9.928105e-001,0.000000e+000,,,,,,,,,,,,,,32,1,4.000000e+000,0.000000e+000,0.000000e+000,0,,0,
1524131129.233,,0.000000e+000,3.299888e+001,-1.920004e-004,0.000000e+000,3,9.929247e-001,0.000000e+000,,,,,,,,,,,,,,32,1,4.000000e+000,1.377106e-003,0.000000e+000,0,,0,
1524131141.506,,0.000000e+000,3.300026e+001,-1.920421e-004,0.000000e+000,3,9.930224e-001,0.000000e+000,,,,,,,,,,,,,,32,1,4.000000e+000,0.000000e+000,0.000000e+000,0,,0,
1524131154.219,,0.000000e+000,3.299819e+001,-1.919967e-004,0.000000e+000,3,9.931924e-001,0.000000e+000,,,,,,,,,,,,,,32,1,4.000000e+000,1.377106e-003,0.000000e+000,0,,0,
1524131166.966,,0.000000e+000,3.299888e+001,-1.920418e-004,0.000000e+000,3,9.930365e-001,0.000000e+000,,,,,,,,,,,,,,32,1,4.000000e+000,0.000000e+000,0.000000e+000,0,,0,
1524131178.884,,0.000000e+000,3.299922e+001,-1.920845e-004,0.000000e+000,3,9.928063e-001,0.000000e+000,,,,,,,,,,,,,,32,1,4.000000e+000,6.904602e-004,0.000000e+000,0,,0,
1524131191.152,,0.000000e+000,3.299854e+001,-1.921278e-004,0.000000e+000,3,9.929799e-001,0.000000e+000,,,,,,,,,,,,,,32,1,4.000000e+000,2.067566e-003,0.000000e+000,0,,0,
1524131203.887,,0.000000e+000,3.299888e+001,-1.920859e-004,0.000000e+000,3,9.930294e-001,0.000000e+000,,,,,,,,,,,,,,32,1,4.000000e+000,1.377106e-003,0.000000e+000,0,,0,
1524131217.227,,0.000000e+000,3.299992e+001,-1.921264e-004,0.000000e+000,3,9.929222e-001,0.000000e+000,,,,,,,,,,,,,,32,1,4.000000e+000,6.904602e-004,0.000000e+000,0,,0,
1524131229.500,,0.000000e+000,3.299784e+001,-1.921440e-004,0.000000e+000,3,9.929647e-001,0.000000e+000,,,,,,,,,,,,,,32,1,4.000000e+000,2.079010e-003,0.000000e+000,0,,0,
1524131242.480,,0.000000e+000,3.299854e+001,-1.921577e-004,0.000000e+000,3,9.928215e-001,0.000000e+000,,,,,,,,,,,,,,32,1,4.000000e+000,6.866455e-004,0.000000e+000,0,,0,
1524131255.312,,0.000000e+000,3.299957e+001,-1.921514e-004,0.000000e+000,3,9.929906e-001,0.000000e+000,,,,,,,,,,,,,,32,1,4.000000e+000,0.000000e+000,0.000000e+000,0,,0,
1524131267.898,,0.000000e+000,3.299922e+001,-1.922051e-004,0.000000e+000,3,9.931210e-001,0.000000e+000,,,,,,,,,,,,,,32,1,4.000000e+000,6.904602e-004,0.000000e+000,0,,0,
1524131280.588,,0.000000e+000,3.299854e+001,-1.922001e-004,0.000000e+000,3,9.931030e-001,0.000000e+000,,,,,,,,,,,,,,32,1,4.000000e+000,6.866455e-004,0.000000e+000,0,,0,
1524131293.658,,0.000000e+000,3.299923e+001,-1.922075e-004,0.000000e+000,3,9.928609e-001,0.000000e+000,,,,,,,,,,,,,,32,1,4.000000e+000,2.067566e-003,0.000000e+000,0,,0,
1524131306.468,,0.000000e+000,3.299957e+001,-1.922597e-004,0.000000e+000,3,9.930534e-001,0.000000e+000,,,,,,,,,,,,,,32,1,4.000000e+000,1.380920e-003,0.000000e+000,0,,0,
1524131319.406,,0.000000e+000,3.299923e+001,-1.922706e-004,0.000000e+000,3,9.929701e-001,0.000000e+000,,,,,,,,,,,,,,32,1,4.000000e+000,2.067566e-003,0.000000e+000,0,,0,
1524131332.264,,0.000000e+000,3.299957e+001,-1.922259e-004,0.000000e+000,3,9.931624e-001,0.000000e+000,,,,,,,,,,,,,,32,1,4.000000e+000,0.000000e+000,0.000000e+000,0,,0,
1524131345.064,,0.000000e+000,3.299819e+001,-1.923121e-004,0.000000e+000,3,9.930729e-001,0.000000e+000,,,,,,,,,,,,,,32,1,4.000000e+000,1.377106e-003,0.000000e+000,0,,0,
1524131357.884,,0.000000e+000,3.299888e+001,-1.923306e-004,0.000000e+000,3,9.930003e-001,0.000000e+000,,,,,,,,,,,,,,32,1,4.000000e+000,0.000000e+000,0.000000e+000,0,,0,
1524131370.677,,0.000000e+000,3.299888e+001,-1.923286e-004,0.000000e+000,3,9.930028e-001,0.000000e+000,,,,,,,,,,,,,,32,1,4.000000e+000,0.000000e+000,0.000000e+000,0,,0,
1524131383.292,,0.000000e+000,3.300130e+001,-1.923596e-004,0.000000e+000,3,9.930718e-001,0.000000e+000,,,,,,,,,,,,,,32,1,4.000000e+000,2.079010e-003,0.000000e+000,0,,0,
1524131396.020,,0.000000e+000,3.299888e+001,-1.923742e-004,0.000000e+000,3,9.928405e-001,0.000000e+000,,,,,,,,,,,,,,32,1,4.000000e+000,0.000000e+000,0.000000e+000,0,,0,
1524131408.782,,0.000000e+000,3.299888e+001,-1.924157e-004,0.000000e+000,3,9.929495e-001,0.000000e+000,,,,,,,,,,,,,,32,1,4.000000e+000,1.377106e-003,0.000000e+000,0,,0,
1524131421.570,,0.000000e+000,3.299957e+001,-1.924018e-004,0.000000e+000,3,9.929861e-001,0.000000e+000,,,,,,,,,,,,,,32,1,4.000000e+000,0.000000e+000,0.000000e+000,0,,0,
1524131434.423,,0.000000e+000,3.299888e+001,-1.924391e-004,0.000000e+000,3,9.931077e-001,0.000000e+000,,,,,,,,,,,,,,32,1,4.000000e+000,1.377106e-003,0.000000e+000,0,,0,
1524131447.663,,0.000000e+000,3.299577e+001,-1.924543e-004,0.000000e+000,3,9.929495e-001,0.000000e+000,,,,,,,,,,,,,,32,1,4.000000e+000,6.217957e-003,0.000000e+000,0,,0,
1524131460.016,,0.000000e+000,3.299923e+001,-1.925034e-004,0.000000e+000,3,9.929581e-001,0.000000e+000,,,,,,,,,,,,,,32,1,4.000000e+000,4.852295e-003,0.000000e+000,0,,0,
1524131472.921,,0.000000e+000,3.299992e+001,-1.925030e-004,0.000000e+000,3,9.929776e-001,0.000000e+000,,,,,,,,,,,,,,32,1,4.000000e+000,3.459930e-003,0.000000e+000,0,,0,
1524131485.388,,0.000000e+000,3.299992e+001,-1.924979e-004,0.000000e+000,3,9.930764e-001,0.000000e+000,,,,,,,,,,,,,,32,1,4.000000e+000,3.459930e-003,0.000000e+000,0,,0,
1524131499.261,,0.000000e+000,3.299888e+001,-1.925388e-004,0.000000e+000,3,9.929554e-001,0.000000e+000,,,,,,,,,,,,,,32,1,4.000000e+000,0.000000e+000,0.000000e+000,0,,0,
1524131511.201,,0.000000e+000,3.299922e+001,-1.925784e-004,0.000000e+000,3,9.928398e-001,0.000000e+000,,,,,,,,,,,,,,32,1,4.000000e+000,6.904602e-004,0.000000e+000,0,,0,
1524131523.764,,0.000000e+000,3.299957e+001,-1.925690e-004,0.000000e+000,3,9.929863e-001,0.000000e+000,,,,,,,,,,,,,,32,1,4.000000e+000,0.000000e+000,0.000000e+000,0,,0,
1524131536.467,,0.000000e+000,3.299854e+001,-1.925807e-004,0.000000e+000,3,9.930781e-001,0.000000e+000,,,,,,,,,,,,,,32,1,4.000000e+000,6.866455e-004,0.000000e+000,0,,0,
1524131548.744,,0.000000e+000,3.299888e+001,-1.926677e-004,0.000000e+000,3,9.929354e-001,0.000000e+000,,,,,,,,,,,,,,32,1,4.000000e+000,0.000000e+000,0.000000e+000,0,,0,
1524131561.147,,0.000000e+000,3.299854e+001,-1.926546e-004,0.000000e+000,3,9.929014e-001,0.000000e+000,,,,,,,,,,,,,,32,1,4.000000e+000,6.866455e-004,0.000000e+000,0,,0,
1524131573.410,,0.000000e+000,3.299784e+001,-1.926726e-004,0.000000e+000,3,9.929814e-001,0.000000e+000,,,,,,,,,,,,,,32,1,4.000000e+000,2.079010e-003,0.000000e+000,0,,0,
1524131586.307,,0.000000e+000,3.299957e+001,-1.926833e-004,0.000000e+000,3,9.929384e-001,0.000000e+000,,,,,,,,,,,,,,32,1,4.000000e+000,0.000000e+000,0.000000e+000,0,,0,
1524131598.990,,0.000000e+000,3.299922e+001,-1.926859e-004,0.000000e+000,3,9.929776e-001,0.000000e+000,,,,,,,,,,,,,,32,1,4.000000e+000,6.904602e-004,0.000000e+000,0,,0,
1524131611.740,,0.000000e+000,3.299888e+001,-1.927117e-004,0.000000e+000,3,9.930248e-001,0.000000e+000,,,,,,,,,,,,,,32,1,4.000000e+000,1.377106e-003,0.000000e+000,0,,0,
1524131624.460,,0.000000e+000,3.299888e+001,-1.926854e-004,0.000000e+000,3,9.930931e-001,0.000000e+000,,,,,,,,,,,,,,32,1,4.000000e+000,1.377106e-003,0.000000e+000,0,,0,
1524131637.433,,0.000000e+000,3.300026e+001,-1.927301e-004,0.000000e+000,3,9.931119e-001,0.000000e+000,,,,,,,,,,,,,,32,1,4.000000e+000,1.380920e-003,0.000000e+000,0,,0,
1524131650.171,,0.000000e+000,3.299888e+001,-1.927696e-004,0.000000e+000,3,9.930452e-001,0.000000e+000,,,,,,,,,,,,,,32,1,4.000000e+000,1.377106e-003,0.000000e+000,0,,0,
1524131663.106,,0.000000e+000,3.299854e+001,-1.927611e-004,0.000000e+000,3,9.929271e-001,0.000000e+000,,,,,,,,,,,,,,32,1,4.000000e+000,6.866455e-004,0.000000e+000,0,,0,
1524131675.051,,0.000000e+000,3.299888e+001,-1.927935e-004,0.000000e+000,3,9.929876e-001,0.000000e+000,,,,,,,,,,,,,,32,1,4.000000e+000,0.000000e+000,0.000000e+000,0,,0,
1524131687.371,,0.000000e+000,3.299888e+001,-1.927831e-004,0.000000e+000,3,9.929441e-001,0.000000e+000,,,,,,,,,,,,,,32,1,4.000000e+000,1.377106e-003,0.000000e+000,0,,0,
1524131700.049,,0.000000e+000,3.299922e+001,-1.927960e-004,0.000000e+000,3,9.931416e-001,0.000000e+000,,,,,,,,,,,,,,32,1,4.000000e+000,6.904602e-004,0.000000e+000,0,,0,
1524131713.009,,0.000000e+000,3.299680e+001,-1.928292e-004,0.000000e+000,3,9.930543e-001,0.000000e+000,,,,,,,,,,,,,,32,1,4.000000e+000,5.527496e-003,0.000000e+000,0,,0,
1524131725.464,,0.000000e+000,3.299680e+001,-1.928651e-004,0.000000e+000,3,9.930708e-001,0.000000e+000,,,,,,,,,,,,,,32,1,4.000000e+000,5.527496e-003,0.000000e+000,0,,0,
1524131738.842,,0.000000e+000,3.299888e+001,-1.928648e-004,0.000000e+000,3,9.930078e-001,0.000000e+000,,,,,,,,,,,,,,32,1,4.000000e+000,0.000000e+000,0.000000e+000,0,,0,
1524131751.750,,0.000000e+000,3.300061e+001,-1.929050e-004,0.000000e+000,3,9.929419e-001,0.000000e+000,,,,,,,,,,,,,,32,1,4.000000e+000,2.082825e-003,0.000000e+000,0,,0,
1524131764.525,,0.000000e+000,3.299922e+001,-1.929231e-004,0.000000e+000,3,9.931057e-001,0.000000e+000,,,,,,,,,,,,,,32,1,4.000000e+000,6.904602e-004,0.000000e+000,0,,0,
1524131777.395,,0.000000e+000,3.299819e+001,-1.929400e-004,0.000000e+000,3,9.929391e-001,0.000000e+000,,,,,,,,,,,,,,32,1,4.000000e+000,0.000000e+000,0.000000e+000,0,,0,
1524131789.860,,0.000000e+000,3.299854e+001,-1.929613e-004,0.000000e+000,3,9.930159e-001,0.000000e+000,,,,,,,,,,,,,,32,1,4.000000e+000,2.067566e-003,0.000000e+000,0,,0,
1524131802.863,,0.000000e+000,3.299750e+001,-1.929812e-004,0.000000e+000,3,9.927937e-001,0.000000e+000,,,,,,,,,,,,,,32,1,4.000000e+000,1.392365e-003,0.000000e+000,0,,0,
1524131815.706,,0.000000e+000,3.299750e+001,-1.929719e-004,0.000000e+000,3,9.928585e-001,0.000000e+000,,,,,,,,,,,,,,32,1,4.000000e+000,2.758026e-003,0.000000e+000,0,,0,
1524131828.546,,0.000000e+000,3.300026e+001,-1.929843e-004,0.000000e+000,3,9.930637e-001,0.000000e+000,,,,,,,,,,,,,,32,1,4.000000e+000,1.380920e-003,0.000000e+000,0,,0,
1524131840.804,,0.000000e+000,3.299715e+001,-1.930422e-004,0.000000e+000,3,9.930977e-001,0.000000e+000,,,,,,,,,,,,,,32,1,4.000000e+000,3.459930e-003,0.000000e+000,0,,0,
1524131853.404,,0.000000e+000,3.299888e+001,-1.930429e-004,0.000000e+000,3,9.930086e-001,0.000000e+000,,,,,,,,,,,,,,32,1,4.000000e+000,0.000000e+000,0.000000e+000,0,,0,
1524131866.676,,0.000000e+000,3.300130e+001,-1.930227e-004,0.000000e+000,3,9.930809e-001,0.000000e+000,,,,,,,,,,,,,,32,1,4.000000e+000,3.459930e-003,0.000000e+000,0,,0,
1524131879.292,,0.000000e+000,3.299922e+001,-1.930420e-004,0.000000e+000,3,9.930711e-001,0.000000e+000,,,,,,,,,,,,,,32,1,4.000000e+000,6.904602e-004,0.000000e+000,0,,0,
1524131892.247,,0.000000e+000,3.300130e+001,-1.930465e-004,0.000000e+000,3,9.931688e-001,0.000000e+000,,,,,,,,,,,,,,32,1,4.000000e+000,4.840851e-003,0.000000e+000,0,,0,
1524131905.000,,0.000000e+000,3.299888e+001,-1.930783e-004,0.000000e+000,3,9.929622e-001,0.000000e+000,,,,,,,,,,,,,,32,1,4.000000e+000,0.000000e+000,0.000000e+000,0,,0,
1524131916.957,,0.000000e+000,3.299957e+001,-1.931428e-004,0.000000e+000,3,9.928312e-001,0.000000e+000,,,,,,,,,,,,,,32,1,4.000000e+000,1.380920e-003,0.000000e+000,0,,0,
1524131929.222,,0.000000e+000,3.299922e+001,-1.931446e-004,0.000000e+000,3,9.928677e-001,0.000000e+000,,,,,,,,,,,,,,32,1,4.000000e+000,6.904602e-004,0.000000e+000,0,,0,
1524131942.145,,0.000000e+000,3.299750e+001,-1.931312e-004,0.000000e+000,3,9.928917e-001,0.000000e+000,,,,,,,,,,,,,,32,1,4.000000e+000,2.758026e-003,0.000000e+000,0,,0,
1524131954.608,,0.000000e+000,3.299957e+001,-1.931845e-004,0.000000e+000,3,9.929033e-001,0.000000e+000,,,,,,,,,,,,,,32,1,4.000000e+000,2.758026e-003,0.000000e+000,0,,0,
1524131967.310,,0.000000e+000,3.299888e+001,-1.931343e-004,0.000000e+000,3,9.933329e-001,0.000000e+000,,,,,,,,,,,,,,32,1,4.000000e+000,0.000000e+000,0.000000e+000,0,,0,
1524131980.078,,0.000000e+000,3.299957e+001,-1.932126e-004,0.000000e+000,3,9.930063e-001,0.000000e+000,,,,,,,,,,,,,,32,1,4.000000e+000,1.380920e-003,0.000000e+000,0,,0,
1524131992.026,,0.000000e+000,3.299957e+001,-1.932917e-004,0.000000e+000,3,9.928569e-001,0.000000e+000,,,,,,,,,,,,,,32,1,4.000000e+000,1.380920e-003,0.000000e+000,0,,0,
1524132004.313,,0.000000e+000,3.299854e+001,-1.932458e-004,0.000000e+000,3,9.928893e-001,0.000000e+000,,,,,,,,,,,,,,32,1,4.000000e+000,6.866455e-004,0.000000e+000,0,,0,
1524132017.001,,0.000000e+000,3.299992e+001,-1.932333e-004,0.000000e+000,3,9.931381e-001,0.000000e+000,,,,,,,,,,,,,,32,1,4.000000e+000,2.071381e-003,0.000000e+000,0,,0,
1524132029.741,,0.000000e+000,3.299888e+001,-1.932495e-004,0.000000e+000,3,9.929934e-001,0.000000e+000,,,,,,,,,,,,,,32,1,4.000000e+000,0.000000e+000,0.000000e+000,0,,0,
1524132042.687,,0.000000e+000,3.300061e+001,-1.932671e-004,0.000000e+000,3,9.931296e-001,0.000000e+000,,,,,,,,,,,,,,32,1,4.000000e+000,3.459930e-003,0.000000e+000,0,,0,
1524132054.642,,0.000000e+000,3.300095e+001,-1.933077e-004,0.000000e+000,3,9.928450e-001,0.000000e+000,,,,,,,,,,,,,,32,1,4.000000e+000,2.769470e-003,0.000000e+000,0,,0,
1524132067.292,,0.000000e+000,3.299922e+001,-1.932855e-004,0.000000e+000,3,9.928789e-001,0.000000e+000,,,,,,,,,,,,,,32,1,4.000000e+000,6.904602e-004,0.000000e+000,0,,0,
1524132079.755,,0.000000e+000,3.299888e+001,-1.933343e-004,0.000000e+000,3,9.930322e-001,0.000000e+000,,,,,,,,,,,,,,32,1,4.000000e+000,1.377106e-003,0.000000e+000,0,,0,
1524132092.595,,0.000000e+000,3.299854e+001,-1.933083e-004,0.000000e+000,3,9.930239e-001,0.000000e+000,,,,,,,,,,,,,,32,1,4.000000e+000,2.067566e-003,0.000000e+000,0,,0,
1524132105.435,,0.000000e+000,3.299957e+001,-1.933199e-004,0.000000e+000,3,9.929465e-001,0.000000e+000,,,,,,,,,,,,,,32,1,4.000000e+000,0.000000e+000,0.000000e+000,0,,0,
1524132118.250,,0.000000e+000,3.299888e+001,-1.933711e-004,0.000000e+000,3,9.929035e-001,0.000000e+000,,,,,,,,,,,,,,32,1,4.000000e+000,0.000000e+000,0.000000e+000,0,,0,
1524132130.918,,0.000000e+000,3.299819e+001,-1.933571e-004,0.000000e+000,3,9.931440e-001,0.000000e+000,,,,,,,,,,,,,,32,1,4.000000e+000,0.000000e+000,0.000000e+000,0,,0,
1524132144.128,,0.000000e+000,3.299785e+001,-1.934045e-004,0.000000e+000,3,9.928843e-001,0.000000e+000,,,,,,,,,,,,,,32,1,4.000000e+000,6.904602e-004,0.000000e+000,0,,0,
1524132156.561,,0.000000e+000,3.299957e+001,-1.934541e-004,0.000000e+000,3,9.929438e-001,0.000000e+000,,,,,,,,,,,,,,32,1,4.000000e+000,1.380920e-003,0.000000e+000,0,,0,
1524132168.991,,0.000000e+000,3.299854e+001,-1.934413e-004,0.000000e+000,3,9.929655e-001,0.000000e+000,,,,,,,,,,,,,,32,1,4.000000e+000,6.866455e-004,0.000000e+000,0,,0,
1524132181.869,,0.000000e+000,3.299922e+001,-1.934658e-004,0.000000e+000,3,9.930661e-001,0.000000e+000,,,,,,,,,,,,,,32,1,4.000000e+000,6.904602e-004,0.000000e+000,0,,0,
1524132194.624,,0.000000e+000,3.299922e+001,-1.934577e-004,0.000000e+000,3,9.930695e-001,0.000000e+000,,,,,,,,,,,,,,32,1,4.000000e+000,6.904602e-004,0.000000e+000,0,,0,
1524132207.164,,0.000000e+000,3.299854e+001,-1.934995e-004,0.000000e+000,3,9.930313e-001,0.000000e+000,,,,,,,,,,,,,,32,1,4.000000e+000,6.866455e-004,0.000000e+000,0,,0,
1524132220.029,,0.000000e+000,3.299854e+001,-1.935071e-004,0.000000e+000,3,9.930887e-001,0.000000e+000,,,,,,,,,,,,,,32,1,4.000000e+000,6.866455e-004,0.000000e+000,0,,0,
1524132232.877,,0.000000e+000,3.299922e+001,-1.934910e-004,0.000000e+000,3,9.930410e-001,0.000000e+000,,,,,,,,,,,,,,32,1,4.000000e+000,6.904602e-004,0.000000e+000,0,,0,
1524132245.602,,0.000000e+000,3.299888e+001,-1.935404e-004,0.000000e+000,3,9.928632e-001,0.000000e+000,,,,,,,,,,,,,,32,1,4.000000e+000,0.000000e+000,0.000000e+000,0,,0,
1524132258.340,,0.000000e+000,3.299922e+001,-1.935101e-004,0.000000e+000,3,9.931249e-001,0.000000e+000,,,,,,,,,,,,,,32,1,4.000000e+000,6.904602e-004,0.000000e+000,0,,0,
1524132271.297,,0.000000e+000,3.300130e+001,-1.935407e-004,0.000000e+000,3,9.932896e-001,0.000000e+000,,,,,,,,,,,,,,32,1,4.000000e+000,4.840851e-003,0.000000e+000,0,,0,
1524132284.263,,0.000000e+000,3.299922e+001,-1.935169e-004,0.000000e+000,3,9.932063e-001,0.000000e+000,,,,,,,,,,,,,,32,1,4.000000e+000,6.904602e-004,0.000000e+000,0,,0,
1524132297.223,,0.000000e+000,3.299750e+001,-1.935504e-004,0.000000e+000,3,9.930460e-001,0.000000e+000,,,,,,,,,,,,,,32,1,4.000000e+000,1.392365e-003,0.000000e+000,0,,0,
1524132310.181,,0.000000e+000,3.299715e+001,-1.935488e-004,0.000000e+000,3,9.931313e-001,0.000000e+000,,,,,,,,,,,,,,32,1,4.000000e+000,3.459930e-003,0.000000e+000,0,,0,
1524132322.466,,0.000000e+000,3.299888e+001,-1.936265e-004,0.000000e+000,3,9.929785e-001,0.000000e+000,,,,,,,,,,,,,,32,1,4.000000e+000,0.000000e+000,0.000000e+000,0,,0,
1524132334.873,,0.000000e+000,3.299888e+001,-1.936563e-004,0.000000e+000,3,9.928917e-001,0.000000e+000,,,,,,,,,,,,,,32,1,4.000000e+000,0.000000e+000,0.000000e+000,0,,0,
1524132347.159,,0.000000e+000,3.299957e+001,-1.936757e-004,0.000000e+000,3,9.928867e-001,0.000000e+000,,,,,,,,,,,,,,32,1,4.000000e+000,0.000000e+000,0.000000e+000,0,,0,
1524132359.851,,0.000000e+000,3.299854e+001,-1.936664e-004,0.000000e+000,3,9.931647e-001,0.000000e+000,,,,,,,,,,,,,,32,1,4.000000e+000,6.866455e-004,0.000000e+000,0,,0,
1524132372.816,,0.000000e+000,3.299750e+001,-1.936286e-004,0.000000e+000,3,9.930098e-001,0.000000e+000,,,,,,,,,,,,,,32,1,4.000000e+000,5.527496e-003,0.000000e+000,0,,0,
1524132385.564,,0.000000e+000,3.299957e+001,-1.937038e-004,0.000000e+000,3,9.930255e-001,0.000000e+000,,,,,,,,,,,,,,32,1,4.000000e+000,1.380920e-003,0.000000e+000,0,,0,
1524132397.507,,0.000000e+000,3.299888e+001,-1.937355e-004,0.000000e+000,3,9.928024e-001,0.000000e+000,,,,,,,,,,,,,,32,1,4.000000e+000,0.000000e+000,0.000000e+000,0,,0,
1524132409.794,,0.000000e+000,3.299888e+001,-1.937548e-004,0.000000e+000,3,9.928202e-001,0.000000e+000,,,,,,,,,,,,,,32,1,4.000000e+000,0.000000e+000,0.000000e+000,0,,0,
1524132422.485,,0.000000e+000,3.299992e+001,-1.937123e-004,0.000000e+000,3,9.931232e-001,0.000000e+000,,,,,,,,,,,,,,32,1,4.000000e+000,6.904602e-004,0.000000e+000,0,,0,
1524132435.447,,0.000000e+000,3.299646e+001,-1.937034e-004,0.000000e+000,3,9.931612e-001,0.000000e+000,,,,,,,,,,,,,,32,1,4.000000e+000,6.217957e-003,0.000000e+000,0,,0,
1524132448.192,,0.000000e+000,3.299922e+001,-1.937824e-004,0.000000e+000,3,9.930319e-001,0.000000e+000,,,,,,,,,,,,,,32,1,4.000000e+000,6.904602e-004,0.000000e+000,0,,0,
1524132460.130,,0.000000e+000,3.299888e+001,-1.938102e-004,0.000000e+000,3,9.928631e-001,0.000000e+000,,,,,,,,,,,,,,32,1,4.000000e+000,0.000000e+000,0.000000e+000,0,,0,
1524132472.440,,0.000000e+000,3.299923e+001,-1.938026e-004,0.000000e+000,3,9.929257e-001,0.000000e+000,,,,,,,,,,,,,,32,1,4.000000e+000,2.067566e-003,0.000000e+000,0,,0,
1524132485.118,,0.000000e+000,3.299888e+001,-1.937648e-004,0.000000e+000,3,9.931448e-001,0.000000e+000,,,,,,,,,,,,,,32,1,4.000000e+000,2.758026e-003,0.000000e+000,0,,0,
1524132498.078,,0.000000e+000,3.299750e+001,-1.937866e-004,0.000000e+000,3,9.931467e-001,0.000000e+000,,,,,,,,,,,,,,32,1,4.000000e+000,5.527496e-003,0.000000e+000,0,,0,
1524132510.833,,0.000000e+000,3.299715e+001,-1.938573e-004,0.000000e+000,3,9.929681e-001,0.000000e+000,,,,,,,,,,,,,,32,1,4.000000e+000,3.459930e-003,0.000000e+000,0,,0,
1524132522.784,,0.000000e+000,3.299922e+001,-1.938558e-004,0.000000e+000,3,9.928796e-001,0.000000e+000,,,,,,,,,,,,,,32,1,4.000000e+000,6.904602e-004,0.000000e+000,0,,0,
1524132535.056,,0.000000e+000,3.299922e+001,-1.938958e-004,0.000000e+000,3,9.930048e-001,0.000000e+000,,,,,,,,,,,,,,32,1,4.000000e+000,6.904602e-004,0.000000e+000,0,,0,
1524132547.759,,0.000000e+000,3.299888e+001,-1.938601e-004,0.000000e+000,3,9.932150e-001,0.000000e+000,,,,,,,,,,,,,,32,1,4.000000e+000,1.377106e-003,0.000000e+000,0,,0,
1524132560.717,,0.000000e+000,3.300199e+001,-1.938615e-004,0.000000e+000,3,9.932026e-001,0.000000e+000,,,,,,,,,,,,,,32,1,4.000000e+000,3.459930e-003,0.000000e+000,0,,0,
1524132573.467,,0.000000e+000,3.299957e+001,-1.939160e-004,0.000000e+000,3,9.930716e-001,0.000000e+000,,,,,,,,,,,,,,32,1,4.000000e+000,1.380920e-003,0.000000e+000,0,,0,
1524132585.375,,0.000000e+000,3.299922e+001,-1.939643e-004,0.000000e+000,3,9.929004e-001,0.000000e+000,,,,,,,,,,,,,,32,1,4.000000e+000,6.904602e-004,0.000000e+000,0,,0,
1524132597.690,,0.000000e+000,3.299888e+001,-1.939545e-004,0.000000e+000,3,9.929060e-001,0.000000e+000,,,,,,,,,,,,,,32,1,4.000000e+000,1.377106e-003,0.000000e+000,0,,0,
1524132610.400,,0.000000e+000,3.299957e+001,-1.939565e-004,0.000000e+000,3,9.928158e-001,0.000000e+000,,,,,,,,,,,,,,32,1,4.000000e+000,0.000000e+000,0.000000e+000,0,,0,
1524132623.360,,0.000000e+000,3.299818e+001,-1.939549e-004,0.000000e+000,3,9.931439e-001,0.000000e+000,,,,,,,,,,,,,,32,1,4.000000e+000,2.769470e-003,0.000000e+000,0,,0,
1524132636.118,,0.000000e+000,3.299922e+001,-1.940206e-004,0.000000e+000,3,9.929801e-001,0.000000e+000,,,,,,,,,,,,,,32,1,4.000000e+000,6.904602e-004,0.000000e+000,0,,0,
1524132649.073,,0.000000e+000,3.299957e+001,-1.939893e-004,0.000000e+000,3,9.931007e-001,0.000000e+000,,,,,,,,,,,,,,32,1,4.000000e+000,1.380920e-003,0.000000e+000,0,,0,
1524132662.038,,0.000000e+000,3.299992e+001,-1.940421e-004,0.000000e+000,3,9.930341e-001,0.000000e+000,,,,,,,,,,,,,,32,1,4.000000e+000,6.904602e-004,0.000000e+000,0,,0,
1524132673.991,,0.000000e+000,3.299922e+001,-1.940533e-004,0.000000e+000,3,9.928576e-001,0.000000e+000,,,,,,,,,,,,,,32,1,4.000000e+000,6.904602e-004,0.000000e+000,0,,0,
1524132686.258,,0.000000e+000,3.299888e+001,-1.940576e-004,0.000000e+000,3,9.929533e-001,0.000000e+000,,,,,,,,,,,,,,32,1,4.000000e+000,1.377106e-003,0.000000e+000,0,,0,
1524132698.951,,0.000000e+000,3.299819e+001,-1.940115e-004,0.000000e+000,3,9.931530e-001,0.000000e+000,,,,,,,,,,,,,,32,1,4.000000e+000,1.377106e-003,0.000000e+000,0,,0,
1524132711.906,,0.000000e+000,3.300164e+001,-1.940325e-004,0.000000e+000,3,9.930559e-001,0.000000e+000,,,,,,,,,,,,,,32,1,4.000000e+000,5.531311e-003,0.000000e+000,0,,0,
1524132724.872,,0.000000e+000,3.299715e+001,-1.940768e-004,0.000000e+000,3,9.931871e-001,0.000000e+000,,,,,,,,,,,,,,32,1,4.000000e+000,3.459930e-003,0.000000e+000,0,,0,
1524132738.084,,0.000000e+000,3.299680e+001,-1.940926e-004,0.000000e+000,3,9.929099e-001,0.000000e+000,,,,,,,,,,,,,,32,1,4.000000e+000,2.773285e-003,0.000000e+000,0,,0,
1524132751.152,,0.000000e+000,3.299922e+001,-1.940825e-004,0.000000e+000,3,9.929212e-001,0.000000e+000,,,,,,,,,,,,,,32,1,4.000000e+000,6.904602e-004,0.000000e+000,0,,0,
1524132763.380,,0.000000e+000,3.299888e+001,-1.941652e-004,0.000000e+000,3,9.928748e-001,0.000000e+000,,,,,,,,,,,,,,32,1,4.000000e+000,1.377106e-003,0.000000e+000,0,,0,
1524132775.892,,0.000000e+000,3.299922e+001,-1.941550e-004,0.000000e+000,3,9.929504e-001,0.000000e+000,,,,,,,,,,,,,,32,1,4.000000e+000,6.904602e-004,0.000000e+000,0,,0,
1524132788.593,,0.000000e+000,3.299888e+001,-1.941637e-004,0.000000e+000,3,9.932740e-001,0.000000e+000,,,,,,,,,,,,,,32,1,4.000000e+000,1.377106e-003,0.000000e+000,0,,0,
1524132801.348,,0.000000e+000,3.299888e+001,-1.942268e-004,0.000000e+000,3,9.930419e-001,0.000000e+000,,,,,,,,,,,,,,32,1,4.000000e+000,1.377106e-003,0.000000e+000,0,,0,
1524132813.285,,0.000000e+000,3.299923e+001,-1.942172e-004,0.000000e+000,3,9.927016e-001,0.000000e+000,,,,,,,,,,,,,,32,1,4.000000e+000,2.067566e-003,0.000000e+000,0,,0,
1524132825.588,,0.000000e+000,3.299888e+001,-1.941596e-004,0.000000e+000,3,9.929724e-001,0.000000e+000,,,,,,,,,,,,,,32,1,4.000000e+000,0.000000e+000,0.000000e+000,0,,0,
1524132838.276,,0.000000e+000,3.299922e+001,-1.941918e-004,0.000000e+000,3,9.931660e-001,0.000000e+000,,,,,,,,,,,,,,32,1,4.000000e+000,6.904602e-004,0.000000e+000,0,,0,
1524132851.236,,0.000000e+000,3.300026e+001,-1.941887e-004,0.000000e+000,3,9.930884e-001,0.000000e+000,,,,,,,,,,,,,,32,1,4.000000e+000,1.380920e-003,0.000000e+000,0,,0,
1524132863.986,,0.000000e+000,3.299922e+001,-1.942487e-004,0.000000e+000,3,9.930423e-001,0.000000e+000,,,,,,,,,,,,,,32,1,4.000000e+000,6.904602e-004,0.000000e+000,0,,0,
1524132875.924,,0.000000e+000,3.299922e+001,-1.942584e-004,0.000000e+000,3,9.929010e-001,0.000000e+000,,,,,,,,,,,,,,32,1,4.000000e+000,6.904602e-004,0.000000e+000,0,,0,
1524132888.224,,0.000000e+000,3.299922e+001,-1.942875e-004,0.000000e+000,3,9.929779e-001,0.000000e+000,,,,,,,,,,,,,,32,1,4.000000e+000,6.904602e-004,0.000000e+000,0,,0,
1524132900.909,,0.000000e+000,3.299819e+001,-1.942689e-004,0.000000e+000,3,9.930775e-001,0.000000e+000,,,,,,,,,,,,,,32,1,4.000000e+000,1.377106e-003,0.000000e+000,0,,0,
1524132913.872,,0.000000e+000,3.300130e+001,-1.942510e-004,0.000000e+000,3,9.930525e-001,0.000000e+000,,,,,,,,,,,,,,32,1,4.000000e+000,3.459930e-003,0.000000e+000,0,,0,
1524132926.830,,0.000000e+000,3.300130e+001,-1.942832e-004,0.000000e+000,3,9.931092e-001,0.000000e+000,,,,,,,,,,,,,,32,1,4.000000e+000,3.459930e-003,0.000000e+000,0,,0,
1524132939.790,,0.000000e+000,3.299646e+001,-1.943316e-004,0.000000e+000,3,9.931467e-001,0.000000e+000,,,,,,,,,,,,,,32,1,4.000000e+000,6.217957e-003,0.000000e+000,0,,0,
1524132952.540,,0.000000e+000,3.299922e+001,-1.943520e-004,0.000000e+000,3,9.930362e-001,0.000000e+000,,,,,,,,,,,,,,32,1,4.000000e+000,6.904602e-004,0.000000e+000,0,,0,
1524132964.490,,0.000000e+000,3.299922e+001,-1.943916e-004,0.000000e+000,3,9.928995e-001,0.000000e+000,,,,,,,,,,,,,,32,1,4.000000e+000,6.904602e-004,0.000000e+000,0,,0,
1524132976.758,,0.000000e+000,3.299888e+001,-1.943879e-004,0.000000e+000,3,9.929592e-001,0.000000e+000,,,,,,,,,,,,,,32,1,4.000000e+000,0.000000e+000,0.000000e+000,0,,0,
1524132989.476,,0.000000e+000,3.299922e+001,-1.943510e-004,0.000000e+000,3,9.930893e-001,0.000000e+000,,,,,,,,,,,,,,32,1,4.000000e+000,6.904602e-004,0.000000e+000,0,,0,
1524133002.436,,0.000000e+000,3.300130e+001,-1.943650e-004,0.000000e+000,3,9.930964e-001,0.000000e+000,,,,,,,,,,,,,,32,1,4.000000e+000,6.217957e-003,0.000000e+000,0,,0,
1524133014.581,,0.000000e+000,3.299854e+001,-1.944489e-004,0.000000e+000,3,9.930203e-001,0.000000e+000,,,,,,,,,,,,,,32,1,4.000000e+000,6.866455e-004,0.000000e+000,0,,0,
1524133027.366,,0.000000e+000,3.299888e+001,-1.944455e-004,0.000000e+000,3,9.928282e-001,0.000000e+000,,,,,,,,,,,,,,32,1,4.000000e+000,0.000000e+000,0.000000e+000,0,,0,
1524133039.316,,0.000000e+000,3.299888e+001,-1.943963e-004,0.000000e+000,3,9.929972e-001,0.000000e+000,,,,,,,,,,,,,,32,1,4.000000e+000,0.000000e+000,0.000000e+000,0,,0,
1524133051.811,,0.000000e+000,3.299785e+001,-1.944425e-004,0.000000e+000,3,9.929180e-001,0.000000e+000,,,,,,,,,,,,,,32,1,4.000000e+000,6.904602e-004,0.000000e+000,0,,0,
1524133064.539,,0.000000e+000,3.300027e+001,-1.944267e-004,0.000000e+000,3,9.931480e-001,0.000000e+000,,,,,,,,,,,,,,32,1,4.000000e+000,2.773285e-003,0.000000e+000,0,,0,
1524133077.289,,0.000000e+000,3.299957e+001,-1.944777e-004,0.000000e+000,3,9.929755e-001,0.000000e+000,,,,,,,,,,,,,,32,1,4.000000e+000,0.000000e+000,0.000000e+000,0,,0,
1524133089.174,,0.000000e+000,3.299922e+001,-1.944739e-004,0.000000e+000,3,9.929096e-001,0.000000e+000,,,,,,,,,,,,,,32,1,4.000000e+000,6.904602e-004,0.000000e+000,0,,0,
1524133101.507,,0.000000e+000,3.299750e+001,-1.945040e-004,0.000000e+000,3,9.930108e-001,0.000000e+000,,,,,,,,,,,,,,32,1,4.000000e+000,2.758026e-003,0.000000e+000,0,,0,
1524133114.195,,0.000000e+000,3.299922e+001,-1.944758e-004,0.000000e+000,3,9.931588e-001,0.000000e+000,,,,,,,,,,,,,,32,1,4.000000e+000,6.904602e-004,0.000000e+000,0,,0,
