[Header]
TITLE,MPMS DC Measurement
BYAPP,MPMS Measurement,2.1,Summary
FILEOPENTIME, 1524168711.746000 4/19/2018, 2:11:51 PM

INFO, APPNAME, MPMS MultiVu Application, Revision 1.61,  Build 082

INFO, NAME, MFn1
INFO, WEIGHT, 1.000
INFO, AREA, 1.000
INFO, LENGTH, 1.000
INFO, SHAPE, 0
INFO, COMMENT, 
INFO, SEQUENCE FILE: VRMac_37K_6000s_VRMde_35K.seq


INFO, BACKGROUND DATA FILE:, None


STARTUPAXIS,X,4,LINEAR,AUTO,0.000000,0.000000
STARTUPAXIS,Y1,5,LINEAR,AUTO,0.000000,0.000000


STARTUPGROUP,Longitudinal
FIELDGROUP,Longitudinal,1,2,3,4,5,6,7,8,9,15,16,17,18,27,28
FIELDGROUP,Transverse,1,2,3,4,10,11,12,13,14,19,20,21,22,27,28

PLOT_APPEARANCE,ALL,HORZ_GRID_ON,VERT_GRID_ON,MARKERS_AND_LINES

[Data]
Time,Comment,Field (Oe),Temperature (K),Long Moment (emu),Long Scan Std Dev,Long Algorithm,Long Reg Fit,Long Percent Error (%),Trans Moment (emu),Trans Scan Std Dev,Trans Algorithm,Trans Reg Fit,Trans Percent Error (%),Long Moment [w/o ABS] (emu),Long Scan Std Dev [w/o ABS],Long Reg Fit [w/o ABS],Long Percent Error [w/o ABS] (%),Trans Moment [w/o ABS] (emu),Trans Scan Std Dev [w/o ABS],Trans Reg Fit [w/o ABS],Trans Percent Error [w/o ABS] (%),Points per Scan,Scans per Measurement,Scan Length (cm),Delta Temp (K),Rot Position (deg),Error,EC Comp. Running,Using ABS,
1524168711.743,,0.000000e+000,3.699522e+001,-1.804603e-004,0.000000e+000,3,9.921954e-001,0.000000e+000,,,,,,,,,,,,,,32,1,4.000000e+000,8.773804e-004,0.000000e+000,0,,0,
1524168724.151,,0.000000e+000,3.699522e+001,-1.835902e-004,0.000000e+000,3,9.924548e-001,0.000000e+000,,,,,,,,,,,,,,32,1,4.000000e+000,8.773804e-004,0.000000e+000,0,,0,
1524168737.211,,0.000000e+000,3.699786e+001,-1.854076e-004,0.000000e+000,3,9.927198e-001,0.000000e+000,,,,,,,,,,,,,,32,1,4.000000e+000,8.697510e-004,0.000000e+000,0,,0,
1524168749.089,,0.000000e+000,3.699873e+001,-1.867089e-004,0.000000e+000,3,9.922439e-001,0.000000e+000,,,,,,,,,,,,,,32,1,4.000000e+000,8.773804e-004,0.000000e+000,0,,0,
1524168762.169,,0.000000e+000,3.700005e+001,-1.878930e-004,0.000000e+000,3,9.926935e-001,0.000000e+000,,,,,,,,,,,,,,32,1,4.000000e+000,0.000000e+000,0.000000e+000,0,,0,
1524168774.037,,0.000000e+000,3.700049e+001,-1.887833e-004,0.000000e+000,3,9.926403e-001,0.000000e+000,,,,,,,,,,,,,,32,1,4.000000e+000,8.811951e-004,0.000000e+000,0,,0,
1524168787.099,,0.000000e+000,3.700005e+001,-1.895411e-004,0.000000e+000,3,9.926764e-001,0.000000e+000,,,,,,,,,,,,,,32,1,4.000000e+000,1.762390e-003,0.000000e+000,0,,0,
1524168799.555,,0.000000e+000,3.699873e+001,-1.902405e-004,0.000000e+000,3,9.928344e-001,0.000000e+000,,,,,,,,,,,,,,32,1,4.000000e+000,2.628326e-003,0.000000e+000,0,,0,
1524168812.040,,0.000000e+000,3.699917e+001,-1.907370e-004,0.000000e+000,3,9.926518e-001,0.000000e+000,,,,,,,,,,,,,,32,1,4.000000e+000,0.000000e+000,0.000000e+000,0,,0,
1524168824.512,,0.000000e+000,3.699917e+001,-1.913879e-004,0.000000e+000,3,9.930021e-001,0.000000e+000,,,,,,,,,,,,,,32,1,4.000000e+000,1.758575e-003,0.000000e+000,0,,0,
1524168836.963,,0.000000e+000,3.699917e+001,-1.917709e-004,0.000000e+000,3,9.927428e-001,0.000000e+000,,,,,,,,,,,,,,32,1,4.000000e+000,0.000000e+000,0.000000e+000,0,,0,
1524168849.465,,0.000000e+000,3.699917e+001,-1.922427e-004,0.000000e+000,3,9.927818e-001,0.000000e+000,,,,,,,,,,,,,,32,1,4.000000e+000,0.000000e+000,0.000000e+000,0,,0,
1524168861.940,,0.000000e+000,3.699873e+001,-1.927093e-004,0.000000e+000,3,9.927875e-001,0.000000e+000,,,,,,,,,,,,,,32,1,4.000000e+000,2.628326e-003,0.000000e+000,0,,0,
1524168873.813,,0.000000e+000,3.699961e+001,-1.931016e-004,0.000000e+000,3,9.928215e-001,0.000000e+000,,,,,,,,,,,,,,32,1,4.000000e+000,8.811951e-004,0.000000e+000,0,,0,
1524168886.876,,0.000000e+000,3.699873e+001,-1.934629e-004,0.000000e+000,3,9.928958e-001,0.000000e+000,,,,,,,,,,,,,,32,1,4.000000e+000,8.773804e-004,0.000000e+000,0,,0,
1524168898.988,,0.000000e+000,3.699873e+001,-1.937678e-004,0.000000e+000,3,9.928351e-001,0.000000e+000,,,,,,,,,,,,,,32,1,4.000000e+000,8.773804e-004,0.000000e+000,0,,0,
1524168911.419,,0.000000e+000,3.699873e+001,-1.941939e-004,0.000000e+000,3,9.928894e-001,0.000000e+000,,,,,,,,,,,,,,32,1,4.000000e+000,8.773804e-004,0.000000e+000,0,,0,
1524168923.879,,0.000000e+000,3.699786e+001,-1.944650e-004,0.000000e+000,3,9.929283e-001,0.000000e+000,,,,,,,,,,,,,,32,1,4.000000e+000,8.697510e-004,0.000000e+000,0,,0,
1524168936.589,,0.000000e+000,3.699786e+001,-1.946905e-004,0.000000e+000,3,9.929293e-001,0.000000e+000,,,,,,,,,,,,,,32,1,4.000000e+000,8.697510e-004,0.000000e+000,0,,0,
1524168949.194,,0.000000e+000,3.699829e+001,-1.949811e-004,0.000000e+000,3,9.927980e-001,0.000000e+000,,,,,,,,,,,,,,32,1,4.000000e+000,0.000000e+000,0.000000e+000,0,,0,
1524168961.669,,0.000000e+000,3.699873e+001,-1.952312e-004,0.000000e+000,3,9.926587e-001,0.000000e+000,,,,,,,,,,,,,,32,1,4.000000e+000,2.628326e-003,0.000000e+000,0,,0,
1524168973.839,,0.000000e+000,3.699917e+001,-1.954613e-004,0.000000e+000,3,9.928355e-001,0.000000e+000,,,,,,,,,,,,,,32,1,4.000000e+000,0.000000e+000,0.000000e+000,0,,0,
1524168986.287,,0.000000e+000,3.699829e+001,-1.957606e-004,0.000000e+000,3,9.929211e-001,0.000000e+000,,,,,,,,,,,,,,32,1,4.000000e+000,0.000000e+000,0.000000e+000,0,,0,
1524168998.755,,0.000000e+000,3.699786e+001,-1.958921e-004,0.000000e+000,3,9.926931e-001,0.000000e+000,,,,,,,,,,,,,,32,1,4.000000e+000,8.697510e-004,0.000000e+000,0,,0,
1524169011.220,,0.000000e+000,3.699829e+001,-1.961563e-004,0.000000e+000,3,9.928430e-001,0.000000e+000,,,,,,,,,,,,,,32,1,4.000000e+000,0.000000e+000,0.000000e+000,0,,0,
1524169024.013,,0.000000e+000,3.699698e+001,-1.963525e-004,0.000000e+000,3,9.929245e-001,0.000000e+000,,,,,,,,,,,,,,32,1,4.000000e+000,8.811951e-004,0.000000e+000,0,,0,
1524169036.090,,0.000000e+000,3.699786e+001,-1.965803e-004,0.000000e+000,3,9.928052e-001,0.000000e+000,,,,,,,,,,,,,,32,1,4.000000e+000,8.697510e-004,0.000000e+000,0,,0,
1524169048.666,,0.000000e+000,3.699786e+001,-1.967851e-004,0.000000e+000,3,9.928032e-001,0.000000e+000,,,,,,,,,,,,,,32,1,4.000000e+000,8.697510e-004,0.000000e+000,0,,0,
1524169061.468,,0.000000e+000,3.699829e+001,-1.968817e-004,0.000000e+000,3,9.927861e-001,0.000000e+000,,,,,,,,,,,,,,32,1,4.000000e+000,1.747131e-003,0.000000e+000,0,,0,
1524169073.521,,0.000000e+000,3.699786e+001,-1.971857e-004,0.000000e+000,3,9.928836e-001,0.000000e+000,,,,,,,,,,,,,,32,1,4.000000e+000,8.697510e-004,0.000000e+000,0,,0,
1524169085.996,,0.000000e+000,3.699742e+001,-1.973706e-004,0.000000e+000,3,9.928689e-001,0.000000e+000,,,,,,,,,,,,,,32,1,4.000000e+000,0.000000e+000,0.000000e+000,0,,0,
1524169098.551,,0.000000e+000,3.699829e+001,-1.975289e-004,0.000000e+000,3,9.927541e-001,0.000000e+000,,,,,,,,,,,,,,32,1,4.000000e+000,1.747131e-003,0.000000e+000,0,,0,
1524169111.024,,0.000000e+000,3.699917e+001,-1.977102e-004,0.000000e+000,3,9.928812e-001,0.000000e+000,,,,,,,,,,,,,,32,1,4.000000e+000,1.758575e-003,0.000000e+000,0,,0,
1524169123.797,,0.000000e+000,3.699786e+001,-1.978689e-004,0.000000e+000,3,9.929665e-001,0.000000e+000,,,,,,,,,,,,,,32,1,4.000000e+000,8.697510e-004,0.000000e+000,0,,0,
1524169135.729,,0.000000e+000,3.699741e+001,-1.979847e-004,0.000000e+000,3,9.928467e-001,0.000000e+000,,,,,,,,,,,,,,32,1,4.000000e+000,1.750946e-003,0.000000e+000,0,,0,
1524169148.295,,0.000000e+000,3.699698e+001,-1.981619e-004,0.000000e+000,3,9.929328e-001,0.000000e+000,,,,,,,,,,,,,,32,1,4.000000e+000,8.811951e-004,0.000000e+000,0,,0,
1524169160.727,,0.000000e+000,3.699698e+001,-1.983245e-004,0.000000e+000,3,9.930627e-001,0.000000e+000,,,,,,,,,,,,,,32,1,4.000000e+000,8.811951e-004,0.000000e+000,0,,0,
1524169173.205,,0.000000e+000,3.699786e+001,-1.984878e-004,0.000000e+000,3,9.930215e-001,0.000000e+000,,,,,,,,,,,,,,32,1,4.000000e+000,8.697510e-004,0.000000e+000,0,,0,
1524169185.658,,0.000000e+000,3.699741e+001,-1.986440e-004,0.000000e+000,3,9.928946e-001,0.000000e+000,,,,,,,,,,,,,,32,1,4.000000e+000,1.750946e-003,0.000000e+000,0,,0,
1524169198.143,,0.000000e+000,3.699786e+001,-1.987599e-004,0.000000e+000,3,9.928743e-001,0.000000e+000,,,,,,,,,,,,,,32,1,4.000000e+000,8.697510e-004,0.000000e+000,0,,0,
1524169210.483,,0.000000e+000,3.699786e+001,-1.989344e-004,0.000000e+000,3,9.930291e-001,0.000000e+000,,,,,,,,,,,,,,32,1,4.000000e+000,8.697510e-004,0.000000e+000,0,,0,
1524169223.071,,0.000000e+000,3.699829e+001,-1.990652e-004,0.000000e+000,3,9.929917e-001,0.000000e+000,,,,,,,,,,,,,,32,1,4.000000e+000,0.000000e+000,0.000000e+000,0,,0,
1524169235.553,,0.000000e+000,3.699829e+001,-1.991930e-004,0.000000e+000,3,9.929650e-001,0.000000e+000,,,,,,,,,,,,,,32,1,4.000000e+000,0.000000e+000,0.000000e+000,0,,0,
1524169247.964,,0.000000e+000,3.699741e+001,-1.992657e-004,0.000000e+000,3,9.929799e-001,0.000000e+000,,,,,,,,,,,,,,32,1,4.000000e+000,1.750946e-003,0.000000e+000,0,,0,
1524169260.579,,0.000000e+000,3.699961e+001,-1.993775e-004,0.000000e+000,3,9.928194e-001,0.000000e+000,,,,,,,,,,,,,,32,1,4.000000e+000,8.811951e-004,0.000000e+000,0,,0,
1524169273.071,,0.000000e+000,3.699961e+001,-1.995084e-004,0.000000e+000,3,9.929644e-001,0.000000e+000,,,,,,,,,,,,,,32,1,4.000000e+000,8.811951e-004,0.000000e+000,0,,0,
1524169285.822,,0.000000e+000,3.699786e+001,-1.996245e-004,0.000000e+000,3,9.928963e-001,0.000000e+000,,,,,,,,,,,,,,32,1,4.000000e+000,8.697510e-004,0.000000e+000,0,,0,
1524169297.892,,0.000000e+000,3.699829e+001,-1.997429e-004,0.000000e+000,3,9.929755e-001,0.000000e+000,,,,,,,,,,,,,,32,1,4.000000e+000,0.000000e+000,0.000000e+000,0,,0,
1524169310.369,,0.000000e+000,3.699829e+001,-1.998980e-004,0.000000e+000,3,9.929032e-001,0.000000e+000,,,,,,,,,,,,,,32,1,4.000000e+000,0.000000e+000,0.000000e+000,0,,0,
1524169322.457,,0.000000e+000,3.699786e+001,-1.999832e-004,0.000000e+000,3,9.929936e-001,0.000000e+000,,,,,,,,,,,,,,32,1,4.000000e+000,8.697510e-004,0.000000e+000,0,,0,
1524169334.987,,0.000000e+000,3.699742e+001,-2.001173e-004,0.000000e+000,3,9.930636e-001,0.000000e+000,,,,,,,,,,,,,,32,1,4.000000e+000,0.000000e+000,0.000000e+000,0,,0,
1524169347.320,,0.000000e+000,3.699567e+001,-2.002172e-004,0.000000e+000,3,9.931028e-001,0.000000e+000,,,,,,,,,,,,,,32,1,4.000000e+000,3.509521e-003,0.000000e+000,0,,0,
1524169359.785,,0.000000e+000,3.699391e+001,-2.003330e-004,0.000000e+000,3,9.930010e-001,0.000000e+000,,,,,,,,,,,,,,32,1,4.000000e+000,0.000000e+000,0.000000e+000,0,,0,
1524169372.263,,0.000000e+000,3.699567e+001,-2.004402e-004,0.000000e+000,3,9.929371e-001,0.000000e+000,,,,,,,,,,,,,,32,1,4.000000e+000,3.509521e-003,0.000000e+000,0,,0,
1524169384.816,,0.000000e+000,3.699697e+001,-2.005360e-004,0.000000e+000,3,9.928921e-001,0.000000e+000,,,,,,,,,,,,,,32,1,4.000000e+000,2.632141e-003,0.000000e+000,0,,0,
1524169397.213,,0.000000e+000,3.699829e+001,-2.006233e-004,0.000000e+000,3,9.926920e-001,0.000000e+000,,,,,,,,,,,,,,32,1,4.000000e+000,0.000000e+000,0.000000e+000,0,,0,
1524169409.666,,0.000000e+000,3.699610e+001,-2.006994e-004,0.000000e+000,3,9.930516e-001,0.000000e+000,,,,,,,,,,,,,,32,1,4.000000e+000,2.639771e-003,0.000000e+000,0,,0,
1524169422.099,,0.000000e+000,3.699610e+001,-2.008020e-004,0.000000e+000,3,9.929506e-001,0.000000e+000,,,,,,,,,,,,,,32,1,4.000000e+000,2.639771e-003,0.000000e+000,0,,0,
1524169434.574,,0.000000e+000,3.699479e+001,-2.009226e-004,0.000000e+000,3,9.929065e-001,0.000000e+000,,,,,,,,,,,,,,32,1,4.000000e+000,1.747131e-003,0.000000e+000,0,,0,
1524169447.124,,0.000000e+000,3.699654e+001,-2.010031e-004,0.000000e+000,3,9.930158e-001,0.000000e+000,,,,,,,,,,,,,,32,1,4.000000e+000,1.762390e-003,0.000000e+000,0,,0,
1524169459.507,,0.000000e+000,3.699873e+001,-2.011206e-004,0.000000e+000,3,9.931249e-001,0.000000e+000,,,,,,,,,,,,,,32,1,4.000000e+000,2.628326e-003,0.000000e+000,0,,0,
1524169472.009,,0.000000e+000,3.699522e+001,-2.011860e-004,0.000000e+000,3,9.929912e-001,0.000000e+000,,,,,,,,,,,,,,32,1,4.000000e+000,8.773804e-004,0.000000e+000,0,,0,
1524169484.445,,0.000000e+000,3.699741e+001,-2.013053e-004,0.000000e+000,3,9.929983e-001,0.000000e+000,,,,,,,,,,,,,,32,1,4.000000e+000,5.268097e-003,0.000000e+000,0,,0,
1524169496.917,,0.000000e+000,3.699697e+001,-2.013758e-004,0.000000e+000,3,9.929464e-001,0.000000e+000,,,,,,,,,,,,,,32,1,4.000000e+000,2.632141e-003,0.000000e+000,0,,0,
1524169509.435,,0.000000e+000,3.699610e+001,-2.014730e-004,0.000000e+000,3,9.929451e-001,0.000000e+000,,,,,,,,,,,,,,32,1,4.000000e+000,8.811951e-004,0.000000e+000,0,,0,
1524169521.803,,0.000000e+000,3.699786e+001,-2.016030e-004,0.000000e+000,3,9.930538e-001,0.000000e+000,,,,,,,,,,,,,,32,1,4.000000e+000,2.628326e-003,0.000000e+000,0,,0,
1524169534.300,,0.000000e+000,3.699786e+001,-2.016884e-004,0.000000e+000,3,9.930229e-001,0.000000e+000,,,,,,,,,,,,,,32,1,4.000000e+000,2.628326e-003,0.000000e+000,0,,0,
1524169546.888,,0.000000e+000,3.699698e+001,-2.017623e-004,0.000000e+000,3,9.930659e-001,0.000000e+000,,,,,,,,,,,,,,32,1,4.000000e+000,8.811951e-004,0.000000e+000,0,,0,
1524169559.228,,0.000000e+000,3.700093e+001,-2.018401e-004,0.000000e+000,3,9.930799e-001,0.000000e+000,,,,,,,,,,,,,,32,1,4.000000e+000,0.000000e+000,0.000000e+000,0,,0,
1524169571.793,,0.000000e+000,3.699873e+001,-2.019352e-004,0.000000e+000,3,9.930195e-001,0.000000e+000,,,,,,,,,,,,,,32,1,4.000000e+000,4.390717e-003,0.000000e+000,0,,0,
1524169584.226,,0.000000e+000,3.699698e+001,-2.020133e-004,0.000000e+000,3,9.929470e-001,0.000000e+000,,,,,,,,,,,,,,32,1,4.000000e+000,8.811951e-004,0.000000e+000,0,,0,
1524169596.644,,0.000000e+000,3.699961e+001,-2.020611e-004,0.000000e+000,3,9.929705e-001,0.000000e+000,,,,,,,,,,,,,,32,1,4.000000e+000,4.386902e-003,0.000000e+000,0,,0,
1524169609.089,,0.000000e+000,3.699918e+001,-2.021490e-004,0.000000e+000,3,9.930659e-001,0.000000e+000,,,,,,,,,,,,,,32,1,4.000000e+000,5.268097e-003,0.000000e+000,0,,0,
1524169621.549,,0.000000e+000,3.700225e+001,-2.022091e-004,0.000000e+000,3,9.930452e-001,0.000000e+000,,,,,,,,,,,,,,32,1,4.000000e+000,8.811951e-004,0.000000e+000,0,,0,
1524169634.104,,0.000000e+000,3.700005e+001,-2.023013e-004,0.000000e+000,3,9.930057e-001,0.000000e+000,,,,,,,,,,,,,,32,1,4.000000e+000,3.517151e-003,0.000000e+000,0,,0,
1524169646.504,,0.000000e+000,3.699786e+001,-2.023639e-004,0.000000e+000,3,9.929414e-001,0.000000e+000,,,,,,,,,,,,,,32,1,4.000000e+000,8.697510e-004,0.000000e+000,0,,0,
1524169658.937,,0.000000e+000,3.700005e+001,-2.024384e-004,0.000000e+000,3,9.931633e-001,0.000000e+000,,,,,,,,,,,,,,32,1,4.000000e+000,3.517151e-003,0.000000e+000,0,,0,
1524169671.417,,0.000000e+000,3.699741e+001,-2.025049e-004,0.000000e+000,3,9.930056e-001,0.000000e+000,,,,,,,,,,,,,,32,1,4.000000e+000,1.750946e-003,0.000000e+000,0,,0,
1524169683.880,,0.000000e+000,3.700181e+001,-2.025983e-004,0.000000e+000,3,9.930357e-001,0.000000e+000,,,,,,,,,,,,,,32,1,4.000000e+000,0.000000e+000,0.000000e+000,0,,0,
1524169696.448,,0.000000e+000,3.700049e+001,-2.026483e-004,0.000000e+000,3,9.929789e-001,0.000000e+000,,,,,,,,,,,,,,32,1,4.000000e+000,2.639771e-003,0.000000e+000,0,,0,
1524169708.798,,0.000000e+000,3.699873e+001,-2.027572e-004,0.000000e+000,3,9.933558e-001,0.000000e+000,,,,,,,,,,,,,,32,1,4.000000e+000,6.149292e-003,0.000000e+000,0,,0,
1524169721.295,,0.000000e+000,3.700093e+001,-2.027510e-004,0.000000e+000,3,9.927890e-001,0.000000e+000,,,,,,,,,,,,,,32,1,4.000000e+000,1.758575e-003,0.000000e+000,0,,0,
1524169733.746,,0.000000e+000,3.699742e+001,-2.029139e-004,0.000000e+000,3,9.930639e-001,0.000000e+000,,,,,,,,,,,,,,32,1,4.000000e+000,0.000000e+000,0.000000e+000,0,,0,
1524169746.238,,0.000000e+000,3.699654e+001,-2.029474e-004,0.000000e+000,3,9.930279e-001,0.000000e+000,,,,,,,,,,,,,,32,1,4.000000e+000,1.762390e-003,0.000000e+000,0,,0,
1524169758.753,,0.000000e+000,3.699786e+001,-2.029782e-004,0.000000e+000,3,9.929814e-001,0.000000e+000,,,,,,,,,,,,,,32,1,4.000000e+000,4.390717e-003,0.000000e+000,0,,0,
1524169771.141,,0.000000e+000,3.699873e+001,-2.031027e-004,0.000000e+000,3,9.930252e-001,0.000000e+000,,,,,,,,,,,,,,32,1,4.000000e+000,2.628326e-003,0.000000e+000,0,,0,
1524169783.624,,0.000000e+000,3.699829e+001,-2.031333e-004,0.000000e+000,3,9.928920e-001,0.000000e+000,,,,,,,,,,,,,,32,1,4.000000e+000,1.747131e-003,0.000000e+000,0,,0,
1524169796.222,,0.000000e+000,3.699391e+001,-2.032140e-004,0.000000e+000,3,9.930136e-001,0.000000e+000,,,,,,,,,,,,,,32,1,4.000000e+000,0.000000e+000,0.000000e+000,0,,0,
1524169808.549,,0.000000e+000,3.699786e+001,-2.032527e-004,0.000000e+000,3,9.931337e-001,0.000000e+000,,,,,,,,,,,,,,32,1,4.000000e+000,7.896423e-003,0.000000e+000,0,,0,
1524169821.097,,0.000000e+000,3.699697e+001,-2.033791e-004,0.000000e+000,3,9.930490e-001,0.000000e+000,,,,,,,,,,,,,,32,1,4.000000e+000,4.386902e-003,0.000000e+000,0,,0,
1524169833.482,,0.000000e+000,3.699698e+001,-2.034164e-004,0.000000e+000,3,9.930426e-001,0.000000e+000,,,,,,,,,,,,,,32,1,4.000000e+000,8.811951e-004,0.000000e+000,0,,0,
1524169845.912,,0.000000e+000,3.699654e+001,-2.034509e-004,0.000000e+000,3,9.929824e-001,0.000000e+000,,,,,,,,,,,,,,32,1,4.000000e+000,1.762390e-003,0.000000e+000,0,,0,
1524169858.562,,0.000000e+000,3.699391e+001,-2.035013e-004,0.000000e+000,3,9.931223e-001,0.000000e+000,,,,,,,,,,,,,,32,1,4.000000e+000,0.000000e+000,0.000000e+000,0,,0,
1524169871.483,,0.000000e+000,3.699435e+001,-2.036075e-004,0.000000e+000,3,9.929377e-001,0.000000e+000,,,,,,,,,,,,,,32,1,4.000000e+000,8.697510e-004,0.000000e+000,0,,0,
1524169884.528,,0.000000e+000,3.699873e+001,-2.037075e-004,0.000000e+000,3,9.930406e-001,0.000000e+000,,,,,,,,,,,,,,32,1,4.000000e+000,7.907867e-003,0.000000e+000,0,,0,
1524169897.016,,0.000000e+000,3.699786e+001,-2.037839e-004,0.000000e+000,3,9.928498e-001,0.000000e+000,,,,,,,,,,,,,,32,1,4.000000e+000,8.697510e-004,0.000000e+000,0,,0,
1524169909.461,,0.000000e+000,3.699873e+001,-2.038173e-004,0.000000e+000,3,9.929848e-001,0.000000e+000,,,,,,,,,,,,,,32,1,4.000000e+000,8.773804e-004,0.000000e+000,0,,0,
1524169921.578,,0.000000e+000,3.699610e+001,-2.038970e-004,0.000000e+000,3,9.930050e-001,0.000000e+000,,,,,,,,,,,,,,32,1,4.000000e+000,4.379272e-003,0.000000e+000,0,,0,
1524169933.841,,0.000000e+000,3.699435e+001,-2.039368e-004,0.000000e+000,3,9.929131e-001,0.000000e+000,,,,,,,,,,,,,,32,1,4.000000e+000,8.697510e-004,0.000000e+000,0,,0,
1524169946.289,,0.000000e+000,3.699697e+001,-2.039862e-004,0.000000e+000,3,9.930196e-001,0.000000e+000,,,,,,,,,,,,,,32,1,4.000000e+000,4.386902e-003,0.000000e+000,0,,0,
1524169959.326,,0.000000e+000,3.699610e+001,-2.040700e-004,0.000000e+000,3,9.931196e-001,0.000000e+000,,,,,,,,,,,,,,32,1,4.000000e+000,4.379272e-003,0.000000e+000,0,,0,
1524169971.817,,0.000000e+000,3.699654e+001,-2.041057e-004,0.000000e+000,3,9.930839e-001,0.000000e+000,,,,,,,,,,,,,,32,1,4.000000e+000,5.256653e-003,0.000000e+000,0,,0,
1524169984.262,,0.000000e+000,3.699829e+001,-2.041613e-004,0.000000e+000,3,9.930141e-001,0.000000e+000,,,,,,,,,,,,,,32,1,4.000000e+000,5.271912e-003,0.000000e+000,0,,0,
1524169996.152,,0.000000e+000,3.699522e+001,-2.042494e-004,0.000000e+000,3,9.930006e-001,0.000000e+000,,,,,,,,,,,,,,32,1,4.000000e+000,8.773804e-004,0.000000e+000,0,,0,
1524170009.195,,0.000000e+000,3.699961e+001,-2.042883e-004,0.000000e+000,3,9.929973e-001,0.000000e+000,,,,,,,,,,,,,,32,1,4.000000e+000,8.811951e-004,0.000000e+000,0,,0,
1524170021.692,,0.000000e+000,3.699917e+001,-2.043477e-004,0.000000e+000,3,9.930362e-001,0.000000e+000,,,,,,,,,,,,,,32,1,4.000000e+000,0.000000e+000,0.000000e+000,0,,0,
1524170034.373,,0.000000e+000,3.699961e+001,-2.043813e-004,0.000000e+000,3,9.932150e-001,0.000000e+000,,,,,,,,,,,,,,32,1,4.000000e+000,4.386902e-003,0.000000e+000,0,,0,
1524170046.908,,0.000000e+000,3.699741e+001,-2.044584e-004,0.000000e+000,3,9.931126e-001,0.000000e+000,,,,,,,,,,,,,,32,1,4.000000e+000,3.509521e-003,0.000000e+000,0,,0,
1524170059.685,,0.000000e+000,3.699829e+001,-2.044741e-004,0.000000e+000,3,9.932252e-001,0.000000e+000,,,,,,,,,,,,,,32,1,4.000000e+000,1.747131e-003,0.000000e+000,0,,0,
1524170072.413,,0.000000e+000,3.699873e+001,-2.045274e-004,0.000000e+000,3,9.930714e-001,0.000000e+000,,,,,,,,,,,,,,32,1,4.000000e+000,8.773804e-004,0.000000e+000,0,,0,
1524170084.901,,0.000000e+000,3.699390e+001,-2.045801e-004,0.000000e+000,3,9.930238e-001,0.000000e+000,,,,,,,,,,,,,,32,1,4.000000e+000,1.750946e-003,0.000000e+000,0,,0,
1524170097.381,,0.000000e+000,3.699610e+001,-2.046332e-004,0.000000e+000,3,9.929914e-001,0.000000e+000,,,,,,,,,,,,,,32,1,4.000000e+000,2.639771e-003,0.000000e+000,0,,0,
1524170109.876,,0.000000e+000,3.699741e+001,-2.047400e-004,0.000000e+000,3,9.931538e-001,0.000000e+000,,,,,,,,,,,,,,32,1,4.000000e+000,5.268097e-003,0.000000e+000,0,,0,
1524170122.426,,0.000000e+000,3.699786e+001,-2.047585e-004,0.000000e+000,3,9.930629e-001,0.000000e+000,,,,,,,,,,,,,,32,1,4.000000e+000,8.697510e-004,0.000000e+000,0,,0,
1524170134.789,,0.000000e+000,3.699786e+001,-2.047972e-004,0.000000e+000,3,9.930363e-001,0.000000e+000,,,,,,,,,,,,,,32,1,4.000000e+000,8.697510e-004,0.000000e+000,0,,0,
1524170147.244,,0.000000e+000,3.699742e+001,-2.048514e-004,0.000000e+000,3,9.931313e-001,0.000000e+000,,,,,,,,,,,,,,32,1,4.000000e+000,0.000000e+000,0.000000e+000,0,,0,
1524170159.707,,0.000000e+000,3.699829e+001,-2.049488e-004,0.000000e+000,3,9.931093e-001,0.000000e+000,,,,,,,,,,,,,,32,1,4.000000e+000,1.747131e-003,0.000000e+000,0,,0,
1524170172.220,,0.000000e+000,3.699478e+001,-2.049699e-004,0.000000e+000,3,9.930916e-001,0.000000e+000,,,,,,,,,,,,,,32,1,4.000000e+000,0.000000e+000,0.000000e+000,0,,0,
1524170185.817,,0.000000e+000,3.699697e+001,-2.050022e-004,0.000000e+000,3,9.929754e-001,0.000000e+000,,,,,,,,,,,,,,32,1,4.000000e+000,4.386902e-003,0.000000e+000,0,,0,
1524170198.308,,0.000000e+000,3.699654e+001,-2.050919e-004,0.000000e+000,3,9.930711e-001,0.000000e+000,,,,,,,,,,,,,,32,1,4.000000e+000,5.256653e-003,0.000000e+000,0,,0,
1524170210.750,,0.000000e+000,3.699918e+001,-2.051226e-004,0.000000e+000,3,9.930558e-001,0.000000e+000,,,,,,,,,,,,,,32,1,4.000000e+000,3.509521e-003,0.000000e+000,0,,0,
1524170222.638,,0.000000e+000,3.699610e+001,-2.051962e-004,0.000000e+000,3,9.930556e-001,0.000000e+000,,,,,,,,,,,,,,32,1,4.000000e+000,2.639771e-003,0.000000e+000,0,,0,
1524170235.691,,0.000000e+000,3.699654e+001,-2.052270e-004,0.000000e+000,3,9.930369e-001,0.000000e+000,,,,,,,,,,,,,,32,1,4.000000e+000,0.000000e+000,0.000000e+000,0,,0,
1524170247.791,,0.000000e+000,3.699829e+001,-2.052569e-004,0.000000e+000,3,9.930532e-001,0.000000e+000,,,,,,,,,,,,,,32,1,4.000000e+000,1.747131e-003,0.000000e+000,0,,0,
1524170260.638,,0.000000e+000,3.699698e+001,-2.053080e-004,0.000000e+000,3,9.931041e-001,0.000000e+000,,,,,,,,,,,,,,32,1,4.000000e+000,8.811951e-004,0.000000e+000,0,,0,
1524170273.116,,0.000000e+000,3.699786e+001,-2.053673e-004,0.000000e+000,3,9.931124e-001,0.000000e+000,,,,,,,,,,,,,,32,1,4.000000e+000,4.390717e-003,0.000000e+000,0,,0,
1524170284.974,,0.000000e+000,3.699741e+001,-2.054103e-004,0.000000e+000,3,9.930295e-001,0.000000e+000,,,,,,,,,,,,,,32,1,4.000000e+000,3.509521e-003,0.000000e+000,0,,0,
1524170297.494,,0.000000e+000,3.700049e+001,-2.054713e-004,0.000000e+000,3,9.930064e-001,0.000000e+000,,,,,,,,,,,,,,32,1,4.000000e+000,8.811951e-004,0.000000e+000,0,,0,
1524170309.952,,0.000000e+000,3.699918e+001,-2.055213e-004,0.000000e+000,3,9.930545e-001,0.000000e+000,,,,,,,,,,,,,,32,1,4.000000e+000,3.509521e-003,0.000000e+000,0,,0,
1524170322.989,,0.000000e+000,3.700093e+001,-2.055747e-004,0.000000e+000,3,9.931285e-001,0.000000e+000,,,,,,,,,,,,,,32,1,4.000000e+000,0.000000e+000,0.000000e+000,0,,0,
1524170334.844,,0.000000e+000,3.699873e+001,-2.056152e-004,0.000000e+000,3,9.931015e-001,0.000000e+000,,,,,,,,,,,,,,32,1,4.000000e+000,2.628326e-003,0.000000e+000,0,,0,
1524170347.900,,0.000000e+000,3.700093e+001,-2.056632e-004,0.000000e+000,3,9.931642e-001,0.000000e+000,,,,,,,,,,,,,,32,1,4.000000e+000,1.758575e-003,0.000000e+000,0,,0,
1524170360.395,,0.000000e+000,3.700005e+001,-2.057160e-004,0.000000e+000,3,9.931197e-001,0.000000e+000,,,,,,,,,,,,,,32,1,4.000000e+000,5.268097e-003,0.000000e+000,0,,0,
1524170372.825,,0.000000e+000,3.700049e+001,-2.057456e-004,0.000000e+000,3,9.929922e-001,0.000000e+000,,,,,,,,,,,,,,32,1,4.000000e+000,4.398346e-003,0.000000e+000,0,,0,
1524170385.320,,0.000000e+000,3.699961e+001,-2.057854e-004,0.000000e+000,3,9.930338e-001,0.000000e+000,,,,,,,,,,,,,,32,1,4.000000e+000,8.811951e-004,0.000000e+000,0,,0,
1524170397.783,,0.000000e+000,3.699918e+001,-2.058387e-004,0.000000e+000,3,9.929942e-001,0.000000e+000,,,,,,,,,,,,,,32,1,4.000000e+000,3.509521e-003,0.000000e+000,0,,0,
1524170410.248,,0.000000e+000,3.699829e+001,-2.058905e-004,0.000000e+000,3,9.930451e-001,0.000000e+000,,,,,,,,,,,,,,32,1,4.000000e+000,1.747131e-003,0.000000e+000,0,,0,
1524170422.936,,0.000000e+000,3.699786e+001,-2.058135e-004,0.000000e+000,3,9.932104e-001,0.000000e+000,,,,,,,,,,,,,,32,1,4.000000e+000,8.697510e-004,0.000000e+000,0,,0,
1524170435.518,,0.000000e+000,3.699873e+001,-2.058562e-004,0.000000e+000,3,9.929142e-001,0.000000e+000,,,,,,,,,,,,,,32,1,4.000000e+000,2.628326e-003,0.000000e+000,0,,0,
1524170447.984,,0.000000e+000,3.699829e+001,-2.059633e-004,0.000000e+000,3,9.931188e-001,0.000000e+000,,,,,,,,,,,,,,32,1,4.000000e+000,1.747131e-003,0.000000e+000,0,,0,
1524170460.814,,0.000000e+000,3.699741e+001,-2.059999e-004,0.000000e+000,3,9.932234e-001,0.000000e+000,,,,,,,,,,,,,,32,1,4.000000e+000,1.750946e-003,0.000000e+000,0,,0,
1524170473.589,,0.000000e+000,3.699741e+001,-2.060306e-004,0.000000e+000,3,9.931387e-001,0.000000e+000,,,,,,,,,,,,,,32,1,4.000000e+000,1.750946e-003,0.000000e+000,0,,0,
1524170485.964,,0.000000e+000,3.699698e+001,-2.060985e-004,0.000000e+000,3,9.931561e-001,0.000000e+000,,,,,,,,,,,,,,32,1,4.000000e+000,8.811951e-004,0.000000e+000,0,,0,
1524170498.399,,0.000000e+000,3.699873e+001,-2.061498e-004,0.000000e+000,3,9.931638e-001,0.000000e+000,,,,,,,,,,,,,,32,1,4.000000e+000,2.628326e-003,0.000000e+000,0,,0,
1524170510.882,,0.000000e+000,3.699873e+001,-2.061831e-004,0.000000e+000,3,9.931372e-001,0.000000e+000,,,,,,,,,,,,,,32,1,4.000000e+000,2.628326e-003,0.000000e+000,0,,0,
1524170523.340,,0.000000e+000,3.699829e+001,-2.062478e-004,0.000000e+000,3,9.931509e-001,0.000000e+000,,,,,,,,,,,,,,32,1,4.000000e+000,5.271912e-003,0.000000e+000,0,,0,
1524170535.840,,0.000000e+000,3.699829e+001,-2.063006e-004,0.000000e+000,3,9.930659e-001,0.000000e+000,,,,,,,,,,,,,,32,1,4.000000e+000,5.271912e-003,0.000000e+000,0,,0,
1524170548.388,,0.000000e+000,3.699829e+001,-2.062988e-004,0.000000e+000,3,9.930792e-001,0.000000e+000,,,,,,,,,,,,,,32,1,4.000000e+000,1.747131e-003,0.000000e+000,0,,0,
1524170560.805,,0.000000e+000,3.699786e+001,-2.063345e-004,0.000000e+000,3,9.930995e-001,0.000000e+000,,,,,,,,,,,,,,32,1,4.000000e+000,2.628326e-003,0.000000e+000,0,,0,
1524170573.223,,0.000000e+000,3.699566e+001,-2.064000e-004,0.000000e+000,3,9.931054e-001,0.000000e+000,,,,,,,,,,,,,,32,1,4.000000e+000,1.758575e-003,0.000000e+000,0,,0,
1524170585.668,,0.000000e+000,3.699566e+001,-2.064578e-004,0.000000e+000,3,9.930155e-001,0.000000e+000,,,,,,,,,,,,,,32,1,4.000000e+000,1.758575e-003,0.000000e+000,0,,0,
1524170598.151,,0.000000e+000,3.699918e+001,-2.064908e-004,0.000000e+000,3,9.931728e-001,0.000000e+000,,,,,,,,,,,,,,32,1,4.000000e+000,5.268097e-003,0.000000e+000,0,,0,
1524170610.666,,0.000000e+000,3.699654e+001,-2.064907e-004,0.000000e+000,3,9.930146e-001,0.000000e+000,,,,,,,,,,,,,,32,1,4.000000e+000,3.509521e-003,0.000000e+000,0,,0,
1524170623.084,,0.000000e+000,3.699741e+001,-2.065474e-004,0.000000e+000,3,9.930677e-001,0.000000e+000,,,,,,,,,,,,,,32,1,4.000000e+000,1.750946e-003,0.000000e+000,0,,0,
1524170635.579,,0.000000e+000,3.699786e+001,-2.065899e-004,0.000000e+000,3,9.929965e-001,0.000000e+000,,,,,,,,,,,,,,32,1,4.000000e+000,2.628326e-003,0.000000e+000,0,,0,
1524170647.992,,0.000000e+000,3.699566e+001,-2.066352e-004,0.000000e+000,3,9.931041e-001,0.000000e+000,,,,,,,,,,,,,,32,1,4.000000e+000,1.758575e-003,0.000000e+000,0,,0,
1524170660.489,,0.000000e+000,3.699566e+001,-2.066541e-004,0.000000e+000,3,9.931189e-001,0.000000e+000,,,,,,,,,,,,,,32,1,4.000000e+000,1.758575e-003,0.000000e+000,0,,0,
1524170673.039,,0.000000e+000,3.699654e+001,-2.066684e-004,0.000000e+000,3,9.930851e-001,0.000000e+000,,,,,,,,,,,,,,32,1,4.000000e+000,1.762390e-003,0.000000e+000,0,,0,
1524170685.440,,0.000000e+000,3.699786e+001,-2.067531e-004,0.000000e+000,3,9.930767e-001,0.000000e+000,,,,,,,,,,,,,,32,1,4.000000e+000,8.697510e-004,0.000000e+000,0,,0,
1524170698.010,,0.000000e+000,3.699741e+001,-2.067796e-004,0.000000e+000,3,9.931437e-001,0.000000e+000,,,,,,,,,,,,,,32,1,4.000000e+000,1.750946e-003,0.000000e+000,0,,0,
1524170710.340,,0.000000e+000,3.699654e+001,-2.068066e-004,0.000000e+000,3,9.931464e-001,0.000000e+000,,,,,,,,,,,,,,32,1,4.000000e+000,0.000000e+000,0.000000e+000,0,,0,
1524170722.803,,0.000000e+000,3.699786e+001,-2.068617e-004,0.000000e+000,3,9.931756e-001,0.000000e+000,,,,,,,,,,,,,,32,1,4.000000e+000,2.628326e-003,0.000000e+000,0,,0,
1524170735.350,,0.000000e+000,3.699741e+001,-2.068959e-004,0.000000e+000,3,9.931612e-001,0.000000e+000,,,,,,,,,,,,,,32,1,4.000000e+000,3.509521e-003,0.000000e+000,0,,0,
1524170747.748,,0.000000e+000,3.699697e+001,-2.069254e-004,0.000000e+000,3,9.931760e-001,0.000000e+000,,,,,,,,,,,,,,32,1,4.000000e+000,2.632141e-003,0.000000e+000,0,,0,
1524170760.196,,0.000000e+000,3.699961e+001,-2.069439e-004,0.000000e+000,3,9.931421e-001,0.000000e+000,,,,,,,,,,,,,,32,1,4.000000e+000,8.811951e-004,0.000000e+000,0,,0,
1524170772.718,,0.000000e+000,3.699829e+001,-2.069916e-004,0.000000e+000,3,9.930589e-001,0.000000e+000,,,,,,,,,,,,,,32,1,4.000000e+000,3.509521e-003,0.000000e+000,0,,0,
1524170785.159,,0.000000e+000,3.699786e+001,-2.070606e-004,0.000000e+000,3,9.931417e-001,0.000000e+000,,,,,,,,,,,,,,32,1,4.000000e+000,2.628326e-003,0.000000e+000,0,,0,
1524170797.899,,0.000000e+000,3.699917e+001,-2.070788e-004,0.000000e+000,3,9.930280e-001,0.000000e+000,,,,,,,,,,,,,,32,1,4.000000e+000,1.758575e-003,0.000000e+000,0,,0,
1524170810.409,,0.000000e+000,3.699829e+001,-2.071264e-004,0.000000e+000,3,9.932016e-001,0.000000e+000,,,,,,,,,,,,,,32,1,4.000000e+000,0.000000e+000,0.000000e+000,0,,0,
1524170822.824,,0.000000e+000,3.699873e+001,-2.071345e-004,0.000000e+000,3,9.931915e-001,0.000000e+000,,,,,,,,,,,,,,32,1,4.000000e+000,8.773804e-004,0.000000e+000,0,,0,
1524170835.274,,0.000000e+000,3.699829e+001,-2.071920e-004,0.000000e+000,3,9.932495e-001,0.000000e+000,,,,,,,,,,,,,,32,1,4.000000e+000,1.747131e-003,0.000000e+000,0,,0,
1524170847.805,,0.000000e+000,3.699786e+001,-2.071851e-004,0.000000e+000,3,9.932158e-001,0.000000e+000,,,,,,,,,,,,,,32,1,4.000000e+000,8.697510e-004,0.000000e+000,0,,0,
1524170860.380,,0.000000e+000,3.699829e+001,-2.072323e-004,0.000000e+000,3,9.932410e-001,0.000000e+000,,,,,,,,,,,,,,32,1,4.000000e+000,0.000000e+000,0.000000e+000,0,,0,
1524170874.062,,0.000000e+000,3.700269e+001,-2.072650e-004,0.000000e+000,3,9.930076e-001,0.000000e+000,,,,,,,,,,,,,,32,1,4.000000e+000,1.750946e-003,0.000000e+000,0,,0,
1524170885.788,,0.000000e+000,3.700137e+001,-2.072859e-004,0.000000e+000,3,9.929712e-001,0.000000e+000,,,,,,,,,,,,,,32,1,4.000000e+000,4.390717e-003,0.000000e+000,0,,0,
1524170898.333,,0.000000e+000,3.699873e+001,-2.073560e-004,0.000000e+000,3,9.932080e-001,0.000000e+000,,,,,,,,,,,,,,32,1,4.000000e+000,8.773804e-004,0.000000e+000,0,,0,
1524170910.878,,0.000000e+000,3.699873e+001,-2.073856e-004,0.000000e+000,3,9.931883e-001,0.000000e+000,,,,,,,,,,,,,,32,1,4.000000e+000,8.773804e-004,0.000000e+000,0,,0,
1524170923.536,,0.000000e+000,3.699917e+001,-2.074393e-004,0.000000e+000,3,9.930217e-001,0.000000e+000,,,,,,,,,,,,,,32,1,4.000000e+000,0.000000e+000,0.000000e+000,0,,0,
1524170935.896,,0.000000e+000,3.699873e+001,-2.075047e-004,0.000000e+000,3,9.932032e-001,0.000000e+000,,,,,,,,,,,,,,32,1,4.000000e+000,8.773804e-004,0.000000e+000,0,,0,
1524170948.328,,0.000000e+000,3.699829e+001,-2.075254e-004,0.000000e+000,3,9.932159e-001,0.000000e+000,,,,,,,,,,,,,,32,1,4.000000e+000,0.000000e+000,0.000000e+000,0,,0,
1524170961.401,,0.000000e+000,3.700049e+001,-2.075043e-004,0.000000e+000,3,9.931761e-001,0.000000e+000,,,,,,,,,,,,,,32,1,4.000000e+000,8.811951e-004,0.000000e+000,0,,0,
1524170973.896,,0.000000e+000,3.699697e+001,-2.076194e-004,0.000000e+000,3,9.931044e-001,0.000000e+000,,,,,,,,,,,,,,32,1,4.000000e+000,2.632141e-003,0.000000e+000,0,,0,
1524170986.569,,0.000000e+000,3.699741e+001,-2.076838e-004,0.000000e+000,3,9.932578e-001,0.000000e+000,,,,,,,,,,,,,,32,1,4.000000e+000,1.750946e-003,0.000000e+000,0,,0,
1524170999.102,,0.000000e+000,3.699654e+001,-2.077191e-004,0.000000e+000,3,9.931077e-001,0.000000e+000,,,,,,,,,,,,,,32,1,4.000000e+000,1.762390e-003,0.000000e+000,0,,0,
1524171011.567,,0.000000e+000,3.699697e+001,-2.075458e-004,0.000000e+000,3,9.931713e-001,0.000000e+000,,,,,,,,,,,,,,32,1,4.000000e+000,4.386902e-003,0.000000e+000,0,,0,
1524171024.922,,0.000000e+000,3.699873e+001,-2.075952e-004,0.000000e+000,3,9.933492e-001,0.000000e+000,,,,,,,,,,,,,,32,1,4.000000e+000,8.773804e-004,0.000000e+000,0,,0,
1524171038.310,,0.000000e+000,3.700180e+001,-2.078102e-004,0.000000e+000,3,9.926015e-001,0.000000e+000,,,,,,,,,,,,,,32,1,4.000000e+000,5.271912e-003,0.000000e+000,0,,0,
1524171050.782,,0.000000e+000,3.699873e+001,-2.078136e-004,0.000000e+000,3,9.932984e-001,0.000000e+000,,,,,,,,,,,,,,32,1,4.000000e+000,2.628326e-003,0.000000e+000,0,,0,
1524171063.225,,0.000000e+000,3.699917e+001,-2.078176e-004,0.000000e+000,3,9.931573e-001,0.000000e+000,,,,,,,,,,,,,,32,1,4.000000e+000,1.758575e-003,0.000000e+000,0,,0,
1524171075.703,,0.000000e+000,3.699786e+001,-2.079092e-004,0.000000e+000,3,9.931841e-001,0.000000e+000,,,,,,,,,,,,,,32,1,4.000000e+000,8.697510e-004,0.000000e+000,0,,0,
1524171087.588,,0.000000e+000,3.699961e+001,-2.077315e-004,0.000000e+000,3,9.929730e-001,0.000000e+000,,,,,,,,,,,,,,32,1,4.000000e+000,2.639771e-003,0.000000e+000,0,,0,
1524171100.626,,0.000000e+000,3.700005e+001,-2.079577e-004,0.000000e+000,3,9.926203e-001,0.000000e+000,,,,,,,,,,,,,,32,1,4.000000e+000,1.762390e-003,0.000000e+000,0,,0,
1524171113.118,,0.000000e+000,3.699918e+001,-2.079617e-004,0.000000e+000,3,9.932860e-001,0.000000e+000,,,,,,,,,,,,,,32,1,4.000000e+000,5.268097e-003,0.000000e+000,0,,0,
1524171125.549,,0.000000e+000,3.699918e+001,-2.079577e-004,0.000000e+000,3,9.929936e-001,0.000000e+000,,,,,,,,,,,,,,32,1,4.000000e+000,5.268097e-003,0.000000e+000,0,,0,
1524171137.461,,0.000000e+000,3.699829e+001,-2.080328e-004,0.000000e+000,3,9.930313e-001,0.000000e+000,,,,,,,,,,,,,,32,1,4.000000e+000,1.747131e-003,0.000000e+000,0,,0,
1524171149.929,,0.000000e+000,3.699697e+001,-2.080477e-004,0.000000e+000,3,9.928849e-001,0.000000e+000,,,,,,,,,,,,,,32,1,4.000000e+000,4.386902e-003,0.000000e+000,0,,0,
1524171162.964,,0.000000e+000,3.699567e+001,-2.080723e-004,0.000000e+000,3,9.931294e-001,0.000000e+000,,,,,,,,,,,,,,32,1,4.000000e+000,3.509521e-003,0.000000e+000,0,,0,
1524171175.454,,0.000000e+000,3.700005e+001,-2.081238e-004,0.000000e+000,3,9.931371e-001,0.000000e+000,,,,,,,,,,,,,,32,1,4.000000e+000,1.762390e-003,0.000000e+000,0,,0,
1524171187.902,,0.000000e+000,3.699741e+001,-2.079944e-004,0.000000e+000,3,9.928496e-001,0.000000e+000,,,,,,,,,,,,,,32,1,4.000000e+000,3.509521e-003,0.000000e+000,0,,0,
1524171200.390,,0.000000e+000,3.699917e+001,-2.082324e-004,0.000000e+000,3,9.930072e-001,0.000000e+000,,,,,,,,,,,,,,32,1,4.000000e+000,1.758575e-003,0.000000e+000,0,,0,
1524171212.272,,0.000000e+000,3.699786e+001,-2.082211e-004,0.000000e+000,3,9.931247e-001,0.000000e+000,,,,,,,,,,,,,,32,1,4.000000e+000,8.697510e-004,0.000000e+000,0,,0,
1524171224.988,,0.000000e+000,3.700181e+001,-2.083260e-004,0.000000e+000,3,9.932835e-001,0.000000e+000,,,,,,,,,,,,,,32,1,4.000000e+000,0.000000e+000,0.000000e+000,0,,0,
1524171237.203,,0.000000e+000,3.700049e+001,-2.082729e-004,0.000000e+000,3,9.928626e-001,0.000000e+000,,,,,,,,,,,,,,32,1,4.000000e+000,2.639771e-003,0.000000e+000,0,,0,
1524171249.703,,0.000000e+000,3.700049e+001,-2.082747e-004,0.000000e+000,3,9.931921e-001,0.000000e+000,,,,,,,,,,,,,,32,1,4.000000e+000,2.639771e-003,0.000000e+000,0,,0,
1524171262.148,,0.000000e+000,3.699917e+001,-2.083567e-004,0.000000e+000,3,9.932320e-001,0.000000e+000,,,,,,,,,,,,,,32,1,4.000000e+000,1.758575e-003,0.000000e+000,0,,0,
1524171274.601,,0.000000e+000,3.699786e+001,-2.082618e-004,0.000000e+000,3,9.931608e-001,0.000000e+000,,,,,,,,,,,,,,32,1,4.000000e+000,8.697510e-004,0.000000e+000,0,,0,
1524171287.318,,0.000000e+000,3.700093e+001,-2.083669e-004,0.000000e+000,3,9.930410e-001,0.000000e+000,,,,,,,,,,,,,,32,1,4.000000e+000,3.520966e-003,0.000000e+000,0,,0,
1524171300.139,,0.000000e+000,3.700049e+001,-2.084406e-004,0.000000e+000,3,9.931090e-001,0.000000e+000,,,,,,,,,,,,,,32,1,4.000000e+000,4.398346e-003,0.000000e+000,0,,0,
1524171312.589,,0.000000e+000,3.700005e+001,-2.084376e-004,0.000000e+000,3,9.930774e-001,0.000000e+000,,,,,,,,,,,,,,32,1,4.000000e+000,5.268097e-003,0.000000e+000,0,,0,
1524171325.077,,0.000000e+000,3.700005e+001,-2.084921e-004,0.000000e+000,3,9.930936e-001,0.000000e+000,,,,,,,,,,,,,,32,1,4.000000e+000,3.517151e-003,0.000000e+000,0,,0,
1524171336.942,,0.000000e+000,3.700049e+001,-2.086250e-004,0.000000e+000,3,9.933874e-001,0.000000e+000,,,,,,,,,,,,,,32,1,4.000000e+000,2.639771e-003,0.000000e+000,0,,0,
1524171349.994,,0.000000e+000,3.700093e+001,-2.085729e-004,0.000000e+000,3,9.927955e-001,0.000000e+000,,,,,,,,,,,,,,32,1,4.000000e+000,7.019043e-003,0.000000e+000,0,,0,
1524171361.902,,0.000000e+000,3.699829e+001,-2.085727e-004,0.000000e+000,3,9.931819e-001,0.000000e+000,,,,,,,,,,,,,,32,1,4.000000e+000,1.747131e-003,0.000000e+000,0,,0,
1524171374.930,,0.000000e+000,3.699961e+001,-2.086223e-004,0.000000e+000,3,9.928430e-001,0.000000e+000,,,,,,,,,,,,,,32,1,4.000000e+000,8.811951e-004,0.000000e+000,0,,0,
1524171387.435,,0.000000e+000,3.699961e+001,-2.086615e-004,0.000000e+000,3,9.932340e-001,0.000000e+000,,,,,,,,,,,,,,32,1,4.000000e+000,8.811951e-004,0.000000e+000,0,,0,
1524171400.085,,0.000000e+000,3.699873e+001,-2.086216e-004,0.000000e+000,3,9.931294e-001,0.000000e+000,,,,,,,,,,,,,,32,1,4.000000e+000,8.773804e-004,0.000000e+000,0,,0,
1524171412.630,,0.000000e+000,3.699918e+001,-2.085149e-004,0.000000e+000,3,9.932461e-001,0.000000e+000,,,,,,,,,,,,,,32,1,4.000000e+000,7.030487e-003,0.000000e+000,0,,0,
1524171425.096,,0.000000e+000,3.699961e+001,-2.086677e-004,0.000000e+000,3,9.932469e-001,0.000000e+000,,,,,,,,,,,,,,32,1,4.000000e+000,8.811951e-004,0.000000e+000,0,,0,
1524171438.458,,0.000000e+000,3.699829e+001,-2.087097e-004,0.000000e+000,3,9.933065e-001,0.000000e+000,,,,,,,,,,,,,,32,1,4.000000e+000,1.747131e-003,0.000000e+000,0,,0,
1524171450.783,,0.000000e+000,3.699698e+001,-2.088316e-004,0.000000e+000,3,9.927352e-001,0.000000e+000,,,,,,,,,,,,,,32,1,4.000000e+000,8.811951e-004,0.000000e+000,0,,0,
1524171463.169,,0.000000e+000,3.699741e+001,-2.087624e-004,0.000000e+000,3,9.932007e-001,0.000000e+000,,,,,,,,,,,,,,32,1,4.000000e+000,1.750946e-003,0.000000e+000,0,,0,
1524171475.564,,0.000000e+000,3.699829e+001,-2.086842e-004,0.000000e+000,3,9.931056e-001,0.000000e+000,,,,,,,,,,,,,,32,1,4.000000e+000,0.000000e+000,0.000000e+000,0,,0,
1524171488.189,,0.000000e+000,3.699741e+001,-2.088228e-004,0.000000e+000,3,9.931872e-001,0.000000e+000,,,,,,,,,,,,,,32,1,4.000000e+000,3.509521e-003,0.000000e+000,0,,0,
1524171500.512,,0.000000e+000,3.699741e+001,-2.089131e-004,0.000000e+000,3,9.932190e-001,0.000000e+000,,,,,,,,,,,,,,32,1,4.000000e+000,3.509521e-003,0.000000e+000,0,,0,
1524171512.974,,0.000000e+000,3.699917e+001,-2.089399e-004,0.000000e+000,3,9.932026e-001,0.000000e+000,,,,,,,,,,,,,,32,1,4.000000e+000,0.000000e+000,0.000000e+000,0,,0,
1524171525.494,,0.000000e+000,3.699873e+001,-2.089121e-004,0.000000e+000,3,9.932540e-001,0.000000e+000,,,,,,,,,,,,,,32,1,4.000000e+000,8.773804e-004,0.000000e+000,0,,0,
1524171537.910,,0.000000e+000,3.699829e+001,-2.088262e-004,0.000000e+000,3,9.932343e-001,0.000000e+000,,,,,,,,,,,,,,32,1,4.000000e+000,1.747131e-003,0.000000e+000,0,,0,
1524171550.372,,0.000000e+000,3.699917e+001,-2.089302e-004,0.000000e+000,3,9.931619e-001,0.000000e+000,,,,,,,,,,,,,,32,1,4.000000e+000,0.000000e+000,0.000000e+000,0,,0,
1524171562.838,,0.000000e+000,3.699961e+001,-2.090207e-004,0.000000e+000,3,9.930909e-001,0.000000e+000,,,,,,,,,,,,,,32,1,4.000000e+000,8.811951e-004,0.000000e+000,0,,0,
1524171575.443,,0.000000e+000,3.700049e+001,-2.090081e-004,0.000000e+000,3,9.932133e-001,0.000000e+000,,,,,,,,,,,,,,32,1,4.000000e+000,4.398346e-003,0.000000e+000,0,,0,
1524171587.815,,0.000000e+000,3.699610e+001,-2.090826e-004,0.000000e+000,3,9.931849e-001,0.000000e+000,,,,,,,,,,,,,,32,1,4.000000e+000,4.379272e-003,0.000000e+000,0,,0,
1524171600.383,,0.000000e+000,3.700137e+001,-2.090878e-004,0.000000e+000,3,9.933560e-001,0.000000e+000,,,,,,,,,,,,,,32,1,4.000000e+000,6.149292e-003,0.000000e+000,0,,0,
1524171612.698,,0.000000e+000,3.699873e+001,-2.090959e-004,0.000000e+000,3,9.931195e-001,0.000000e+000,,,,,,,,,,,,,,32,1,4.000000e+000,8.773804e-004,0.000000e+000,0,,0,
1524171625.183,,0.000000e+000,3.700005e+001,-2.091536e-004,0.000000e+000,3,9.927980e-001,0.000000e+000,,,,,,,,,,,,,,32,1,4.000000e+000,1.762390e-003,0.000000e+000,0,,0,
1524171637.691,,0.000000e+000,3.700225e+001,-2.091526e-004,0.000000e+000,3,9.931452e-001,0.000000e+000,,,,,,,,,,,,,,32,1,4.000000e+000,8.811951e-004,0.000000e+000,0,,0,
1524171650.299,,0.000000e+000,3.699961e+001,-2.090880e-004,0.000000e+000,3,9.932446e-001,0.000000e+000,,,,,,,,,,,,,,32,1,4.000000e+000,4.386902e-003,0.000000e+000,0,,0,
1524171662.876,,0.000000e+000,3.699829e+001,-2.091596e-004,0.000000e+000,3,9.933368e-001,0.000000e+000,,,,,,,,,,,,,,32,1,4.000000e+000,0.000000e+000,0.000000e+000,0,,0,
1524171675.362,,0.000000e+000,3.699873e+001,-2.090595e-004,0.000000e+000,3,9.930575e-001,0.000000e+000,,,,,,,,,,,,,,32,1,4.000000e+000,8.773804e-004,0.000000e+000,0,,0,
1524171688.014,,0.000000e+000,3.699961e+001,-2.092286e-004,0.000000e+000,3,9.931425e-001,0.000000e+000,,,,,,,,,,,,,,32,1,4.000000e+000,8.811951e-004,0.000000e+000,0,,0,
1524171700.945,,0.000000e+000,3.699961e+001,-2.094342e-004,0.000000e+000,3,9.929405e-001,0.000000e+000,,,,,,,,,,,,,,32,1,4.000000e+000,8.811951e-004,0.000000e+000,0,,0,
1524171713.490,,0.000000e+000,3.699917e+001,-2.093196e-004,0.000000e+000,3,9.931031e-001,0.000000e+000,,,,,,,,,,,,,,32,1,4.000000e+000,0.000000e+000,0.000000e+000,0,,0,
1524171725.965,,0.000000e+000,3.699917e+001,-2.094231e-004,0.000000e+000,3,9.934016e-001,0.000000e+000,,,,,,,,,,,,,,32,1,4.000000e+000,0.000000e+000,0.000000e+000,0,,0,
1524171738.400,,0.000000e+000,3.699961e+001,-2.094142e-004,0.000000e+000,3,9.931611e-001,0.000000e+000,,,,,,,,,,,,,,32,1,4.000000e+000,8.811951e-004,0.000000e+000,0,,0,
1524171750.823,,0.000000e+000,3.699961e+001,-2.094711e-004,0.000000e+000,3,9.932107e-001,0.000000e+000,,,,,,,,,,,,,,32,1,4.000000e+000,8.811951e-004,0.000000e+000,0,,0,
1524171763.290,,0.000000e+000,3.699873e+001,-2.094034e-004,0.000000e+000,3,9.932106e-001,0.000000e+000,,,,,,,,,,,,,,32,1,4.000000e+000,8.773804e-004,0.000000e+000,0,,0,
1524171775.751,,0.000000e+000,3.699917e+001,-2.094605e-004,0.000000e+000,3,9.932209e-001,0.000000e+000,,,,,,,,,,,,,,32,1,4.000000e+000,0.000000e+000,0.000000e+000,0,,0,
1524171788.226,,0.000000e+000,3.699873e+001,-2.094712e-004,0.000000e+000,3,9.931542e-001,0.000000e+000,,,,,,,,,,,,,,32,1,4.000000e+000,8.773804e-004,0.000000e+000,0,,0,
1524171800.603,,0.000000e+000,3.699873e+001,-2.094530e-004,0.000000e+000,3,9.930422e-001,0.000000e+000,,,,,,,,,,,,,,32,1,4.000000e+000,8.773804e-004,0.000000e+000,0,,0,
1524171813.059,,0.000000e+000,3.699917e+001,-2.095181e-004,0.000000e+000,3,9.932030e-001,0.000000e+000,,,,,,,,,,,,,,32,1,4.000000e+000,0.000000e+000,0.000000e+000,0,,0,
1524171826.049,,0.000000e+000,3.699829e+001,-2.095376e-004,0.000000e+000,3,9.931409e-001,0.000000e+000,,,,,,,,,,,,,,32,1,4.000000e+000,1.747131e-003,0.000000e+000,0,,0,
1524171838.776,,0.000000e+000,3.699873e+001,-2.095656e-004,0.000000e+000,3,9.932048e-001,0.000000e+000,,,,,,,,,,,,,,32,1,4.000000e+000,8.773804e-004,0.000000e+000,0,,0,
1524171851.222,,0.000000e+000,3.699786e+001,-2.095877e-004,0.000000e+000,3,9.931186e-001,0.000000e+000,,,,,,,,,,,,,,32,1,4.000000e+000,8.697510e-004,0.000000e+000,0,,0,
1524171863.707,,0.000000e+000,3.699829e+001,-2.096336e-004,0.000000e+000,3,9.933208e-001,0.000000e+000,,,,,,,,,,,,,,32,1,4.000000e+000,3.509521e-003,0.000000e+000,0,,0,
1524171876.205,,0.000000e+000,3.699961e+001,-2.096312e-004,0.000000e+000,3,9.931089e-001,0.000000e+000,,,,,,,,,,,,,,32,1,4.000000e+000,8.811951e-004,0.000000e+000,0,,0,
1524171888.750,,0.000000e+000,3.699829e+001,-2.096105e-004,0.000000e+000,3,9.931416e-001,0.000000e+000,,,,,,,,,,,,,,32,1,4.000000e+000,1.747131e-003,0.000000e+000,0,,0,
1524171901.107,,0.000000e+000,3.699873e+001,-2.096521e-004,0.000000e+000,3,9.931406e-001,0.000000e+000,,,,,,,,,,,,,,32,1,4.000000e+000,2.628326e-003,0.000000e+000,0,,0,
1524171913.700,,0.000000e+000,3.699786e+001,-2.096920e-004,0.000000e+000,3,9.932193e-001,0.000000e+000,,,,,,,,,,,,,,32,1,4.000000e+000,4.390717e-003,0.000000e+000,0,,0,
1524171926.845,,0.000000e+000,3.699741e+001,-2.096359e-004,0.000000e+000,3,9.930544e-001,0.000000e+000,,,,,,,,,,,,,,32,1,4.000000e+000,1.750946e-003,0.000000e+000,0,,0,
1524171939.948,,0.000000e+000,3.699873e+001,-2.097534e-004,0.000000e+000,3,9.932457e-001,0.000000e+000,,,,,,,,,,,,,,32,1,4.000000e+000,8.773804e-004,0.000000e+000,0,,0,
1524171952.486,,0.000000e+000,3.699873e+001,-2.097762e-004,0.000000e+000,3,9.931104e-001,0.000000e+000,,,,,,,,,,,,,,32,1,4.000000e+000,8.773804e-004,0.000000e+000,0,,0,
1524171964.803,,0.000000e+000,3.699917e+001,-2.098184e-004,0.000000e+000,3,9.930975e-001,0.000000e+000,,,,,,,,,,,,,,32,1,4.000000e+000,0.000000e+000,0.000000e+000,0,,0,
1524171977.359,,0.000000e+000,3.699873e+001,-2.099509e-004,0.000000e+000,3,9.933284e-001,0.000000e+000,,,,,,,,,,,,,,32,1,4.000000e+000,8.773804e-004,0.000000e+000,0,,0,
1524171989.829,,0.000000e+000,3.699829e+001,-2.098575e-004,0.000000e+000,3,9.931355e-001,0.000000e+000,,,,,,,,,,,,,,32,1,4.000000e+000,1.747131e-003,0.000000e+000,0,,0,
1524172002.724,,0.000000e+000,3.700005e+001,-2.099588e-004,0.000000e+000,3,9.929813e-001,0.000000e+000,,,,,,,,,,,,,,32,1,4.000000e+000,3.517151e-003,0.000000e+000,0,,0,
1524172014.649,,0.000000e+000,3.699829e+001,-2.098539e-004,0.000000e+000,3,9.930479e-001,0.000000e+000,,,,,,,,,,,,,,32,1,4.000000e+000,0.000000e+000,0.000000e+000,0,,0,
1524172027.349,,0.000000e+000,3.700005e+001,-2.097739e-004,0.000000e+000,3,9.930741e-001,0.000000e+000,,,,,,,,,,,,,,32,1,4.000000e+000,0.000000e+000,0.000000e+000,0,,0,
1524172039.790,,0.000000e+000,3.700093e+001,-2.100113e-004,0.000000e+000,3,9.930616e-001,0.000000e+000,,,,,,,,,,,,,,32,1,4.000000e+000,1.758575e-003,0.000000e+000,0,,0,
1524172052.142,,0.000000e+000,3.699917e+001,-2.099441e-004,0.000000e+000,3,9.931987e-001,0.000000e+000,,,,,,,,,,,,,,32,1,4.000000e+000,1.758575e-003,0.000000e+000,0,,0,
1524172064.315,,0.000000e+000,3.699917e+001,-2.099331e-004,0.000000e+000,3,9.930563e-001,0.000000e+000,,,,,,,,,,,,,,32,1,4.000000e+000,1.758575e-003,0.000000e+000,0,,0,
1524172077.550,,0.000000e+000,3.699873e+001,-2.100484e-004,0.000000e+000,3,9.929816e-001,0.000000e+000,,,,,,,,,,,,,,32,1,4.000000e+000,2.628326e-003,0.000000e+000,0,,0,
1524172090.230,,0.000000e+000,3.700137e+001,-2.100079e-004,0.000000e+000,3,9.931971e-001,0.000000e+000,,,,,,,,,,,,,,32,1,4.000000e+000,2.639771e-003,0.000000e+000,0,,0,
1524172102.968,,0.000000e+000,3.700005e+001,-2.099844e-004,0.000000e+000,3,9.932418e-001,0.000000e+000,,,,,,,,,,,,,,32,1,4.000000e+000,1.762390e-003,0.000000e+000,0,,0,
1524172115.386,,0.000000e+000,3.699961e+001,-2.101623e-004,0.000000e+000,3,9.932257e-001,0.000000e+000,,,,,,,,,,,,,,32,1,4.000000e+000,8.811951e-004,0.000000e+000,0,,0,
1524172127.818,,0.000000e+000,3.699961e+001,-2.101244e-004,0.000000e+000,3,9.932873e-001,0.000000e+000,,,,,,,,,,,,,,32,1,4.000000e+000,8.811951e-004,0.000000e+000,0,,0,
1524172140.334,,0.000000e+000,3.699917e+001,-2.102345e-004,0.000000e+000,3,9.934805e-001,0.000000e+000,,,,,,,,,,,,,,32,1,4.000000e+000,0.000000e+000,0.000000e+000,0,,0,
1524172152.947,,0.000000e+000,3.699961e+001,-2.101568e-004,0.000000e+000,3,9.932629e-001,0.000000e+000,,,,,,,,,,,,,,32,1,4.000000e+000,8.811951e-004,0.000000e+000,0,,0,
1524172165.525,,0.000000e+000,3.699786e+001,-2.100588e-004,0.000000e+000,3,9.930780e-001,0.000000e+000,,,,,,,,,,,,,,32,1,4.000000e+000,8.697510e-004,0.000000e+000,0,,0,
1524172178.789,,0.000000e+000,3.699698e+001,-2.102029e-004,0.000000e+000,3,9.931698e-001,0.000000e+000,,,,,,,,,,,,,,32,1,4.000000e+000,8.811951e-004,0.000000e+000,0,,0,
1524172191.587,,0.000000e+000,3.699610e+001,-2.100694e-004,0.000000e+000,3,9.930618e-001,0.000000e+000,,,,,,,,,,,,,,32,1,4.000000e+000,2.639771e-003,0.000000e+000,0,,0,
1524172204.072,,0.000000e+000,3.700005e+001,-2.102806e-004,0.000000e+000,3,9.930930e-001,0.000000e+000,,,,,,,,,,,,,,32,1,4.000000e+000,0.000000e+000,0.000000e+000,0,,0,
1524172216.565,,0.000000e+000,3.699829e+001,-2.102879e-004,0.000000e+000,3,9.932080e-001,0.000000e+000,,,,,,,,,,,,,,32,1,4.000000e+000,3.509521e-003,0.000000e+000,0,,0,
1524172229.015,,0.000000e+000,3.699786e+001,-2.103398e-004,0.000000e+000,3,9.931493e-001,0.000000e+000,,,,,,,,,,,,,,32,1,4.000000e+000,2.628326e-003,0.000000e+000,0,,0,
1524172241.465,,0.000000e+000,3.699961e+001,-2.103022e-004,0.000000e+000,3,9.930793e-001,0.000000e+000,,,,,,,,,,,,,,32,1,4.000000e+000,8.811951e-004,0.000000e+000,0,,0,
1524172253.970,,0.000000e+000,3.700093e+001,-2.104030e-004,0.000000e+000,3,9.933159e-001,0.000000e+000,,,,,,,,,,,,,,32,1,4.000000e+000,3.520966e-003,0.000000e+000,0,,0,
1524172266.998,,0.000000e+000,3.700005e+001,-2.103833e-004,0.000000e+000,3,9.932483e-001,0.000000e+000,,,,,,,,,,,,,,32,1,4.000000e+000,1.762390e-003,0.000000e+000,0,,0,
1524172278.911,,0.000000e+000,3.699917e+001,-2.102254e-004,0.000000e+000,3,9.929961e-001,0.000000e+000,,,,,,,,,,,,,,32,1,4.000000e+000,1.758575e-003,0.000000e+000,0,,0,
1524172291.951,,0.000000e+000,3.700005e+001,-2.104018e-004,0.000000e+000,3,9.929766e-001,0.000000e+000,,,,,,,,,,,,,,32,1,4.000000e+000,0.000000e+000,0.000000e+000,0,,0,
1524172304.441,,0.000000e+000,3.699917e+001,-2.104986e-004,0.000000e+000,3,9.932615e-001,0.000000e+000,,,,,,,,,,,,,,32,1,4.000000e+000,1.758575e-003,0.000000e+000,0,,0,
1524172316.309,,0.000000e+000,3.700049e+001,-2.104538e-004,0.000000e+000,3,9.931931e-001,0.000000e+000,,,,,,,,,,,,,,32,1,4.000000e+000,8.811951e-004,0.000000e+000,0,,0,
1524172329.382,,0.000000e+000,3.700005e+001,-2.105063e-004,0.000000e+000,3,9.931685e-001,0.000000e+000,,,,,,,,,,,,,,32,1,4.000000e+000,0.000000e+000,0.000000e+000,0,,0,
1524172342.054,,0.000000e+000,3.699786e+001,-2.105418e-004,0.000000e+000,3,9.934077e-001,0.000000e+000,,,,,,,,,,,,,,32,1,4.000000e+000,4.390717e-003,0.000000e+000,0,,0,
1524172354.582,,0.000000e+000,3.699741e+001,-2.104813e-004,0.000000e+000,3,9.933885e-001,0.000000e+000,,,,,,,,,,,,,,32,1,4.000000e+000,3.509521e-003,0.000000e+000,0,,0,
1524172367.135,,0.000000e+000,3.699918e+001,-2.103360e-004,0.000000e+000,3,9.932457e-001,0.000000e+000,,,,,,,,,,,,,,32,1,4.000000e+000,5.268097e-003,0.000000e+000,0,,0,
1524172380.105,,0.000000e+000,3.699961e+001,-2.105008e-004,0.000000e+000,3,9.932683e-001,0.000000e+000,,,,,,,,,,,,,,32,1,4.000000e+000,2.639771e-003,0.000000e+000,0,,0,
1524172392.603,,0.000000e+000,3.699741e+001,-2.106083e-004,0.000000e+000,3,9.932031e-001,0.000000e+000,,,,,,,,,,,,,,32,1,4.000000e+000,1.750946e-003,0.000000e+000,0,,0,
1524172405.070,,0.000000e+000,3.700225e+001,-2.106255e-004,0.000000e+000,3,9.931433e-001,0.000000e+000,,,,,,,,,,,,,,32,1,4.000000e+000,8.811951e-004,0.000000e+000,0,,0,
1524172417.533,,0.000000e+000,3.700225e+001,-2.106564e-004,0.000000e+000,3,9.931831e-001,0.000000e+000,,,,,,,,,,,,,,32,1,4.000000e+000,8.811951e-004,0.000000e+000,0,,0,
1524172430.013,,0.000000e+000,3.699873e+001,-2.106900e-004,0.000000e+000,3,9.930553e-001,0.000000e+000,,,,,,,,,,,,,,32,1,4.000000e+000,2.628326e-003,0.000000e+000,0,,0,
1524172442.543,,0.000000e+000,3.699786e+001,-2.106530e-004,0.000000e+000,3,9.930400e-001,0.000000e+000,,,,,,,,,,,,,,32,1,4.000000e+000,8.697510e-004,0.000000e+000,0,,0,
1524172454.966,,0.000000e+000,3.699917e+001,-2.107641e-004,0.000000e+000,3,9.929200e-001,0.000000e+000,,,,,,,,,,,,,,32,1,4.000000e+000,1.758575e-003,0.000000e+000,0,,0,
1524172467.409,,0.000000e+000,3.699566e+001,-2.105925e-004,0.000000e+000,3,9.930099e-001,0.000000e+000,,,,,,,,,,,,,,32,1,4.000000e+000,0.000000e+000,0.000000e+000,0,,0,
1524172479.874,,0.000000e+000,3.699741e+001,-2.106899e-004,0.000000e+000,3,9.931534e-001,0.000000e+000,,,,,,,,,,,,,,32,1,4.000000e+000,3.509521e-003,0.000000e+000,0,,0,
1524172492.497,,0.000000e+000,3.700005e+001,-2.108534e-004,0.000000e+000,3,9.932573e-001,0.000000e+000,,,,,,,,,,,,,,32,1,4.000000e+000,5.268097e-003,0.000000e+000,0,,0,
1524172504.907,,0.000000e+000,3.700093e+001,-2.107813e-004,0.000000e+000,3,9.931452e-001,0.000000e+000,,,,,,,,,,,,,,32,1,4.000000e+000,3.520966e-003,0.000000e+000,0,,0,
1524172517.354,,0.000000e+000,3.699961e+001,-2.108032e-004,0.000000e+000,3,9.928070e-001,0.000000e+000,,,,,,,,,,,,,,32,1,4.000000e+000,8.811951e-004,0.000000e+000,0,,0,
1524172529.755,,0.000000e+000,3.700049e+001,-2.107861e-004,0.000000e+000,3,9.931962e-001,0.000000e+000,,,,,,,,,,,,,,32,1,4.000000e+000,2.639771e-003,0.000000e+000,0,,0,
1524172542.217,,0.000000e+000,3.700093e+001,-2.108677e-004,0.000000e+000,3,9.931437e-001,0.000000e+000,,,,,,,,,,,,,,32,1,4.000000e+000,1.758575e-003,0.000000e+000,0,,0,
1524172554.715,,0.000000e+000,3.699741e+001,-2.109723e-004,0.000000e+000,3,9.934148e-001,0.000000e+000,,,,,,,,,,,,,,32,1,4.000000e+000,1.750946e-003,0.000000e+000,0,,0,
1524172567.283,,0.000000e+000,3.699829e+001,-2.108344e-004,0.000000e+000,3,9.930783e-001,0.000000e+000,,,,,,,,,,,,,,32,1,4.000000e+000,0.000000e+000,0.000000e+000,0,,0,
1524172579.665,,0.000000e+000,3.699829e+001,-2.109488e-004,0.000000e+000,3,9.927003e-001,0.000000e+000,,,,,,,,,,,,,,32,1,4.000000e+000,0.000000e+000,0.000000e+000,0,,0,
1524172592.128,,0.000000e+000,3.699961e+001,-2.109060e-004,0.000000e+000,3,9.931697e-001,0.000000e+000,,,,,,,,,,,,,,32,1,4.000000e+000,2.639771e-003,0.000000e+000,0,,0,
1524172604.581,,0.000000e+000,3.699961e+001,-2.109132e-004,0.000000e+000,3,9.931781e-001,0.000000e+000,,,,,,,,,,,,,,32,1,4.000000e+000,2.639771e-003,0.000000e+000,0,,0,
1524172617.038,,0.000000e+000,3.699698e+001,-2.109997e-004,0.000000e+000,3,9.930567e-001,0.000000e+000,,,,,,,,,,,,,,32,1,4.000000e+000,8.811951e-004,0.000000e+000,0,,0,
1524172629.591,,0.000000e+000,3.699741e+001,-2.110261e-004,0.000000e+000,3,9.931018e-001,0.000000e+000,,,,,,,,,,,,,,32,1,4.000000e+000,1.750946e-003,0.000000e+000,0,,0,
1524172642.019,,0.000000e+000,3.700093e+001,-2.110319e-004,0.000000e+000,3,9.933349e-001,0.000000e+000,,,,,,,,,,,,,,32,1,4.000000e+000,1.758575e-003,0.000000e+000,0,,0,
1524172654.487,,0.000000e+000,3.700005e+001,-2.109794e-004,0.000000e+000,3,9.931471e-001,0.000000e+000,,,,,,,,,,,,,,32,1,4.000000e+000,3.517151e-003,0.000000e+000,0,,0,
1524172666.904,,0.000000e+000,3.699829e+001,-2.109944e-004,0.000000e+000,3,9.931900e-001,0.000000e+000,,,,,,,,,,,,,,32,1,4.000000e+000,0.000000e+000,0.000000e+000,0,,0,
1524172679.444,,0.000000e+000,3.699918e+001,-2.108582e-004,0.000000e+000,3,9.930779e-001,0.000000e+000,,,,,,,,,,,,,,32,1,4.000000e+000,5.268097e-003,0.000000e+000,0,,0,
1524172693.027,,0.000000e+000,3.699741e+001,-2.110343e-004,0.000000e+000,3,9.929441e-001,0.000000e+000,,,,,,,,,,,,,,32,1,4.000000e+000,1.750946e-003,0.000000e+000,0,,0,
1524172705.515,,0.000000e+000,3.699873e+001,-2.110799e-004,0.000000e+000,3,9.931610e-001,0.000000e+000,,,,,,,,,,,,,,32,1,4.000000e+000,8.773804e-004,0.000000e+000,0,,0,
1524172717.387,,0.000000e+000,3.700049e+001,-2.111264e-004,0.000000e+000,3,9.933399e-001,0.000000e+000,,,,,,,,,,,,,,32,1,4.000000e+000,4.398346e-003,0.000000e+000,0,,0,
1524172730.075,,0.000000e+000,3.700093e+001,-2.111217e-004,0.000000e+000,3,9.931213e-001,0.000000e+000,,,,,,,,,,,,,,32,1,4.000000e+000,3.520966e-003,0.000000e+000,0,,0,
1524172742.385,,0.000000e+000,3.700137e+001,-2.111533e-004,0.000000e+000,3,9.931300e-001,0.000000e+000,,,,,,,,,,,,,,32,1,4.000000e+000,8.773804e-004,0.000000e+000,0,,0,
1524172754.833,,0.000000e+000,3.700005e+001,-2.111885e-004,0.000000e+000,3,9.932300e-001,0.000000e+000,,,,,,,,,,,,,,32,1,4.000000e+000,3.517151e-003,0.000000e+000,0,,0,
1524172767.866,,0.000000e+000,3.699873e+001,-2.111764e-004,0.000000e+000,3,9.931654e-001,0.000000e+000,,,,,,,,,,,,,,32,1,4.000000e+000,2.628326e-003,0.000000e+000,0,,0,
1524172780.526,,0.000000e+000,3.699961e+001,-2.113095e-004,0.000000e+000,3,9.930100e-001,0.000000e+000,,,,,,,,,,,,,,32,1,4.000000e+000,4.386902e-003,0.000000e+000,0,,0,
1524172793.126,,0.000000e+000,3.699697e+001,-2.112446e-004,0.000000e+000,3,9.930960e-001,0.000000e+000,,,,,,,,,,,,,,32,1,4.000000e+000,2.632141e-003,0.000000e+000,0,,0,
1524172806.419,,0.000000e+000,3.699786e+001,-2.112941e-004,0.000000e+000,3,9.934756e-001,0.000000e+000,,,,,,,,,,,,,,32,1,4.000000e+000,8.697510e-004,0.000000e+000,0,,0,
1524172818.614,,0.000000e+000,3.699873e+001,-2.113074e-004,0.000000e+000,3,9.932130e-001,0.000000e+000,,,,,,,,,,,,,,32,1,4.000000e+000,8.773804e-004,0.000000e+000,0,,0,
1524172831.047,,0.000000e+000,3.699917e+001,-2.112911e-004,0.000000e+000,3,9.930919e-001,0.000000e+000,,,,,,,,,,,,,,32,1,4.000000e+000,0.000000e+000,0.000000e+000,0,,0,
1524172843.514,,0.000000e+000,3.699478e+001,-2.111549e-004,0.000000e+000,3,9.932383e-001,0.000000e+000,,,,,,,,,,,,,,32,1,4.000000e+000,0.000000e+000,0.000000e+000,0,,0,
1524172855.992,,0.000000e+000,3.699610e+001,-2.113007e-004,0.000000e+000,3,9.932094e-001,0.000000e+000,,,,,,,,,,,,,,32,1,4.000000e+000,2.639771e-003,0.000000e+000,0,,0,
1524172868.525,,0.000000e+000,3.699654e+001,-2.112924e-004,0.000000e+000,3,9.931608e-001,0.000000e+000,,,,,,,,,,,,,,32,1,4.000000e+000,1.762390e-003,0.000000e+000,0,,0,
1524172881.080,,0.000000e+000,3.699873e+001,-2.114490e-004,0.000000e+000,3,9.932430e-001,0.000000e+000,,,,,,,,,,,,,,32,1,4.000000e+000,2.628326e-003,0.000000e+000,0,,0,
1524172893.405,,0.000000e+000,3.699829e+001,-2.113475e-004,0.000000e+000,3,9.930436e-001,0.000000e+000,,,,,,,,,,,,,,32,1,4.000000e+000,3.509521e-003,0.000000e+000,0,,0,
1524172906.055,,0.000000e+000,3.700005e+001,-2.113691e-004,0.000000e+000,3,9.932234e-001,0.000000e+000,,,,,,,,,,,,,,32,1,4.000000e+000,1.762390e-003,0.000000e+000,0,,0,
1524172918.415,,0.000000e+000,3.700005e+001,-2.113936e-004,0.000000e+000,3,9.931016e-001,0.000000e+000,,,,,,,,,,,,,,32,1,4.000000e+000,1.762390e-003,0.000000e+000,0,,0,
1524172930.943,,0.000000e+000,3.700049e+001,-2.114398e-004,0.000000e+000,3,9.931946e-001,0.000000e+000,,,,,,,,,,,,,,32,1,4.000000e+000,8.811951e-004,0.000000e+000,0,,0,
1524172943.286,,0.000000e+000,3.699829e+001,-2.115510e-004,0.000000e+000,3,9.927643e-001,0.000000e+000,,,,,,,,,,,,,,32,1,4.000000e+000,3.509521e-003,0.000000e+000,0,,0,
1524172955.751,,0.000000e+000,3.699961e+001,-2.114669e-004,0.000000e+000,3,9.931906e-001,0.000000e+000,,,,,,,,,,,,,,32,1,4.000000e+000,6.149292e-003,0.000000e+000,0,,0,
1524172968.224,,0.000000e+000,3.699873e+001,-2.115862e-004,0.000000e+000,3,9.934080e-001,0.000000e+000,,,,,,,,,,,,,,32,1,4.000000e+000,2.628326e-003,0.000000e+000,0,,0,
1524172980.709,,0.000000e+000,3.699654e+001,-2.113842e-004,0.000000e+000,3,9.932647e-001,0.000000e+000,,,,,,,,,,,,,,32,1,4.000000e+000,1.762390e-003,0.000000e+000,0,,0,
1524172993.289,,0.000000e+000,3.699697e+001,-2.115578e-004,0.000000e+000,3,9.931147e-001,0.000000e+000,,,,,,,,,,,,,,32,1,4.000000e+000,4.386902e-003,0.000000e+000,0,,0,
1524173005.692,,0.000000e+000,3.699873e+001,-2.115195e-004,0.000000e+000,3,9.931285e-001,0.000000e+000,,,,,,,,,,,,,,32,1,4.000000e+000,8.773804e-004,0.000000e+000,0,,0,
1524173018.232,,0.000000e+000,3.699786e+001,-2.116030e-004,0.000000e+000,3,9.929926e-001,0.000000e+000,,,,,,,,,,,,,,32,1,4.000000e+000,8.697510e-004,0.000000e+000,0,,0,
1524173030.555,,0.000000e+000,3.699786e+001,-2.115986e-004,0.000000e+000,3,9.930892e-001,0.000000e+000,,,,,,,,,,,,,,32,1,4.000000e+000,8.697510e-004,0.000000e+000,0,,0,
1524173043.155,,0.000000e+000,3.699873e+001,-2.115777e-004,0.000000e+000,3,9.932689e-001,0.000000e+000,,,,,,,,,,,,,,32,1,4.000000e+000,8.773804e-004,0.000000e+000,0,,0,
1524173055.550,,0.000000e+000,3.699610e+001,-2.116657e-004,0.000000e+000,3,9.932010e-001,0.000000e+000,,,,,,,,,,,,,,32,1,4.000000e+000,2.639771e-003,0.000000e+000,0,,0,
1524173068.105,,0.000000e+000,3.699918e+001,-2.116233e-004,0.000000e+000,3,9.931941e-001,0.000000e+000,,,,,,,,,,,,,,32,1,4.000000e+000,3.509521e-003,0.000000e+000,0,,0,
1524173080.415,,0.000000e+000,3.699654e+001,-2.116292e-004,0.000000e+000,3,9.932683e-001,0.000000e+000,,,,,,,,,,,,,,32,1,4.000000e+000,1.762390e-003,0.000000e+000,0,,0,
1524173092.895,,0.000000e+000,3.699873e+001,-2.116455e-004,0.000000e+000,3,9.931195e-001,0.000000e+000,,,,,,,,,,,,,,32,1,4.000000e+000,6.149292e-003,0.000000e+000,0,,0,
1524173105.393,,0.000000e+000,3.699918e+001,-2.116633e-004,0.000000e+000,3,9.930699e-001,0.000000e+000,,,,,,,,,,,,,,32,1,4.000000e+000,3.509521e-003,0.000000e+000,0,,0,
1524173118.113,,0.000000e+000,3.699741e+001,-2.117829e-004,0.000000e+000,3,9.930678e-001,0.000000e+000,,,,,,,,,,,,,,32,1,4.000000e+000,1.750946e-003,0.000000e+000,0,,0,
1524173130.586,,0.000000e+000,3.699873e+001,-2.117144e-004,0.000000e+000,3,9.933560e-001,0.000000e+000,,,,,,,,,,,,,,32,1,4.000000e+000,8.773804e-004,0.000000e+000,0,,0,
1524173143.789,,0.000000e+000,3.700005e+001,-2.117516e-004,0.000000e+000,3,9.930882e-001,0.000000e+000,,,,,,,,,,,,,,32,1,4.000000e+000,1.762390e-003,0.000000e+000,0,,0,
1524173156.889,,0.000000e+000,3.699961e+001,-2.116557e-004,0.000000e+000,3,9.932330e-001,0.000000e+000,,,,,,,,,,,,,,32,1,4.000000e+000,6.149292e-003,0.000000e+000,0,,0,
1524173168.744,,0.000000e+000,3.699829e+001,-2.117540e-004,0.000000e+000,3,9.930164e-001,0.000000e+000,,,,,,,,,,,,,,32,1,4.000000e+000,1.747131e-003,0.000000e+000,0,,0,
1524173181.192,,0.000000e+000,3.699917e+001,-2.117982e-004,0.000000e+000,3,9.932230e-001,0.000000e+000,,,,,,,,,,,,,,32,1,4.000000e+000,0.000000e+000,0.000000e+000,0,,0,
1524173194.039,,0.000000e+000,3.700093e+001,-2.116574e-004,0.000000e+000,3,9.930834e-001,0.000000e+000,,,,,,,,,,,,,,32,1,4.000000e+000,3.520966e-003,0.000000e+000,0,,0,
1524173206.110,,0.000000e+000,3.699873e+001,-2.118613e-004,0.000000e+000,3,9.931114e-001,0.000000e+000,,,,,,,,,,,,,,32,1,4.000000e+000,8.773804e-004,0.000000e+000,0,,0,
1524173219.172,,0.000000e+000,3.699786e+001,-2.118409e-004,0.000000e+000,3,9.930376e-001,0.000000e+000,,,,,,,,,,,,,,32,1,4.000000e+000,4.390717e-003,0.000000e+000,0,,0,
1524173231.440,,0.000000e+000,3.699961e+001,-2.117814e-004,0.000000e+000,3,9.931164e-001,0.000000e+000,,,,,,,,,,,,,,32,1,4.000000e+000,8.811951e-004,0.000000e+000,0,,0,
1524173243.523,,0.000000e+000,3.699873e+001,-2.118813e-004,0.000000e+000,3,9.931328e-001,0.000000e+000,,,,,,,,,,,,,,32,1,4.000000e+000,8.773804e-004,0.000000e+000,0,,0,
1524173256.578,,0.000000e+000,3.699961e+001,-2.119450e-004,0.000000e+000,3,9.930208e-001,0.000000e+000,,,,,,,,,,,,,,32,1,4.000000e+000,6.149292e-003,0.000000e+000,0,,0,
1524173269.583,,0.000000e+000,3.699741e+001,-2.119462e-004,0.000000e+000,3,9.930456e-001,0.000000e+000,,,,,,,,,,,,,,32,1,4.000000e+000,1.750946e-003,0.000000e+000,0,,0,
1524173282.241,,0.000000e+000,3.699917e+001,-2.119762e-004,0.000000e+000,3,9.932028e-001,0.000000e+000,,,,,,,,,,,,,,32,1,4.000000e+000,1.758575e-003,0.000000e+000,0,,0,
1524173295.408,,0.000000e+000,3.699961e+001,-2.119440e-004,0.000000e+000,3,9.931268e-001,0.000000e+000,,,,,,,,,,,,,,32,1,4.000000e+000,2.639771e-003,0.000000e+000,0,,0,
1524173308.484,,0.000000e+000,3.699610e+001,-2.120394e-004,0.000000e+000,3,9.932863e-001,0.000000e+000,,,,,,,,,,,,,,32,1,4.000000e+000,8.811951e-004,0.000000e+000,0,,0,
1524173320.741,,0.000000e+000,3.699786e+001,-2.120086e-004,0.000000e+000,3,9.930639e-001,0.000000e+000,,,,,,,,,,,,,,32,1,4.000000e+000,2.628326e-003,0.000000e+000,0,,0,
1524173333.214,,0.000000e+000,3.699829e+001,-2.120067e-004,0.000000e+000,3,9.931952e-001,0.000000e+000,,,,,,,,,,,,,,32,1,4.000000e+000,0.000000e+000,0.000000e+000,0,,0,
1524173345.202,,0.000000e+000,3.699917e+001,-2.120759e-004,0.000000e+000,3,9.932572e-001,0.000000e+000,,,,,,,,,,,,,,32,1,4.000000e+000,0.000000e+000,0.000000e+000,0,,0,
1524173357.814,,0.000000e+000,3.699786e+001,-2.120147e-004,0.000000e+000,3,9.931105e-001,0.000000e+000,,,,,,,,,,,,,,32,1,4.000000e+000,8.697510e-004,0.000000e+000,0,,0,
1524173370.272,,0.000000e+000,3.699786e+001,-2.120585e-004,0.000000e+000,3,9.932189e-001,0.000000e+000,,,,,,,,,,,,,,32,1,4.000000e+000,8.697510e-004,0.000000e+000,0,,0,
1524173383.312,,0.000000e+000,3.699522e+001,-2.120666e-004,0.000000e+000,3,9.931172e-001,0.000000e+000,,,,,,,,,,,,,,32,1,4.000000e+000,2.628326e-003,0.000000e+000,0,,0,
1524173395.180,,0.000000e+000,3.699654e+001,-2.121034e-004,0.000000e+000,3,9.930928e-001,0.000000e+000,,,,,,,,,,,,,,32,1,4.000000e+000,1.762390e-003,0.000000e+000,0,,0,
1524173407.643,,0.000000e+000,3.699741e+001,-2.121004e-004,0.000000e+000,3,9.931036e-001,0.000000e+000,,,,,,,,,,,,,,32,1,4.000000e+000,3.509521e-003,0.000000e+000,0,,0,
1524173420.093,,0.000000e+000,3.699829e+001,-2.121682e-004,0.000000e+000,3,9.932691e-001,0.000000e+000,,,,,,,,,,,,,,32,1,4.000000e+000,3.509521e-003,0.000000e+000,0,,0,
1524173432.938,,0.000000e+000,3.699917e+001,-2.121870e-004,0.000000e+000,3,9.931533e-001,0.000000e+000,,,,,,,,,,,,,,32,1,4.000000e+000,1.758575e-003,0.000000e+000,0,,0,
1524173445.406,,0.000000e+000,3.699829e+001,-2.121730e-004,0.000000e+000,3,9.931979e-001,0.000000e+000,,,,,,,,,,,,,,32,1,4.000000e+000,1.747131e-003,0.000000e+000,0,,0,
1524173457.833,,0.000000e+000,3.699829e+001,-2.122287e-004,0.000000e+000,3,9.931517e-001,0.000000e+000,,,,,,,,,,,,,,32,1,4.000000e+000,1.747131e-003,0.000000e+000,0,,0,
1524173469.889,,0.000000e+000,3.699829e+001,-2.122033e-004,0.000000e+000,3,9.931583e-001,0.000000e+000,,,,,,,,,,,,,,32,1,4.000000e+000,0.000000e+000,0.000000e+000,0,,0,
1524173482.801,,0.000000e+000,3.699961e+001,-2.121731e-004,0.000000e+000,3,9.930528e-001,0.000000e+000,,,,,,,,,,,,,,32,1,4.000000e+000,8.811951e-004,0.000000e+000,0,,0,
1524173495.254,,0.000000e+000,3.699917e+001,-2.123340e-004,0.000000e+000,3,9.933557e-001,0.000000e+000,,,,,,,,,,,,,,32,1,4.000000e+000,1.758575e-003,0.000000e+000,0,,0,
1524173507.354,,0.000000e+000,3.699873e+001,-2.122511e-004,0.000000e+000,3,9.931158e-001,0.000000e+000,,,,,,,,,,,,,,32,1,4.000000e+000,8.773804e-004,0.000000e+000,0,,0,
1524173519.842,,0.000000e+000,3.699917e+001,-2.122312e-004,0.000000e+000,3,9.931530e-001,0.000000e+000,,,,,,,,,,,,,,32,1,4.000000e+000,0.000000e+000,0.000000e+000,0,,0,
1524173532.347,,0.000000e+000,3.699918e+001,-2.123766e-004,0.000000e+000,3,9.931611e-001,0.000000e+000,,,,,,,,,,,,,,32,1,4.000000e+000,7.030487e-003,0.000000e+000,0,,0,
1524173544.775,,0.000000e+000,3.699918e+001,-2.122822e-004,0.000000e+000,3,9.931024e-001,0.000000e+000,,,,,,,,,,,,,,32,1,4.000000e+000,7.030487e-003,0.000000e+000,0,,0,
1524173557.290,,0.000000e+000,3.699654e+001,-2.122462e-004,0.000000e+000,3,9.931159e-001,0.000000e+000,,,,,,,,,,,,,,32,1,4.000000e+000,1.762390e-003,0.000000e+000,0,,0,
1524173569.725,,0.000000e+000,3.699698e+001,-2.123157e-004,0.000000e+000,3,9.929896e-001,0.000000e+000,,,,,,,,,,,,,,32,1,4.000000e+000,8.811951e-004,0.000000e+000,0,,0,
1524173582.173,,0.000000e+000,3.699698e+001,-2.123535e-004,0.000000e+000,3,9.932299e-001,0.000000e+000,,,,,,,,,,,,,,32,1,4.000000e+000,8.811951e-004,0.000000e+000,0,,0,
1524173594.673,,0.000000e+000,3.699873e+001,-2.123690e-004,0.000000e+000,3,9.929988e-001,0.000000e+000,,,,,,,,,,,,,,32,1,4.000000e+000,7.907867e-003,0.000000e+000,0,,0,
1524173607.168,,0.000000e+000,3.699786e+001,-2.122251e-004,0.000000e+000,3,9.931210e-001,0.000000e+000,,,,,,,,,,,,,,32,1,4.000000e+000,6.149292e-003,0.000000e+000,0,,0,
1524173619.633,,0.000000e+000,3.699829e+001,-2.123889e-004,0.000000e+000,3,9.930948e-001,0.000000e+000,,,,,,,,,,,,,,32,1,4.000000e+000,7.026672e-003,0.000000e+000,0,,0,
1524173632.051,,0.000000e+000,3.699829e+001,-2.124004e-004,0.000000e+000,3,9.932125e-001,0.000000e+000,,,,,,,,,,,,,,32,1,4.000000e+000,0.000000e+000,0.000000e+000,0,,0,
1524173644.526,,0.000000e+000,3.699786e+001,-2.123111e-004,0.000000e+000,3,9.930778e-001,0.000000e+000,,,,,,,,,,,,,,32,1,4.000000e+000,8.697510e-004,0.000000e+000,0,,0,
1524173657.561,,0.000000e+000,3.699697e+001,-2.124376e-004,0.000000e+000,3,9.932287e-001,0.000000e+000,,,,,,,,,,,,,,32,1,4.000000e+000,4.386902e-003,0.000000e+000,0,,0,
1524173670.066,,0.000000e+000,3.700093e+001,-2.124113e-004,0.000000e+000,3,9.931554e-001,0.000000e+000,,,,,,,,,,,,,,32,1,4.000000e+000,3.520966e-003,0.000000e+000,0,,0,
1524173682.534,,0.000000e+000,3.699873e+001,-2.124877e-004,0.000000e+000,3,9.927924e-001,0.000000e+000,,,,,,,,,,,,,,32,1,4.000000e+000,8.773804e-004,0.000000e+000,0,,0,
1524173694.987,,0.000000e+000,3.699697e+001,-2.124968e-004,0.000000e+000,3,9.930870e-001,0.000000e+000,,,,,,,,,,,,,,32,1,4.000000e+000,2.632141e-003,0.000000e+000,0,,0,
1524173707.454,,0.000000e+000,3.699610e+001,-2.124689e-004,0.000000e+000,3,9.930059e-001,0.000000e+000,,,,,,,,,,,,,,32,1,4.000000e+000,8.811951e-004,0.000000e+000,0,,0,
1524173719.337,,0.000000e+000,3.700093e+001,-2.125233e-004,0.000000e+000,3,9.934868e-001,0.000000e+000,,,,,,,,,,,,,,32,1,4.000000e+000,1.758575e-003,0.000000e+000,0,,0,
1524173732.360,,0.000000e+000,3.699873e+001,-2.125437e-004,0.000000e+000,3,9.932015e-001,0.000000e+000,,,,,,,,,,,,,,32,1,4.000000e+000,2.628326e-003,0.000000e+000,0,,0,
1524173744.865,,0.000000e+000,3.700093e+001,-2.125508e-004,0.000000e+000,3,9.933340e-001,0.000000e+000,,,,,,,,,,,,,,32,1,4.000000e+000,1.758575e-003,0.000000e+000,0,,0,
1524173757.295,,0.000000e+000,3.700137e+001,-2.125601e-004,0.000000e+000,3,9.931853e-001,0.000000e+000,,,,,,,,,,,,,,32,1,4.000000e+000,2.639771e-003,0.000000e+000,0,,0,
1524173769.780,,0.000000e+000,3.699829e+001,-2.126173e-004,0.000000e+000,3,9.933739e-001,0.000000e+000,,,,,,,,,,,,,,32,1,4.000000e+000,5.271912e-003,0.000000e+000,0,,0,
1524173781.681,,0.000000e+000,3.700225e+001,-2.125723e-004,0.000000e+000,3,9.932120e-001,0.000000e+000,,,,,,,,,,,,,,32,1,4.000000e+000,8.811951e-004,0.000000e+000,0,,0,
1524173794.708,,0.000000e+000,3.700137e+001,-2.126250e-004,0.000000e+000,3,9.932084e-001,0.000000e+000,,,,,,,,,,,,,,32,1,4.000000e+000,8.773804e-004,0.000000e+000,0,,0,
1524173806.598,,0.000000e+000,3.699917e+001,-2.126134e-004,0.000000e+000,3,9.929167e-001,0.000000e+000,,,,,,,,,,,,,,32,1,4.000000e+000,1.758575e-003,0.000000e+000,0,,0,
1524173819.654,,0.000000e+000,3.699961e+001,-2.126026e-004,0.000000e+000,3,9.932676e-001,0.000000e+000,,,,,,,,,,,,,,32,1,4.000000e+000,8.811951e-004,0.000000e+000,0,,0,
1524173832.116,,0.000000e+000,3.699961e+001,-2.126548e-004,0.000000e+000,3,9.931324e-001,0.000000e+000,,,,,,,,,,,,,,32,1,4.000000e+000,8.811951e-004,0.000000e+000,0,,0,
1524173844.606,,0.000000e+000,3.700049e+001,-2.125458e-004,0.000000e+000,3,9.932515e-001,0.000000e+000,,,,,,,,,,,,,,32,1,4.000000e+000,4.398346e-003,0.000000e+000,0,,0,
1524173857.274,,0.000000e+000,3.700356e+001,-2.126346e-004,0.000000e+000,3,9.931509e-001,0.000000e+000,,,,,,,,,,,,,,32,1,4.000000e+000,1.750946e-003,0.000000e+000,0,,0,
1524173869.747,,0.000000e+000,3.700049e+001,-2.127019e-004,0.000000e+000,3,9.932802e-001,0.000000e+000,,,,,,,,,,,,,,32,1,4.000000e+000,8.811951e-004,0.000000e+000,0,,0,
1524173882.237,,0.000000e+000,3.699610e+001,-2.127769e-004,0.000000e+000,3,9.928160e-001,0.000000e+000,,,,,,,,,,,,,,32,1,4.000000e+000,2.639771e-003,0.000000e+000,0,,0,
1524173895.307,,0.000000e+000,3.699829e+001,-2.127432e-004,0.000000e+000,3,9.932545e-001,0.000000e+000,,,,,,,,,,,,,,32,1,4.000000e+000,1.747131e-003,0.000000e+000,0,,0,
1524173907.982,,0.000000e+000,3.700049e+001,-2.127343e-004,0.000000e+000,3,9.931235e-001,0.000000e+000,,,,,,,,,,,,,,32,1,4.000000e+000,2.639771e-003,0.000000e+000,0,,0,
1524173920.465,,0.000000e+000,3.700225e+001,-2.127951e-004,0.000000e+000,3,9.933274e-001,0.000000e+000,,,,,,,,,,,,,,32,1,4.000000e+000,8.811951e-004,0.000000e+000,0,,0,
1524173932.775,,0.000000e+000,3.700005e+001,-2.127404e-004,0.000000e+000,3,9.933119e-001,0.000000e+000,,,,,,,,,,,,,,32,1,4.000000e+000,5.268097e-003,0.000000e+000,0,,0,
1524173945.215,,0.000000e+000,3.699917e+001,-2.128158e-004,0.000000e+000,3,9.932334e-001,0.000000e+000,,,,,,,,,,,,,,32,1,4.000000e+000,1.758575e-003,0.000000e+000,0,,0,
1524173957.766,,0.000000e+000,3.700005e+001,-2.127605e-004,0.000000e+000,3,9.932470e-001,0.000000e+000,,,,,,,,,,,,,,32,1,4.000000e+000,0.000000e+000,0.000000e+000,0,,0,
1524173970.318,,0.000000e+000,3.700093e+001,-2.129112e-004,0.000000e+000,3,9.933570e-001,0.000000e+000,,,,,,,,,,,,,,32,1,4.000000e+000,3.520966e-003,0.000000e+000,0,,0,
1524173982.681,,0.000000e+000,3.700181e+001,-2.128059e-004,0.000000e+000,3,9.931007e-001,0.000000e+000,,,,,,,,,,,,,,32,1,4.000000e+000,1.758575e-003,0.000000e+000,0,,0,
