[Header]
TITLE,MPMS DC Measurement
BYAPP,MPMS Measurement,2.1,Summary
FILEOPENTIME, 1524317037.563000 4/21/2018, 7:23:57 AM

INFO, APPNAME, MPMS MultiVu Application, Revision 1.61,  Build 082

INFO, NAME, MFn1
INFO, WEIGHT, 1.000
INFO, AREA, 1.000
INFO, LENGTH, 1.000
INFO, SHAPE, 0
INFO, COMMENT, 
INFO, SEQUENCE FILE: VRMac_36K_6000s_VRMde_35K.seq


INFO, BACKGROUND DATA FILE:, None


STARTUPAXIS,X,4,LINEAR,AUTO,0.000000,0.000000
STARTUPAXIS,Y1,5,LINEAR,AUTO,0.000000,0.000000


STARTUPGROUP,Longitudinal
FIELDGROUP,Longitudinal,1,2,3,4,5,6,7,8,9,15,16,17,18,27,28
FIELDGROUP,Transverse,1,2,3,4,10,11,12,13,14,19,20,21,22,27,28

PLOT_APPEARANCE,ALL,HORZ_GRID_ON,VERT_GRID_ON,MARKERS_AND_LINES

[Data]
Time,Comment,Field (Oe),Temperature (K),Long Moment (emu),Long Scan Std Dev,Long Algorithm,Long Reg Fit,Long Percent Error (%),Trans Moment (emu),Trans Scan Std Dev,Trans Algorithm,Trans Reg Fit,Trans Percent Error (%),Long Moment [w/o ABS] (emu),Long Scan Std Dev [w/o ABS],Long Reg Fit [w/o ABS],Long Percent Error [w/o ABS] (%),Trans Moment [w/o ABS] (emu),Trans Scan Std Dev [w/o ABS],Trans Reg Fit [w/o ABS],Trans Percent Error [w/o ABS] (%),Points per Scan,Scans per Measurement,Scan Length (cm),Delta Temp (K),Rot Position (deg),Error,EC Comp. Running,Using ABS,
1524317037.561,,0.000000e+000,3.599860e+001,-1.770450e-004,0.000000e+000,2,9.349947e-001,0.000000e+000,,,,,,,,,,,,,,32,1,4.000000e+000,4.150391e-003,0.000000e+000,0,,0,
1524317050.139,,0.000000e+000,3.599860e+001,-1.783302e-004,0.000000e+000,2,9.349573e-001,0.000000e+000,,,,,,,,,,,,,,32,1,4.000000e+000,4.150391e-003,0.000000e+000,0,,0,
1524317063.501,,0.000000e+000,3.599902e+001,-1.794559e-004,0.000000e+000,2,9.352874e-001,0.000000e+000,,,,,,,,,,,,,,32,1,4.000000e+000,4.970551e-003,0.000000e+000,0,,0,
1524317076.067,,0.000000e+000,3.600067e+001,-1.802798e-004,0.000000e+000,2,9.352765e-001,0.000000e+000,,,,,,,,,,,,,,32,1,4.000000e+000,1.659393e-003,0.000000e+000,0,,0,
1524317088.664,,0.000000e+000,3.599984e+001,-1.810426e-004,0.000000e+000,2,9.352711e-001,0.000000e+000,,,,,,,,,,,,,,32,1,4.000000e+000,0.000000e+000,0.000000e+000,0,,0,
1524317101.209,,0.000000e+000,3.599902e+001,-1.817504e-004,0.000000e+000,2,9.353906e-001,0.000000e+000,,,,,,,,,,,,,,32,1,4.000000e+000,0.000000e+000,0.000000e+000,0,,0,
1524317113.760,,0.000000e+000,3.599860e+001,-1.823197e-004,0.000000e+000,2,9.352921e-001,0.000000e+000,,,,,,,,,,,,,,32,1,4.000000e+000,8.277893e-004,0.000000e+000,0,,0,
1524317126.370,,0.000000e+000,3.599819e+001,-1.827524e-004,0.000000e+000,2,9.356492e-001,0.000000e+000,,,,,,,,,,,,,,32,1,4.000000e+000,4.978180e-003,0.000000e+000,0,,0,
1524317139.005,,0.000000e+000,3.599902e+001,-1.832539e-004,0.000000e+000,2,9.356893e-001,0.000000e+000,,,,,,,,,,,,,,32,1,4.000000e+000,3.318787e-003,0.000000e+000,0,,0,
1524317151.583,,0.000000e+000,3.599860e+001,-1.836992e-004,0.000000e+000,2,9.355422e-001,0.000000e+000,,,,,,,,,,,,,,32,1,4.000000e+000,8.277893e-004,0.000000e+000,0,,0,
1524317164.145,,0.000000e+000,3.599819e+001,-1.841153e-004,0.000000e+000,2,9.356602e-001,0.000000e+000,,,,,,,,,,,,,,32,1,4.000000e+000,0.000000e+000,0.000000e+000,0,,0,
1524317176.743,,0.000000e+000,3.599902e+001,-1.845246e-004,0.000000e+000,2,9.358726e-001,0.000000e+000,,,,,,,,,,,,,,32,1,4.000000e+000,1.647949e-003,0.000000e+000,0,,0,
1524317189.336,,0.000000e+000,3.599860e+001,-1.848780e-004,0.000000e+000,2,9.359927e-001,0.000000e+000,,,,,,,,,,,,,,32,1,4.000000e+000,8.277893e-004,0.000000e+000,0,,0,
1524317201.933,,0.000000e+000,3.599902e+001,-1.851819e-004,0.000000e+000,2,9.360169e-001,0.000000e+000,,,,,,,,,,,,,,32,1,4.000000e+000,3.318787e-003,0.000000e+000,0,,0,
1524317214.464,,0.000000e+000,3.599902e+001,-1.854763e-004,0.000000e+000,2,9.360151e-001,0.000000e+000,,,,,,,,,,,,,,32,1,4.000000e+000,3.318787e-003,0.000000e+000,0,,0,
1524317226.699,,0.000000e+000,3.599819e+001,-1.858016e-004,0.000000e+000,2,9.360753e-001,0.000000e+000,,,,,,,,,,,,,,32,1,4.000000e+000,1.659393e-003,0.000000e+000,0,,0,
1524317239.419,,0.000000e+000,3.599819e+001,-1.860487e-004,0.000000e+000,2,9.362494e-001,0.000000e+000,,,,,,,,,,,,,,32,1,4.000000e+000,1.659393e-003,0.000000e+000,0,,0,
1524317251.987,,0.000000e+000,3.599819e+001,-1.863417e-004,0.000000e+000,2,9.364781e-001,0.000000e+000,,,,,,,,,,,,,,32,1,4.000000e+000,1.659393e-003,0.000000e+000,0,,0,
1524317264.582,,0.000000e+000,3.599778e+001,-1.865825e-004,0.000000e+000,2,9.363239e-001,0.000000e+000,,,,,,,,,,,,,,32,1,4.000000e+000,8.316040e-004,0.000000e+000,0,,0,
1524317277.147,,0.000000e+000,3.599860e+001,-1.868311e-004,0.000000e+000,2,9.365576e-001,0.000000e+000,,,,,,,,,,,,,,32,1,4.000000e+000,8.277893e-004,0.000000e+000,0,,0,
1524317289.760,,0.000000e+000,3.599943e+001,-1.870503e-004,0.000000e+000,2,9.366700e-001,0.000000e+000,,,,,,,,,,,,,,32,1,4.000000e+000,4.138947e-003,0.000000e+000,0,,0,
1524317302.355,,0.000000e+000,3.599736e+001,-1.872890e-004,0.000000e+000,2,9.366298e-001,0.000000e+000,,,,,,,,,,,,,,32,1,4.000000e+000,0.000000e+000,0.000000e+000,0,,0,
1524317314.938,,0.000000e+000,3.599736e+001,-1.874969e-004,0.000000e+000,2,9.366734e-001,0.000000e+000,,,,,,,,,,,,,,32,1,4.000000e+000,0.000000e+000,0.000000e+000,0,,0,
1524317327.500,,0.000000e+000,3.599860e+001,-1.877254e-004,0.000000e+000,2,9.369091e-001,0.000000e+000,,,,,,,,,,,,,,32,1,4.000000e+000,2.479553e-003,0.000000e+000,0,,0,
1524317340.103,,0.000000e+000,3.599819e+001,-1.879042e-004,0.000000e+000,2,9.371335e-001,0.000000e+000,,,,,,,,,,,,,,32,1,4.000000e+000,0.000000e+000,0.000000e+000,0,,0,
1524317352.676,,0.000000e+000,3.599819e+001,-1.881071e-004,0.000000e+000,2,9.370859e-001,0.000000e+000,,,,,,,,,,,,,,32,1,4.000000e+000,0.000000e+000,0.000000e+000,0,,0,
1524317365.171,,0.000000e+000,3.599819e+001,-1.883294e-004,0.000000e+000,2,9.370687e-001,0.000000e+000,,,,,,,,,,,,,,32,1,4.000000e+000,0.000000e+000,0.000000e+000,0,,0,
1524317377.884,,0.000000e+000,3.599943e+001,-1.884888e-004,0.000000e+000,2,9.370334e-001,0.000000e+000,,,,,,,,,,,,,,32,1,4.000000e+000,8.201599e-004,0.000000e+000,0,,0,
1524317390.431,,0.000000e+000,3.599819e+001,-1.886344e-004,0.000000e+000,2,9.373519e-001,0.000000e+000,,,,,,,,,,,,,,32,1,4.000000e+000,0.000000e+000,0.000000e+000,0,,0,
1524317403.026,,0.000000e+000,3.599778e+001,-1.888126e-004,0.000000e+000,2,9.374323e-001,0.000000e+000,,,,,,,,,,,,,,32,1,4.000000e+000,8.316040e-004,0.000000e+000,0,,0,
1524317415.607,,0.000000e+000,3.599778e+001,-1.889853e-004,0.000000e+000,2,9.373580e-001,0.000000e+000,,,,,,,,,,,,,,32,1,4.000000e+000,8.316040e-004,0.000000e+000,0,,0,
1524317428.184,,0.000000e+000,3.599778e+001,-1.891580e-004,0.000000e+000,2,9.375751e-001,0.000000e+000,,,,,,,,,,,,,,32,1,4.000000e+000,8.316040e-004,0.000000e+000,0,,0,
1524317440.787,,0.000000e+000,3.599819e+001,-1.892738e-004,0.000000e+000,2,9.376190e-001,0.000000e+000,,,,,,,,,,,,,,32,1,4.000000e+000,1.659393e-003,0.000000e+000,0,,0,
1524317453.362,,0.000000e+000,3.599819e+001,-1.894584e-004,0.000000e+000,2,9.378138e-001,0.000000e+000,,,,,,,,,,,,,,32,1,4.000000e+000,1.659393e-003,0.000000e+000,0,,0,
1524317465.927,,0.000000e+000,3.599819e+001,-1.896833e-004,0.000000e+000,2,9.377980e-001,0.000000e+000,,,,,,,,,,,,,,32,1,4.000000e+000,1.659393e-003,0.000000e+000,0,,0,
1524317478.538,,0.000000e+000,3.599777e+001,-1.897696e-004,0.000000e+000,2,9.377897e-001,0.000000e+000,,,,,,,,,,,,,,32,1,4.000000e+000,2.490997e-003,0.000000e+000,0,,0,
1524317491.115,,0.000000e+000,3.599694e+001,-1.899209e-004,0.000000e+000,2,9.378564e-001,0.000000e+000,,,,,,,,,,,,,,32,1,4.000000e+000,8.316040e-004,0.000000e+000,0,,0,
1524317503.735,,0.000000e+000,3.599694e+001,-1.901472e-004,0.000000e+000,2,9.379071e-001,0.000000e+000,,,,,,,,,,,,,,32,1,4.000000e+000,8.316040e-004,0.000000e+000,0,,0,
1524317516.281,,0.000000e+000,3.599985e+001,-1.902800e-004,0.000000e+000,2,9.382545e-001,0.000000e+000,,,,,,,,,,,,,,32,1,4.000000e+000,1.659393e-003,0.000000e+000,0,,0,
1524317528.876,,0.000000e+000,3.599860e+001,-1.903341e-004,0.000000e+000,2,9.381975e-001,0.000000e+000,,,,,,,,,,,,,,32,1,4.000000e+000,8.277893e-004,0.000000e+000,0,,0,
1524317541.436,,0.000000e+000,3.599778e+001,-1.904746e-004,0.000000e+000,2,9.381910e-001,0.000000e+000,,,,,,,,,,,,,,32,1,4.000000e+000,8.316040e-004,0.000000e+000,0,,0,
1524317554.036,,0.000000e+000,3.599736e+001,-1.905989e-004,0.000000e+000,2,9.380702e-001,0.000000e+000,,,,,,,,,,,,,,32,1,4.000000e+000,0.000000e+000,0.000000e+000,0,,0,
1524317566.631,,0.000000e+000,3.600110e+001,-1.907132e-004,0.000000e+000,2,9.380623e-001,0.000000e+000,,,,,,,,,,,,,,32,1,4.000000e+000,5.809784e-003,0.000000e+000,0,,0,
1524317579.181,,0.000000e+000,3.599778e+001,-1.908567e-004,0.000000e+000,2,9.382806e-001,0.000000e+000,,,,,,,,,,,,,,32,1,4.000000e+000,8.316040e-004,0.000000e+000,0,,0,
1524317591.792,,0.000000e+000,3.599736e+001,-1.909567e-004,0.000000e+000,2,9.383364e-001,0.000000e+000,,,,,,,,,,,,,,32,1,4.000000e+000,0.000000e+000,0.000000e+000,0,,0,
1524317604.374,,0.000000e+000,3.599860e+001,-1.910502e-004,0.000000e+000,2,9.383984e-001,0.000000e+000,,,,,,,,,,,,,,32,1,4.000000e+000,2.479553e-003,0.000000e+000,0,,0,
1524317616.980,,0.000000e+000,3.599819e+001,-1.912320e-004,0.000000e+000,2,9.385309e-001,0.000000e+000,,,,,,,,,,,,,,32,1,4.000000e+000,0.000000e+000,0.000000e+000,0,,0,
1524317629.545,,0.000000e+000,3.599819e+001,-1.913102e-004,0.000000e+000,2,9.383638e-001,0.000000e+000,,,,,,,,,,,,,,32,1,4.000000e+000,0.000000e+000,0.000000e+000,0,,0,
1524317642.092,,0.000000e+000,3.599819e+001,-1.914350e-004,0.000000e+000,2,9.385579e-001,0.000000e+000,,,,,,,,,,,,,,32,1,4.000000e+000,0.000000e+000,0.000000e+000,0,,0,
1524317654.545,,0.000000e+000,3.599860e+001,-1.915498e-004,0.000000e+000,2,9.383923e-001,0.000000e+000,,,,,,,,,,,,,,32,1,4.000000e+000,8.277893e-004,0.000000e+000,0,,0,
1524317667.290,,0.000000e+000,3.599778e+001,-1.916008e-004,0.000000e+000,2,9.386273e-001,0.000000e+000,,,,,,,,,,,,,,32,1,4.000000e+000,8.316040e-004,0.000000e+000,0,,0,
1524317679.873,,0.000000e+000,3.599819e+001,-1.917962e-004,0.000000e+000,2,9.387718e-001,0.000000e+000,,,,,,,,,,,,,,32,1,4.000000e+000,0.000000e+000,0.000000e+000,0,,0,
1524317692.496,,0.000000e+000,3.599819e+001,-1.918524e-004,0.000000e+000,2,9.385895e-001,0.000000e+000,,,,,,,,,,,,,,32,1,4.000000e+000,0.000000e+000,0.000000e+000,0,,0,
1524317705.026,,0.000000e+000,3.599944e+001,-1.919371e-004,0.000000e+000,2,9.385938e-001,0.000000e+000,,,,,,,,,,,,,,32,1,4.000000e+000,2.487183e-003,0.000000e+000,0,,0,
1524317717.608,,0.000000e+000,3.599778e+001,-1.921551e-004,0.000000e+000,2,9.387530e-001,0.000000e+000,,,,,,,,,,,,,,32,1,4.000000e+000,8.316040e-004,0.000000e+000,0,,0,
1524317730.189,,0.000000e+000,3.599778e+001,-1.921864e-004,0.000000e+000,2,9.391071e-001,0.000000e+000,,,,,,,,,,,,,,32,1,4.000000e+000,8.316040e-004,0.000000e+000,0,,0,
1524317742.811,,0.000000e+000,3.599819e+001,-1.922272e-004,0.000000e+000,2,9.388877e-001,0.000000e+000,,,,,,,,,,,,,,32,1,4.000000e+000,1.659393e-003,0.000000e+000,0,,0,
1524317755.349,,0.000000e+000,3.599819e+001,-1.922985e-004,0.000000e+000,2,9.390652e-001,0.000000e+000,,,,,,,,,,,,,,32,1,4.000000e+000,0.000000e+000,0.000000e+000,0,,0,
1524317767.959,,0.000000e+000,3.599819e+001,-1.925094e-004,0.000000e+000,2,9.390840e-001,0.000000e+000,,,,,,,,,,,,,,32,1,4.000000e+000,0.000000e+000,0.000000e+000,0,,0,
1524317780.509,,0.000000e+000,3.599778e+001,-1.924200e-004,0.000000e+000,2,9.390752e-001,0.000000e+000,,,,,,,,,,,,,,32,1,4.000000e+000,8.316040e-004,0.000000e+000,0,,0,
1524317793.155,,0.000000e+000,3.599860e+001,-1.926313e-004,0.000000e+000,2,9.391525e-001,0.000000e+000,,,,,,,,,,,,,,32,1,4.000000e+000,2.479553e-003,0.000000e+000,0,,0,
1524317805.760,,0.000000e+000,3.599736e+001,-1.927059e-004,0.000000e+000,2,9.393720e-001,0.000000e+000,,,,,,,,,,,,,,32,1,4.000000e+000,0.000000e+000,0.000000e+000,0,,0,
1524317818.805,,0.000000e+000,3.599736e+001,-1.927633e-004,0.000000e+000,2,9.393520e-001,0.000000e+000,,,,,,,,,,,,,,32,1,4.000000e+000,0.000000e+000,0.000000e+000,0,,0,
1524317831.878,,0.000000e+000,3.599778e+001,-1.928975e-004,0.000000e+000,2,9.392942e-001,0.000000e+000,,,,,,,,,,,,,,32,1,4.000000e+000,8.316040e-004,0.000000e+000,0,,0,
1524317844.465,,0.000000e+000,3.599694e+001,-1.929952e-004,0.000000e+000,2,9.393161e-001,0.000000e+000,,,,,,,,,,,,,,32,1,4.000000e+000,8.316040e-004,0.000000e+000,0,,0,
1524317857.066,,0.000000e+000,3.599777e+001,-1.929821e-004,0.000000e+000,2,9.392604e-001,0.000000e+000,,,,,,,,,,,,,,32,1,4.000000e+000,4.138947e-003,0.000000e+000,0,,0,
1524317869.581,,0.000000e+000,3.599695e+001,-1.932076e-004,0.000000e+000,2,9.392819e-001,0.000000e+000,,,,,,,,,,,,,,32,1,4.000000e+000,2.490997e-003,0.000000e+000,0,,0,
1524317881.713,,0.000000e+000,3.599778e+001,-1.932160e-004,0.000000e+000,2,9.393596e-001,0.000000e+000,,,,,,,,,,,,,,32,1,4.000000e+000,8.316040e-004,0.000000e+000,0,,0,
1524317894.789,,0.000000e+000,3.599860e+001,-1.933246e-004,0.000000e+000,2,9.393820e-001,0.000000e+000,,,,,,,,,,,,,,32,1,4.000000e+000,2.479553e-003,0.000000e+000,0,,0,
1524317907.374,,0.000000e+000,3.599943e+001,-1.933868e-004,0.000000e+000,2,9.395203e-001,0.000000e+000,,,,,,,,,,,,,,32,1,4.000000e+000,8.201599e-004,0.000000e+000,0,,0,
1524317919.627,,0.000000e+000,3.599985e+001,-1.935302e-004,0.000000e+000,2,9.397596e-001,0.000000e+000,,,,,,,,,,,,,,32,1,4.000000e+000,1.659393e-003,0.000000e+000,0,,0,
1524317932.269,,0.000000e+000,3.599819e+001,-1.935476e-004,0.000000e+000,2,9.394190e-001,0.000000e+000,,,,,,,,,,,,,,32,1,4.000000e+000,4.978180e-003,0.000000e+000,0,,0,
1524317945.127,,0.000000e+000,3.599944e+001,-1.936719e-004,0.000000e+000,2,9.397441e-001,0.000000e+000,,,,,,,,,,,,,,32,1,4.000000e+000,2.487183e-003,0.000000e+000,0,,0,
1524317957.707,,0.000000e+000,3.599860e+001,-1.936107e-004,0.000000e+000,2,9.398609e-001,0.000000e+000,,,,,,,,,,,,,,32,1,4.000000e+000,2.479553e-003,0.000000e+000,0,,0,
1524317969.795,,0.000000e+000,3.599902e+001,-1.937432e-004,0.000000e+000,2,9.397275e-001,0.000000e+000,,,,,,,,,,,,,,32,1,4.000000e+000,3.318787e-003,0.000000e+000,0,,0,
1524317982.860,,0.000000e+000,3.599860e+001,-1.938745e-004,0.000000e+000,2,9.401125e-001,0.000000e+000,,,,,,,,,,,,,,32,1,4.000000e+000,4.150391e-003,0.000000e+000,0,,0,
1524317995.445,,0.000000e+000,3.599902e+001,-1.939399e-004,0.000000e+000,2,9.401280e-001,0.000000e+000,,,,,,,,,,,,,,32,1,4.000000e+000,1.647949e-003,0.000000e+000,0,,0,
1524318008.048,,0.000000e+000,3.599819e+001,-1.940486e-004,0.000000e+000,2,9.401481e-001,0.000000e+000,,,,,,,,,,,,,,32,1,4.000000e+000,1.659393e-003,0.000000e+000,0,,0,
1524318020.611,,0.000000e+000,3.599943e+001,-1.941149e-004,0.000000e+000,2,9.403887e-001,0.000000e+000,,,,,,,,,,,,,,32,1,4.000000e+000,8.201599e-004,0.000000e+000,0,,0,
1524318033.193,,0.000000e+000,3.599653e+001,-1.941816e-004,0.000000e+000,2,9.402214e-001,0.000000e+000,,,,,,,,,,,,,,32,1,4.000000e+000,1.659393e-003,0.000000e+000,0,,0,
1524318045.803,,0.000000e+000,3.599943e+001,-1.942610e-004,0.000000e+000,2,9.403400e-001,0.000000e+000,,,,,,,,,,,,,,32,1,4.000000e+000,8.201599e-004,0.000000e+000,0,,0,
1524318058.326,,0.000000e+000,3.599819e+001,-1.942340e-004,0.000000e+000,2,9.405386e-001,0.000000e+000,,,,,,,,,,,,,,32,1,4.000000e+000,1.659393e-003,0.000000e+000,0,,0,
1524318070.944,,0.000000e+000,3.599860e+001,-1.943683e-004,0.000000e+000,2,9.402370e-001,0.000000e+000,,,,,,,,,,,,,,32,1,4.000000e+000,2.479553e-003,0.000000e+000,0,,0,
1524318083.524,,0.000000e+000,3.599694e+001,-1.944421e-004,0.000000e+000,2,9.405508e-001,0.000000e+000,,,,,,,,,,,,,,32,1,4.000000e+000,8.316040e-004,0.000000e+000,0,,0,
1524318096.122,,0.000000e+000,3.599943e+001,-1.945411e-004,0.000000e+000,2,9.405679e-001,0.000000e+000,,,,,,,,,,,,,,32,1,4.000000e+000,8.201599e-004,0.000000e+000,0,,0,
1524318108.692,,0.000000e+000,3.599860e+001,-1.946586e-004,0.000000e+000,2,9.406835e-001,0.000000e+000,,,,,,,,,,,,,,32,1,4.000000e+000,8.277893e-004,0.000000e+000,0,,0,
1524318121.237,,0.000000e+000,3.599819e+001,-1.946393e-004,0.000000e+000,2,9.405628e-001,0.000000e+000,,,,,,,,,,,,,,32,1,4.000000e+000,1.659393e-003,0.000000e+000,0,,0,
1524318133.832,,0.000000e+000,3.599902e+001,-1.947353e-004,0.000000e+000,2,9.407957e-001,0.000000e+000,,,,,,,,,,,,,,32,1,4.000000e+000,1.647949e-003,0.000000e+000,0,,0,
1524318146.092,,0.000000e+000,3.599818e+001,-1.947788e-004,0.000000e+000,2,9.408612e-001,0.000000e+000,,,,,,,,,,,,,,32,1,4.000000e+000,3.311157e-003,0.000000e+000,0,,0,
1524318158.680,,0.000000e+000,3.599694e+001,-1.948604e-004,0.000000e+000,2,9.408002e-001,0.000000e+000,,,,,,,,,,,,,,32,1,4.000000e+000,8.316040e-004,0.000000e+000,0,,0,
1524318171.593,,0.000000e+000,3.599778e+001,-1.949187e-004,0.000000e+000,2,9.408502e-001,0.000000e+000,,,,,,,,,,,,,,32,1,4.000000e+000,8.316040e-004,0.000000e+000,0,,0,
1524318183.790,,0.000000e+000,3.599902e+001,-1.949992e-004,0.000000e+000,2,9.410242e-001,0.000000e+000,,,,,,,,,,,,,,32,1,4.000000e+000,3.318787e-003,0.000000e+000,0,,0,
1524318196.776,,0.000000e+000,3.599944e+001,-1.950307e-004,0.000000e+000,2,9.410397e-001,0.000000e+000,,,,,,,,,,,,,,32,1,4.000000e+000,2.487183e-003,0.000000e+000,0,,0,
1524318208.831,,0.000000e+000,3.599819e+001,-1.951342e-004,0.000000e+000,2,9.409840e-001,0.000000e+000,,,,,,,,,,,,,,32,1,4.000000e+000,0.000000e+000,0.000000e+000,0,,0,
1524318221.938,,0.000000e+000,3.599819e+001,-1.951580e-004,0.000000e+000,2,9.411072e-001,0.000000e+000,,,,,,,,,,,,,,32,1,4.000000e+000,1.659393e-003,0.000000e+000,0,,0,
1524318234.159,,0.000000e+000,3.599902e+001,-1.952210e-004,0.000000e+000,2,9.411605e-001,0.000000e+000,,,,,,,,,,,,,,32,1,4.000000e+000,0.000000e+000,0.000000e+000,0,,0,
1524318247.064,,0.000000e+000,3.599902e+001,-1.952523e-004,0.000000e+000,2,9.414573e-001,0.000000e+000,,,,,,,,,,,,,,32,1,4.000000e+000,0.000000e+000,0.000000e+000,0,,0,
1524318259.679,,0.000000e+000,3.599695e+001,-1.952605e-004,0.000000e+000,2,9.410696e-001,0.000000e+000,,,,,,,,,,,,,,32,1,4.000000e+000,2.490997e-003,0.000000e+000,0,,0,
1524318271.767,,0.000000e+000,3.599943e+001,-1.953589e-004,0.000000e+000,2,9.412272e-001,0.000000e+000,,,,,,,,,,,,,,32,1,4.000000e+000,8.201599e-004,0.000000e+000,0,,0,
1524318284.564,,0.000000e+000,3.599860e+001,-1.953821e-004,0.000000e+000,2,9.416770e-001,0.000000e+000,,,,,,,,,,,,,,32,1,4.000000e+000,8.277893e-004,0.000000e+000,0,,0,
1524318296.527,,0.000000e+000,3.599860e+001,-1.956286e-004,0.000000e+000,2,9.417042e-001,0.000000e+000,,,,,,,,,,,,,,32,1,4.000000e+000,8.277893e-004,0.000000e+000,0,,0,
1524318309.210,,0.000000e+000,3.599736e+001,-1.955210e-004,0.000000e+000,2,9.413897e-001,0.000000e+000,,,,,,,,,,,,,,32,1,4.000000e+000,1.663208e-003,0.000000e+000,0,,0,
1524318321.425,,0.000000e+000,3.599736e+001,-1.956637e-004,0.000000e+000,2,9.415341e-001,0.000000e+000,,,,,,,,,,,,,,32,1,4.000000e+000,1.663208e-003,0.000000e+000,0,,0,
1524318334.180,,0.000000e+000,3.599860e+001,-1.956643e-004,0.000000e+000,2,9.417853e-001,0.000000e+000,,,,,,,,,,,,,,32,1,4.000000e+000,8.277893e-004,0.000000e+000,0,,0,
1524318346.765,,0.000000e+000,3.599860e+001,-1.957240e-004,0.000000e+000,2,9.421496e-001,0.000000e+000,,,,,,,,,,,,,,32,1,4.000000e+000,8.277893e-004,0.000000e+000,0,,0,
1524318359.333,,0.000000e+000,3.599860e+001,-1.958323e-004,0.000000e+000,2,9.417662e-001,0.000000e+000,,,,,,,,,,,,,,32,1,4.000000e+000,8.277893e-004,0.000000e+000,0,,0,
1524318371.886,,0.000000e+000,3.599778e+001,-1.957891e-004,0.000000e+000,2,9.420948e-001,0.000000e+000,,,,,,,,,,,,,,32,1,4.000000e+000,8.316040e-004,0.000000e+000,0,,0,
1524318384.521,,0.000000e+000,3.599778e+001,-1.959069e-004,0.000000e+000,2,9.419276e-001,0.000000e+000,,,,,,,,,,,,,,32,1,4.000000e+000,8.316040e-004,0.000000e+000,0,,0,
1524318397.081,,0.000000e+000,3.599860e+001,-1.960241e-004,0.000000e+000,2,9.421439e-001,0.000000e+000,,,,,,,,,,,,,,32,1,4.000000e+000,8.277893e-004,0.000000e+000,0,,0,
1524318409.649,,0.000000e+000,3.599819e+001,-1.960003e-004,0.000000e+000,2,9.421912e-001,0.000000e+000,,,,,,,,,,,,,,32,1,4.000000e+000,0.000000e+000,0.000000e+000,0,,0,
1524318422.224,,0.000000e+000,3.599819e+001,-1.960126e-004,0.000000e+000,2,9.424050e-001,0.000000e+000,,,,,,,,,,,,,,32,1,4.000000e+000,0.000000e+000,0.000000e+000,0,,0,
1524318434.867,,0.000000e+000,3.599860e+001,-1.961112e-004,0.000000e+000,2,9.423863e-001,0.000000e+000,,,,,,,,,,,,,,32,1,4.000000e+000,8.277893e-004,0.000000e+000,0,,0,
1524318447.404,,0.000000e+000,3.599778e+001,-1.960554e-004,0.000000e+000,2,9.424530e-001,0.000000e+000,,,,,,,,,,,,,,32,1,4.000000e+000,8.316040e-004,0.000000e+000,0,,0,
1524318459.999,,0.000000e+000,3.599860e+001,-1.961841e-004,0.000000e+000,2,9.426855e-001,0.000000e+000,,,,,,,,,,,,,,32,1,4.000000e+000,8.277893e-004,0.000000e+000,0,,0,
1524318472.565,,0.000000e+000,3.599860e+001,-1.962224e-004,0.000000e+000,2,9.426029e-001,0.000000e+000,,,,,,,,,,,,,,32,1,4.000000e+000,8.277893e-004,0.000000e+000,0,,0,
1524318485.172,,0.000000e+000,3.599860e+001,-1.962611e-004,0.000000e+000,2,9.423775e-001,0.000000e+000,,,,,,,,,,,,,,32,1,4.000000e+000,8.277893e-004,0.000000e+000,0,,0,
1524318497.785,,0.000000e+000,3.599819e+001,-1.963411e-004,0.000000e+000,2,9.427516e-001,0.000000e+000,,,,,,,,,,,,,,32,1,4.000000e+000,0.000000e+000,0.000000e+000,0,,0,
1524318510.335,,0.000000e+000,3.599819e+001,-1.963508e-004,0.000000e+000,2,9.426542e-001,0.000000e+000,,,,,,,,,,,,,,32,1,4.000000e+000,0.000000e+000,0.000000e+000,0,,0,
1524318522.948,,0.000000e+000,3.599819e+001,-1.964986e-004,0.000000e+000,2,9.426050e-001,0.000000e+000,,,,,,,,,,,,,,32,1,4.000000e+000,0.000000e+000,0.000000e+000,0,,0,
1524318535.528,,0.000000e+000,3.599860e+001,-1.965066e-004,0.000000e+000,2,9.431380e-001,0.000000e+000,,,,,,,,,,,,,,32,1,4.000000e+000,2.479553e-003,0.000000e+000,0,,0,
1524318548.091,,0.000000e+000,3.599778e+001,-1.965054e-004,0.000000e+000,2,9.433801e-001,0.000000e+000,,,,,,,,,,,,,,32,1,4.000000e+000,8.316040e-004,0.000000e+000,0,,0,
1524318560.698,,0.000000e+000,3.599778e+001,-1.966436e-004,0.000000e+000,2,9.427805e-001,0.000000e+000,,,,,,,,,,,,,,32,1,4.000000e+000,8.316040e-004,0.000000e+000,0,,0,
1524318573.281,,0.000000e+000,3.599778e+001,-1.966480e-004,0.000000e+000,2,9.433956e-001,0.000000e+000,,,,,,,,,,,,,,32,1,4.000000e+000,8.316040e-004,0.000000e+000,0,,0,
1524318585.864,,0.000000e+000,3.599944e+001,-1.966321e-004,0.000000e+000,2,9.431057e-001,0.000000e+000,,,,,,,,,,,,,,32,1,4.000000e+000,2.487183e-003,0.000000e+000,0,,0,
1524318598.476,,0.000000e+000,3.599778e+001,-1.967676e-004,0.000000e+000,2,9.433376e-001,0.000000e+000,,,,,,,,,,,,,,32,1,4.000000e+000,8.316040e-004,0.000000e+000,0,,0,
1524318611.054,,0.000000e+000,3.599778e+001,-1.967937e-004,0.000000e+000,2,9.434562e-001,0.000000e+000,,,,,,,,,,,,,,32,1,4.000000e+000,8.316040e-004,0.000000e+000,0,,0,
1524318623.634,,0.000000e+000,3.599860e+001,-1.968466e-004,0.000000e+000,2,9.433162e-001,0.000000e+000,,,,,,,,,,,,,,32,1,4.000000e+000,8.277893e-004,0.000000e+000,0,,0,
1524318636.167,,0.000000e+000,3.599860e+001,-1.968046e-004,0.000000e+000,2,9.434672e-001,0.000000e+000,,,,,,,,,,,,,,32,1,4.000000e+000,8.277893e-004,0.000000e+000,0,,0,
1524318648.810,,0.000000e+000,3.599819e+001,-1.968702e-004,0.000000e+000,2,9.435424e-001,0.000000e+000,,,,,,,,,,,,,,32,1,4.000000e+000,0.000000e+000,0.000000e+000,0,,0,
1524318661.360,,0.000000e+000,3.599819e+001,-1.969681e-004,0.000000e+000,2,9.436199e-001,0.000000e+000,,,,,,,,,,,,,,32,1,4.000000e+000,0.000000e+000,0.000000e+000,0,,0,
1524318673.958,,0.000000e+000,3.599860e+001,-1.969306e-004,0.000000e+000,2,9.437655e-001,0.000000e+000,,,,,,,,,,,,,,32,1,4.000000e+000,8.277893e-004,0.000000e+000,0,,0,
1524318686.550,,0.000000e+000,3.599778e+001,-1.970532e-004,0.000000e+000,2,9.438962e-001,0.000000e+000,,,,,,,,,,,,,,32,1,4.000000e+000,8.316040e-004,0.000000e+000,0,,0,
1524318699.145,,0.000000e+000,3.599778e+001,-1.971297e-004,0.000000e+000,2,9.436354e-001,0.000000e+000,,,,,,,,,,,,,,32,1,4.000000e+000,8.316040e-004,0.000000e+000,0,,0,
1524318711.743,,0.000000e+000,3.599819e+001,-1.971690e-004,0.000000e+000,2,9.439130e-001,0.000000e+000,,,,,,,,,,,,,,32,1,4.000000e+000,0.000000e+000,0.000000e+000,0,,0,
1524318724.293,,0.000000e+000,3.599777e+001,-1.971727e-004,0.000000e+000,2,9.439597e-001,0.000000e+000,,,,,,,,,,,,,,32,1,4.000000e+000,2.490997e-003,0.000000e+000,0,,0,
1524318736.906,,0.000000e+000,3.599819e+001,-1.972188e-004,0.000000e+000,2,9.438161e-001,0.000000e+000,,,,,,,,,,,,,,32,1,4.000000e+000,0.000000e+000,0.000000e+000,0,,0,
1524318749.481,,0.000000e+000,3.599819e+001,-1.972386e-004,0.000000e+000,2,9.439489e-001,0.000000e+000,,,,,,,,,,,,,,32,1,4.000000e+000,0.000000e+000,0.000000e+000,0,,0,
1524318762.084,,0.000000e+000,3.599819e+001,-1.971719e-004,0.000000e+000,2,9.431546e-001,0.000000e+000,,,,,,,,,,,,,,32,1,4.000000e+000,0.000000e+000,0.000000e+000,0,,0,
1524318774.624,,0.000000e+000,3.599860e+001,-1.974053e-004,0.000000e+000,2,9.436475e-001,0.000000e+000,,,,,,,,,,,,,,32,1,4.000000e+000,8.277893e-004,0.000000e+000,0,,0,
1524318787.224,,0.000000e+000,3.599819e+001,-1.973098e-004,0.000000e+000,2,9.442499e-001,0.000000e+000,,,,,,,,,,,,,,32,1,4.000000e+000,1.659393e-003,0.000000e+000,0,,0,
1524318799.819,,0.000000e+000,3.599819e+001,-1.974138e-004,0.000000e+000,2,9.440729e-001,0.000000e+000,,,,,,,,,,,,,,32,1,4.000000e+000,1.659393e-003,0.000000e+000,0,,0,
1524318812.325,,0.000000e+000,3.599860e+001,-1.975801e-004,0.000000e+000,2,9.441066e-001,0.000000e+000,,,,,,,,,,,,,,32,1,4.000000e+000,8.277893e-004,0.000000e+000,0,,0,
1524318824.745,,0.000000e+000,3.599819e+001,-1.975931e-004,0.000000e+000,2,9.443164e-001,0.000000e+000,,,,,,,,,,,,,,32,1,4.000000e+000,0.000000e+000,0.000000e+000,0,,0,
1524318837.337,,0.000000e+000,3.599860e+001,-1.975822e-004,0.000000e+000,2,9.441805e-001,0.000000e+000,,,,,,,,,,,,,,32,1,4.000000e+000,8.277893e-004,0.000000e+000,0,,0,
1524318849.913,,0.000000e+000,3.599943e+001,-1.976819e-004,0.000000e+000,2,9.443261e-001,0.000000e+000,,,,,,,,,,,,,,32,1,4.000000e+000,8.201599e-004,0.000000e+000,0,,0,
1524318862.510,,0.000000e+000,3.599860e+001,-1.976557e-004,0.000000e+000,2,9.441839e-001,0.000000e+000,,,,,,,,,,,,,,32,1,4.000000e+000,8.277893e-004,0.000000e+000,0,,0,
1524318875.115,,0.000000e+000,3.599819e+001,-1.977146e-004,0.000000e+000,2,9.441700e-001,0.000000e+000,,,,,,,,,,,,,,32,1,4.000000e+000,0.000000e+000,0.000000e+000,0,,0,
1524318887.691,,0.000000e+000,3.599902e+001,-1.977143e-004,0.000000e+000,2,9.442454e-001,0.000000e+000,,,,,,,,,,,,,,32,1,4.000000e+000,1.647949e-003,0.000000e+000,0,,0,
1524318900.283,,0.000000e+000,3.599902e+001,-1.978896e-004,0.000000e+000,2,9.442070e-001,0.000000e+000,,,,,,,,,,,,,,32,1,4.000000e+000,0.000000e+000,0.000000e+000,0,,0,
1524318912.871,,0.000000e+000,3.599860e+001,-1.978294e-004,0.000000e+000,2,9.433104e-001,0.000000e+000,,,,,,,,,,,,,,32,1,4.000000e+000,8.277893e-004,0.000000e+000,0,,0,
1524318925.359,,0.000000e+000,3.599902e+001,-1.977324e-004,0.000000e+000,2,9.447475e-001,0.000000e+000,,,,,,,,,,,,,,32,1,4.000000e+000,0.000000e+000,0.000000e+000,0,,0,
1524318938.056,,0.000000e+000,3.599902e+001,-1.980353e-004,0.000000e+000,2,9.446252e-001,0.000000e+000,,,,,,,,,,,,,,32,1,4.000000e+000,0.000000e+000,0.000000e+000,0,,0,
1524318950.634,,0.000000e+000,3.599819e+001,-1.979773e-004,0.000000e+000,2,9.448794e-001,0.000000e+000,,,,,,,,,,,,,,32,1,4.000000e+000,0.000000e+000,0.000000e+000,0,,0,
1524318963.219,,0.000000e+000,3.599819e+001,-1.980803e-004,0.000000e+000,2,9.447270e-001,0.000000e+000,,,,,,,,,,,,,,32,1,4.000000e+000,1.659393e-003,0.000000e+000,0,,0,
1524318975.804,,0.000000e+000,3.599819e+001,-1.980062e-004,0.000000e+000,2,9.447514e-001,0.000000e+000,,,,,,,,,,,,,,32,1,4.000000e+000,1.659393e-003,0.000000e+000,0,,0,
1524318988.390,,0.000000e+000,3.599819e+001,-1.981635e-004,0.000000e+000,2,9.449305e-001,0.000000e+000,,,,,,,,,,,,,,32,1,4.000000e+000,1.659393e-003,0.000000e+000,0,,0,
1524319000.992,,0.000000e+000,3.599819e+001,-1.981945e-004,0.000000e+000,2,9.455542e-001,0.000000e+000,,,,,,,,,,,,,,32,1,4.000000e+000,0.000000e+000,0.000000e+000,0,,0,
1524319013.570,,0.000000e+000,3.599819e+001,-1.981731e-004,0.000000e+000,2,9.447023e-001,0.000000e+000,,,,,,,,,,,,,,32,1,4.000000e+000,0.000000e+000,0.000000e+000,0,,0,
1524319026.155,,0.000000e+000,3.599860e+001,-1.982486e-004,0.000000e+000,2,9.449388e-001,0.000000e+000,,,,,,,,,,,,,,32,1,4.000000e+000,8.277893e-004,0.000000e+000,0,,0,
1524319038.743,,0.000000e+000,3.599902e+001,-1.983169e-004,0.000000e+000,2,9.452041e-001,0.000000e+000,,,,,,,,,,,,,,32,1,4.000000e+000,0.000000e+000,0.000000e+000,0,,0,
1524319051.336,,0.000000e+000,3.599819e+001,-1.982641e-004,0.000000e+000,2,9.453354e-001,0.000000e+000,,,,,,,,,,,,,,32,1,4.000000e+000,0.000000e+000,0.000000e+000,0,,0,
1524319063.936,,0.000000e+000,3.599778e+001,-1.983212e-004,0.000000e+000,2,9.452314e-001,0.000000e+000,,,,,,,,,,,,,,32,1,4.000000e+000,8.316040e-004,0.000000e+000,0,,0,
1524319076.513,,0.000000e+000,3.599860e+001,-1.983641e-004,0.000000e+000,2,9.451849e-001,0.000000e+000,,,,,,,,,,,,,,32,1,4.000000e+000,8.277893e-004,0.000000e+000,0,,0,
1524319089.101,,0.000000e+000,3.599819e+001,-1.983864e-004,0.000000e+000,2,9.452967e-001,0.000000e+000,,,,,,,,,,,,,,32,1,4.000000e+000,1.659393e-003,0.000000e+000,0,,0,
1524319101.689,,0.000000e+000,3.599860e+001,-1.984256e-004,0.000000e+000,2,9.454119e-001,0.000000e+000,,,,,,,,,,,,,,32,1,4.000000e+000,8.277893e-004,0.000000e+000,0,,0,
1524319114.496,,0.000000e+000,3.599860e+001,-1.984710e-004,0.000000e+000,2,9.454559e-001,0.000000e+000,,,,,,,,,,,,,,32,1,4.000000e+000,8.277893e-004,0.000000e+000,0,,0,
1524319127.169,,0.000000e+000,3.599902e+001,-1.984955e-004,0.000000e+000,2,9.457149e-001,0.000000e+000,,,,,,,,,,,,,,32,1,4.000000e+000,0.000000e+000,0.000000e+000,0,,0,
1524319140.017,,0.000000e+000,3.599860e+001,-1.985412e-004,0.000000e+000,2,9.461839e-001,0.000000e+000,,,,,,,,,,,,,,32,1,4.000000e+000,8.277893e-004,0.000000e+000,0,,0,
1524319152.505,,0.000000e+000,3.599694e+001,-1.985668e-004,0.000000e+000,2,9.462372e-001,0.000000e+000,,,,,,,,,,,,,,32,1,4.000000e+000,8.316040e-004,0.000000e+000,0,,0,
1524319165.112,,0.000000e+000,3.599778e+001,-1.985482e-004,0.000000e+000,2,9.463544e-001,0.000000e+000,,,,,,,,,,,,,,32,1,4.000000e+000,8.316040e-004,0.000000e+000,0,,0,
1524319177.727,,0.000000e+000,3.599902e+001,-1.987084e-004,0.000000e+000,2,9.462348e-001,0.000000e+000,,,,,,,,,,,,,,32,1,4.000000e+000,1.647949e-003,0.000000e+000,0,,0,
1524319190.323,,0.000000e+000,3.599736e+001,-1.986746e-004,0.000000e+000,2,9.463714e-001,0.000000e+000,,,,,,,,,,,,,,32,1,4.000000e+000,1.663208e-003,0.000000e+000,0,,0,
1524319202.868,,0.000000e+000,3.599944e+001,-1.987412e-004,0.000000e+000,2,9.463495e-001,0.000000e+000,,,,,,,,,,,,,,32,1,4.000000e+000,2.487183e-003,0.000000e+000,0,,0,
1524319215.468,,0.000000e+000,3.600068e+001,-1.987469e-004,0.000000e+000,2,9.465052e-001,0.000000e+000,,,,,,,,,,,,,,32,1,4.000000e+000,0.000000e+000,0.000000e+000,0,,0,
1524319228.031,,0.000000e+000,3.599736e+001,-1.987317e-004,0.000000e+000,2,9.463833e-001,0.000000e+000,,,,,,,,,,,,,,32,1,4.000000e+000,1.663208e-003,0.000000e+000,0,,0,
1524319240.663,,0.000000e+000,3.599860e+001,-1.987519e-004,0.000000e+000,2,9.466053e-001,0.000000e+000,,,,,,,,,,,,,,32,1,4.000000e+000,8.277893e-004,0.000000e+000,0,,0,
1524319253.274,,0.000000e+000,3.599902e+001,-1.988806e-004,0.000000e+000,2,9.466448e-001,0.000000e+000,,,,,,,,,,,,,,32,1,4.000000e+000,0.000000e+000,0.000000e+000,0,,0,
1524319265.866,,0.000000e+000,3.599902e+001,-1.988720e-004,0.000000e+000,2,9.466345e-001,0.000000e+000,,,,,,,,,,,,,,32,1,4.000000e+000,0.000000e+000,0.000000e+000,0,,0,
1524319278.431,,0.000000e+000,3.600026e+001,-1.988851e-004,0.000000e+000,2,9.468326e-001,0.000000e+000,,,,,,,,,,,,,,32,1,4.000000e+000,2.479553e-003,0.000000e+000,0,,0,
1524319290.979,,0.000000e+000,3.599902e+001,-1.989024e-004,0.000000e+000,2,9.468023e-001,0.000000e+000,,,,,,,,,,,,,,32,1,4.000000e+000,1.647949e-003,0.000000e+000,0,,0,
1524319303.574,,0.000000e+000,3.599818e+001,-1.989585e-004,0.000000e+000,2,9.468222e-001,0.000000e+000,,,,,,,,,,,,,,32,1,4.000000e+000,3.311157e-003,0.000000e+000,0,,0,
1524319316.452,,0.000000e+000,3.599778e+001,-1.989882e-004,0.000000e+000,2,9.469112e-001,0.000000e+000,,,,,,,,,,,,,,32,1,4.000000e+000,8.316040e-004,0.000000e+000,0,,0,
1524319329.015,,0.000000e+000,3.599860e+001,-1.990481e-004,0.000000e+000,2,9.470416e-001,0.000000e+000,,,,,,,,,,,,,,32,1,4.000000e+000,8.277893e-004,0.000000e+000,0,,0,
1524319341.630,,0.000000e+000,3.599736e+001,-1.991290e-004,0.000000e+000,2,9.468762e-001,0.000000e+000,,,,,,,,,,,,,,32,1,4.000000e+000,1.663208e-003,0.000000e+000,0,,0,
1524319354.218,,0.000000e+000,3.599653e+001,-1.991061e-004,0.000000e+000,2,9.470601e-001,0.000000e+000,,,,,,,,,,,,,,32,1,4.000000e+000,0.000000e+000,0.000000e+000,0,,0,
1524319366.825,,0.000000e+000,3.600067e+001,-1.991288e-004,0.000000e+000,2,9.471272e-001,0.000000e+000,,,,,,,,,,,,,,32,1,4.000000e+000,1.659393e-003,0.000000e+000,0,,0,
1524319379.388,,0.000000e+000,3.599860e+001,-1.992299e-004,0.000000e+000,2,9.471602e-001,0.000000e+000,,,,,,,,,,,,,,32,1,4.000000e+000,8.277893e-004,0.000000e+000,0,,0,
1524319391.928,,0.000000e+000,3.599736e+001,-1.992335e-004,0.000000e+000,2,9.472246e-001,0.000000e+000,,,,,,,,,,,,,,32,1,4.000000e+000,1.663208e-003,0.000000e+000,0,,0,
1524319404.563,,0.000000e+000,3.599985e+001,-1.992384e-004,0.000000e+000,2,9.473864e-001,0.000000e+000,,,,,,,,,,,,,,32,1,4.000000e+000,1.659393e-003,0.000000e+000,0,,0,
1524319416.661,,0.000000e+000,3.599736e+001,-1.992692e-004,0.000000e+000,2,9.474299e-001,0.000000e+000,,,,,,,,,,,,,,32,1,4.000000e+000,0.000000e+000,0.000000e+000,0,,0,
1524319429.074,,0.000000e+000,3.599778e+001,-1.993147e-004,0.000000e+000,2,9.473681e-001,0.000000e+000,,,,,,,,,,,,,,32,1,4.000000e+000,8.316040e-004,0.000000e+000,0,,0,
1524319441.424,,0.000000e+000,3.599819e+001,-1.993323e-004,0.000000e+000,2,9.475792e-001,0.000000e+000,,,,,,,,,,,,,,32,1,4.000000e+000,0.000000e+000,0.000000e+000,0,,0,
1524319454.127,,0.000000e+000,3.599778e+001,-1.993592e-004,0.000000e+000,2,9.476706e-001,0.000000e+000,,,,,,,,,,,,,,32,1,4.000000e+000,8.316040e-004,0.000000e+000,0,,0,
1524319466.704,,0.000000e+000,3.599860e+001,-1.993733e-004,0.000000e+000,2,9.477153e-001,0.000000e+000,,,,,,,,,,,,,,32,1,4.000000e+000,2.479553e-003,0.000000e+000,0,,0,
1524319479.179,,0.000000e+000,3.599943e+001,-1.994191e-004,0.000000e+000,2,9.476056e-001,0.000000e+000,,,,,,,,,,,,,,32,1,4.000000e+000,8.201599e-004,0.000000e+000,0,,0,
1524319491.897,,0.000000e+000,3.599778e+001,-1.994492e-004,0.000000e+000,2,9.478139e-001,0.000000e+000,,,,,,,,,,,,,,32,1,4.000000e+000,8.316040e-004,0.000000e+000,0,,0,
1524319504.345,,0.000000e+000,3.599777e+001,-1.994943e-004,0.000000e+000,2,9.479493e-001,0.000000e+000,,,,,,,,,,,,,,32,1,4.000000e+000,2.490997e-003,0.000000e+000,0,,0,
1524319517.092,,0.000000e+000,3.599736e+001,-1.995362e-004,0.000000e+000,2,9.480861e-001,0.000000e+000,,,,,,,,,,,,,,32,1,4.000000e+000,1.663208e-003,0.000000e+000,0,,0,
1524319529.620,,0.000000e+000,3.599902e+001,-1.995516e-004,0.000000e+000,2,9.480935e-001,0.000000e+000,,,,,,,,,,,,,,32,1,4.000000e+000,0.000000e+000,0.000000e+000,0,,0,
1524319542.250,,0.000000e+000,3.599819e+001,-1.995413e-004,0.000000e+000,2,9.482537e-001,0.000000e+000,,,,,,,,,,,,,,32,1,4.000000e+000,0.000000e+000,0.000000e+000,0,,0,
1524319554.810,,0.000000e+000,3.599902e+001,-1.996130e-004,0.000000e+000,2,9.481394e-001,0.000000e+000,,,,,,,,,,,,,,32,1,4.000000e+000,1.647949e-003,0.000000e+000,0,,0,
1524319567.476,,0.000000e+000,3.599943e+001,-1.996941e-004,0.000000e+000,2,9.481853e-001,0.000000e+000,,,,,,,,,,,,,,32,1,4.000000e+000,8.201599e-004,0.000000e+000,0,,0,
1524319580.018,,0.000000e+000,3.599943e+001,-1.996900e-004,0.000000e+000,2,9.482943e-001,0.000000e+000,,,,,,,,,,,,,,32,1,4.000000e+000,8.201599e-004,0.000000e+000,0,,0,
1524319593.114,,0.000000e+000,3.600026e+001,-1.997008e-004,0.000000e+000,2,9.486241e-001,0.000000e+000,,,,,,,,,,,,,,32,1,4.000000e+000,8.392334e-004,0.000000e+000,0,,0,
1524319605.654,,0.000000e+000,3.599944e+001,-1.997235e-004,0.000000e+000,2,9.485896e-001,0.000000e+000,,,,,,,,,,,,,,32,1,4.000000e+000,2.487183e-003,0.000000e+000,0,,0,
1524319618.226,,0.000000e+000,3.599943e+001,-1.997629e-004,0.000000e+000,2,9.485874e-001,0.000000e+000,,,,,,,,,,,,,,32,1,4.000000e+000,8.201599e-004,0.000000e+000,0,,0,
1524319630.929,,0.000000e+000,3.599695e+001,-1.997829e-004,0.000000e+000,2,9.487348e-001,0.000000e+000,,,,,,,,,,,,,,32,1,4.000000e+000,2.490997e-003,0.000000e+000,0,,0,
1524319643.902,,0.000000e+000,3.599736e+001,-1.998179e-004,0.000000e+000,2,9.487700e-001,0.000000e+000,,,,,,,,,,,,,,32,1,4.000000e+000,1.663208e-003,0.000000e+000,0,,0,
1524319656.742,,0.000000e+000,3.599694e+001,-1.998421e-004,0.000000e+000,2,9.487775e-001,0.000000e+000,,,,,,,,,,,,,,32,1,4.000000e+000,8.316040e-004,0.000000e+000,0,,0,
1524319669.360,,0.000000e+000,3.599943e+001,-1.998341e-004,0.000000e+000,2,9.486667e-001,0.000000e+000,,,,,,,,,,,,,,32,1,4.000000e+000,4.138947e-003,0.000000e+000,0,,0,
1524319681.957,,0.000000e+000,3.599819e+001,-1.998732e-004,0.000000e+000,2,9.486300e-001,0.000000e+000,,,,,,,,,,,,,,32,1,4.000000e+000,0.000000e+000,0.000000e+000,0,,0,
1524319694.517,,0.000000e+000,3.599819e+001,-1.999107e-004,0.000000e+000,2,9.488031e-001,0.000000e+000,,,,,,,,,,,,,,32,1,4.000000e+000,1.659393e-003,0.000000e+000,0,,0,
1524319707.065,,0.000000e+000,3.599777e+001,-1.999458e-004,0.000000e+000,2,9.488390e-001,0.000000e+000,,,,,,,,,,,,,,32,1,4.000000e+000,2.490997e-003,0.000000e+000,0,,0,
1524319719.678,,0.000000e+000,3.599777e+001,-2.000040e-004,0.000000e+000,2,9.490431e-001,0.000000e+000,,,,,,,,,,,,,,32,1,4.000000e+000,2.490997e-003,0.000000e+000,0,,0,
1524319732.276,,0.000000e+000,3.599943e+001,-2.000199e-004,0.000000e+000,2,9.490276e-001,0.000000e+000,,,,,,,,,,,,,,32,1,4.000000e+000,8.201599e-004,0.000000e+000,0,,0,
1524319744.841,,0.000000e+000,3.599860e+001,-2.000533e-004,0.000000e+000,2,9.489791e-001,0.000000e+000,,,,,,,,,,,,,,32,1,4.000000e+000,2.479553e-003,0.000000e+000,0,,0,
1524319757.441,,0.000000e+000,3.599860e+001,-2.000650e-004,0.000000e+000,2,9.491874e-001,0.000000e+000,,,,,,,,,,,,,,32,1,4.000000e+000,2.479553e-003,0.000000e+000,0,,0,
1524319770.029,,0.000000e+000,3.599943e+001,-2.001362e-004,0.000000e+000,2,9.492875e-001,0.000000e+000,,,,,,,,,,,,,,32,1,4.000000e+000,8.201599e-004,0.000000e+000,0,,0,
1524319782.596,,0.000000e+000,3.599902e+001,-2.001469e-004,0.000000e+000,2,9.492379e-001,0.000000e+000,,,,,,,,,,,,,,32,1,4.000000e+000,1.647949e-003,0.000000e+000,0,,0,
1524319795.176,,0.000000e+000,3.599902e+001,-2.001621e-004,0.000000e+000,2,9.492132e-001,0.000000e+000,,,,,,,,,,,,,,32,1,4.000000e+000,1.647949e-003,0.000000e+000,0,,0,
1524319807.789,,0.000000e+000,3.599860e+001,-2.001849e-004,0.000000e+000,2,9.493315e-001,0.000000e+000,,,,,,,,,,,,,,32,1,4.000000e+000,8.277893e-004,0.000000e+000,0,,0,
1524319820.384,,0.000000e+000,3.599943e+001,-2.002030e-004,0.000000e+000,2,9.495088e-001,0.000000e+000,,,,,,,,,,,,,,32,1,4.000000e+000,8.201599e-004,0.000000e+000,0,,0,
1524319832.965,,0.000000e+000,3.599943e+001,-2.002353e-004,0.000000e+000,2,9.496262e-001,0.000000e+000,,,,,,,,,,,,,,32,1,4.000000e+000,8.201599e-004,0.000000e+000,0,,0,
1524319845.560,,0.000000e+000,3.599943e+001,-2.002676e-004,0.000000e+000,2,9.495314e-001,0.000000e+000,,,,,,,,,,,,,,32,1,4.000000e+000,8.201599e-004,0.000000e+000,0,,0,
1524319858.107,,0.000000e+000,3.599984e+001,-2.002718e-004,0.000000e+000,2,9.495474e-001,0.000000e+000,,,,,,,,,,,,,,32,1,4.000000e+000,0.000000e+000,0.000000e+000,0,,0,
1524319870.700,,0.000000e+000,3.599736e+001,-2.002991e-004,0.000000e+000,2,9.496870e-001,0.000000e+000,,,,,,,,,,,,,,32,1,4.000000e+000,0.000000e+000,0.000000e+000,0,,0,
1524319883.300,,0.000000e+000,3.599985e+001,-2.003434e-004,0.000000e+000,2,9.496972e-001,0.000000e+000,,,,,,,,,,,,,,32,1,4.000000e+000,1.659393e-003,0.000000e+000,0,,0,
1524319895.855,,0.000000e+000,3.599944e+001,-2.003945e-004,0.000000e+000,2,9.497340e-001,0.000000e+000,,,,,,,,,,,,,,32,1,4.000000e+000,2.487183e-003,0.000000e+000,0,,0,
1524319908.441,,0.000000e+000,3.599944e+001,-2.004141e-004,0.000000e+000,2,9.499580e-001,0.000000e+000,,,,,,,,,,,,,,32,1,4.000000e+000,2.487183e-003,0.000000e+000,0,,0,
1524319921.073,,0.000000e+000,3.599902e+001,-2.004326e-004,0.000000e+000,2,9.498998e-001,0.000000e+000,,,,,,,,,,,,,,32,1,4.000000e+000,1.647949e-003,0.000000e+000,0,,0,
1524319933.644,,0.000000e+000,3.599902e+001,-2.004552e-004,0.000000e+000,2,9.499545e-001,0.000000e+000,,,,,,,,,,,,,,32,1,4.000000e+000,1.647949e-003,0.000000e+000,0,,0,
1524319946.231,,0.000000e+000,3.599860e+001,-2.004901e-004,0.000000e+000,2,9.500917e-001,0.000000e+000,,,,,,,,,,,,,,32,1,4.000000e+000,8.277893e-004,0.000000e+000,0,,0,
1524319958.821,,0.000000e+000,3.599985e+001,-2.005174e-004,0.000000e+000,2,9.500257e-001,0.000000e+000,,,,,,,,,,,,,,32,1,4.000000e+000,1.659393e-003,0.000000e+000,0,,0,
1524319971.407,,0.000000e+000,3.599819e+001,-2.005596e-004,0.000000e+000,2,9.500263e-001,0.000000e+000,,,,,,,,,,,,,,32,1,4.000000e+000,0.000000e+000,0.000000e+000,0,,0,
1524319983.987,,0.000000e+000,3.599819e+001,-2.005694e-004,0.000000e+000,2,9.500636e-001,0.000000e+000,,,,,,,,,,,,,,32,1,4.000000e+000,0.000000e+000,0.000000e+000,0,,0,
1524319996.582,,0.000000e+000,3.599902e+001,-2.006197e-004,0.000000e+000,2,9.505634e-001,0.000000e+000,,,,,,,,,,,,,,32,1,4.000000e+000,1.647949e-003,0.000000e+000,0,,0,
1524320009.132,,0.000000e+000,3.599819e+001,-2.006346e-004,0.000000e+000,2,9.504009e-001,0.000000e+000,,,,,,,,,,,,,,32,1,4.000000e+000,1.659393e-003,0.000000e+000,0,,0,
1524320021.767,,0.000000e+000,3.599860e+001,-2.006507e-004,0.000000e+000,2,9.504980e-001,0.000000e+000,,,,,,,,,,,,,,32,1,4.000000e+000,2.479553e-003,0.000000e+000,0,,0,
1524320034.323,,0.000000e+000,3.599736e+001,-2.006494e-004,0.000000e+000,2,9.504012e-001,0.000000e+000,,,,,,,,,,,,,,32,1,4.000000e+000,0.000000e+000,0.000000e+000,0,,0,
1524320046.920,,0.000000e+000,3.599985e+001,-2.007224e-004,0.000000e+000,2,9.504808e-001,0.000000e+000,,,,,,,,,,,,,,32,1,4.000000e+000,4.978180e-003,0.000000e+000,0,,0,
1524320059.500,,0.000000e+000,3.599984e+001,-2.007009e-004,0.000000e+000,2,9.505516e-001,0.000000e+000,,,,,,,,,,,,,,32,1,4.000000e+000,0.000000e+000,0.000000e+000,0,,0,
1524320072.003,,0.000000e+000,3.599695e+001,-2.007514e-004,0.000000e+000,2,9.506266e-001,0.000000e+000,,,,,,,,,,,,,,32,1,4.000000e+000,2.490997e-003,0.000000e+000,0,,0,
1524320084.736,,0.000000e+000,3.599653e+001,-2.007681e-004,0.000000e+000,2,9.507585e-001,0.000000e+000,,,,,,,,,,,,,,32,1,4.000000e+000,1.659393e-003,0.000000e+000,0,,0,
1524320097.276,,0.000000e+000,3.599778e+001,-2.007678e-004,0.000000e+000,2,9.506845e-001,0.000000e+000,,,,,,,,,,,,,,32,1,4.000000e+000,8.316040e-004,0.000000e+000,0,,0,
1524320109.869,,0.000000e+000,3.599695e+001,-2.008386e-004,0.000000e+000,2,9.507641e-001,0.000000e+000,,,,,,,,,,,,,,32,1,4.000000e+000,2.490997e-003,0.000000e+000,0,,0,
1524320122.436,,0.000000e+000,3.599860e+001,-2.008426e-004,0.000000e+000,2,9.507526e-001,0.000000e+000,,,,,,,,,,,,,,32,1,4.000000e+000,8.277893e-004,0.000000e+000,0,,0,
1524320135.017,,0.000000e+000,3.599902e+001,-2.008975e-004,0.000000e+000,2,9.508986e-001,0.000000e+000,,,,,,,,,,,,,,32,1,4.000000e+000,0.000000e+000,0.000000e+000,0,,0,
1524320147.614,,0.000000e+000,3.599819e+001,-2.009182e-004,0.000000e+000,2,9.509892e-001,0.000000e+000,,,,,,,,,,,,,,32,1,4.000000e+000,1.659393e-003,0.000000e+000,0,,0,
1524320160.199,,0.000000e+000,3.599902e+001,-2.009397e-004,0.000000e+000,2,9.509989e-001,0.000000e+000,,,,,,,,,,,,,,32,1,4.000000e+000,1.647949e-003,0.000000e+000,0,,0,
1524320172.777,,0.000000e+000,3.599860e+001,-2.009576e-004,0.000000e+000,2,9.509420e-001,0.000000e+000,,,,,,,,,,,,,,32,1,4.000000e+000,8.277893e-004,0.000000e+000,0,,0,
1524320185.365,,0.000000e+000,3.599902e+001,-2.009818e-004,0.000000e+000,2,9.509557e-001,0.000000e+000,,,,,,,,,,,,,,32,1,4.000000e+000,0.000000e+000,0.000000e+000,0,,0,
1524320197.982,,0.000000e+000,3.599777e+001,-2.010185e-004,0.000000e+000,2,9.512342e-001,0.000000e+000,,,,,,,,,,,,,,32,1,4.000000e+000,2.490997e-003,0.000000e+000,0,,0,
1524320210.530,,0.000000e+000,3.599860e+001,-2.010217e-004,0.000000e+000,2,9.513280e-001,0.000000e+000,,,,,,,,,,,,,,32,1,4.000000e+000,8.277893e-004,0.000000e+000,0,,0,
1524320223.125,,0.000000e+000,3.599819e+001,-2.010450e-004,0.000000e+000,2,9.512733e-001,0.000000e+000,,,,,,,,,,,,,,32,1,4.000000e+000,1.659393e-003,0.000000e+000,0,,0,
1524320235.728,,0.000000e+000,3.599860e+001,-2.010460e-004,0.000000e+000,2,9.515702e-001,0.000000e+000,,,,,,,,,,,,,,32,1,4.000000e+000,2.479553e-003,0.000000e+000,0,,0,
1524320248.326,,0.000000e+000,3.600068e+001,-2.010939e-004,0.000000e+000,2,9.514996e-001,0.000000e+000,,,,,,,,,,,,,,32,1,4.000000e+000,0.000000e+000,0.000000e+000,0,,0,
1524320260.908,,0.000000e+000,3.599777e+001,-2.011019e-004,0.000000e+000,2,9.515373e-001,0.000000e+000,,,,,,,,,,,,,,32,1,4.000000e+000,2.490997e-003,0.000000e+000,0,,0,
1524320273.476,,0.000000e+000,3.599860e+001,-2.011063e-004,0.000000e+000,2,9.515471e-001,0.000000e+000,,,,,,,,,,,,,,32,1,4.000000e+000,4.150391e-003,0.000000e+000,0,,0,
1524320286.059,,0.000000e+000,3.600026e+001,-2.011430e-004,0.000000e+000,2,9.515638e-001,0.000000e+000,,,,,,,,,,,,,,32,1,4.000000e+000,8.392334e-004,0.000000e+000,0,,0,
1524320298.644,,0.000000e+000,3.599778e+001,-2.012058e-004,0.000000e+000,2,9.514899e-001,0.000000e+000,,,,,,,,,,,,,,32,1,4.000000e+000,8.316040e-004,0.000000e+000,0,,0,
1524320311.244,,0.000000e+000,3.599819e+001,-2.012218e-004,0.000000e+000,2,9.516675e-001,0.000000e+000,,,,,,,,,,,,,,32,1,4.000000e+000,1.659393e-003,0.000000e+000,0,,0,
1524320323.832,,0.000000e+000,3.599943e+001,-2.012354e-004,0.000000e+000,2,9.517779e-001,0.000000e+000,,,,,,,,,,,,,,32,1,4.000000e+000,8.201599e-004,0.000000e+000,0,,0,
1524320336.427,,0.000000e+000,3.599902e+001,-2.012869e-004,0.000000e+000,2,9.518093e-001,0.000000e+000,,,,,,,,,,,,,,32,1,4.000000e+000,1.647949e-003,0.000000e+000,0,,0,
1524320349.020,,0.000000e+000,3.599902e+001,-2.012932e-004,0.000000e+000,2,9.519213e-001,0.000000e+000,,,,,,,,,,,,,,32,1,4.000000e+000,1.647949e-003,0.000000e+000,0,,0,
1524320361.525,,0.000000e+000,3.599818e+001,-2.013244e-004,0.000000e+000,2,9.519188e-001,0.000000e+000,,,,,,,,,,,,,,32,1,4.000000e+000,3.311157e-003,0.000000e+000,0,,0,
1524320374.177,,0.000000e+000,3.599818e+001,-2.013663e-004,0.000000e+000,2,9.518409e-001,0.000000e+000,,,,,,,,,,,,,,32,1,4.000000e+000,3.311157e-003,0.000000e+000,0,,0,
1524320386.773,,0.000000e+000,3.600067e+001,-2.013596e-004,0.000000e+000,2,9.520202e-001,0.000000e+000,,,,,,,,,,,,,,32,1,4.000000e+000,1.659393e-003,0.000000e+000,0,,0,
1524320399.338,,0.000000e+000,3.599736e+001,-2.013659e-004,0.000000e+000,2,9.521216e-001,0.000000e+000,,,,,,,,,,,,,,32,1,4.000000e+000,0.000000e+000,0.000000e+000,0,,0,
1524320411.940,,0.000000e+000,3.599778e+001,-2.014193e-004,0.000000e+000,2,9.522281e-001,0.000000e+000,,,,,,,,,,,,,,32,1,4.000000e+000,8.316040e-004,0.000000e+000,0,,0,
1524320424.466,,0.000000e+000,3.599860e+001,-2.014270e-004,0.000000e+000,2,9.521910e-001,0.000000e+000,,,,,,,,,,,,,,32,1,4.000000e+000,8.277893e-004,0.000000e+000,0,,0,
1524320437.098,,0.000000e+000,3.599902e+001,-2.014619e-004,0.000000e+000,2,9.522985e-001,0.000000e+000,,,,,,,,,,,,,,32,1,4.000000e+000,3.318787e-003,0.000000e+000,0,,0,
1524320449.691,,0.000000e+000,3.599985e+001,-2.014617e-004,0.000000e+000,2,9.524435e-001,0.000000e+000,,,,,,,,,,,,,,32,1,4.000000e+000,1.659393e-003,0.000000e+000,0,,0,
1524320462.251,,0.000000e+000,3.599985e+001,-2.015410e-004,0.000000e+000,2,9.525520e-001,0.000000e+000,,,,,,,,,,,,,,32,1,4.000000e+000,1.659393e-003,0.000000e+000,0,,0,
1524320474.849,,0.000000e+000,3.600026e+001,-2.014664e-004,0.000000e+000,2,9.523247e-001,0.000000e+000,,,,,,,,,,,,,,32,1,4.000000e+000,2.479553e-003,0.000000e+000,0,,0,
1524320487.464,,0.000000e+000,3.599819e+001,-2.015268e-004,0.000000e+000,2,9.525706e-001,0.000000e+000,,,,,,,,,,,,,,32,1,4.000000e+000,1.659393e-003,0.000000e+000,0,,0,
1524320500.024,,0.000000e+000,3.599819e+001,-2.015844e-004,0.000000e+000,2,9.526326e-001,0.000000e+000,,,,,,,,,,,,,,32,1,4.000000e+000,1.659393e-003,0.000000e+000,0,,0,
1524320512.635,,0.000000e+000,3.599985e+001,-2.016113e-004,0.000000e+000,2,9.526360e-001,0.000000e+000,,,,,,,,,,,,,,32,1,4.000000e+000,1.659393e-003,0.000000e+000,0,,0,
1524320525.227,,0.000000e+000,3.599902e+001,-2.016016e-004,0.000000e+000,2,9.527612e-001,0.000000e+000,,,,,,,,,,,,,,32,1,4.000000e+000,3.318787e-003,0.000000e+000,0,,0,
1524320537.815,,0.000000e+000,3.599902e+001,-2.016487e-004,0.000000e+000,2,9.527830e-001,0.000000e+000,,,,,,,,,,,,,,32,1,4.000000e+000,1.647949e-003,0.000000e+000,0,,0,
1524320550.408,,0.000000e+000,3.599902e+001,-2.016589e-004,0.000000e+000,2,9.528855e-001,0.000000e+000,,,,,,,,,,,,,,32,1,4.000000e+000,1.647949e-003,0.000000e+000,0,,0,
1524320563.008,,0.000000e+000,3.599736e+001,-2.016799e-004,0.000000e+000,2,9.528720e-001,0.000000e+000,,,,,,,,,,,,,,32,1,4.000000e+000,1.663208e-003,0.000000e+000,0,,0,
1524320575.555,,0.000000e+000,3.599902e+001,-2.016984e-004,0.000000e+000,2,9.528133e-001,0.000000e+000,,,,,,,,,,,,,,32,1,4.000000e+000,0.000000e+000,0.000000e+000,0,,0,
1524320588.191,,0.000000e+000,3.599860e+001,-2.017317e-004,0.000000e+000,2,9.530395e-001,0.000000e+000,,,,,,,,,,,,,,32,1,4.000000e+000,8.277893e-004,0.000000e+000,0,,0,
1524320600.781,,0.000000e+000,3.599778e+001,-2.017563e-004,0.000000e+000,2,9.530326e-001,0.000000e+000,,,,,,,,,,,,,,32,1,4.000000e+000,8.316040e-004,0.000000e+000,0,,0,
1524320613.329,,0.000000e+000,3.599778e+001,-2.017761e-004,0.000000e+000,2,9.530007e-001,0.000000e+000,,,,,,,,,,,,,,32,1,4.000000e+000,8.316040e-004,0.000000e+000,0,,0,
1524320625.909,,0.000000e+000,3.599902e+001,-2.017924e-004,0.000000e+000,2,9.531679e-001,0.000000e+000,,,,,,,,,,,,,,32,1,4.000000e+000,3.318787e-003,0.000000e+000,0,,0,
1524320638.501,,0.000000e+000,3.599778e+001,-2.018240e-004,0.000000e+000,2,9.532315e-001,0.000000e+000,,,,,,,,,,,,,,32,1,4.000000e+000,8.316040e-004,0.000000e+000,0,,0,
1524320651.054,,0.000000e+000,3.599819e+001,-2.018364e-004,0.000000e+000,2,9.533657e-001,0.000000e+000,,,,,,,,,,,,,,32,1,4.000000e+000,0.000000e+000,0.000000e+000,0,,0,
1524320663.679,,0.000000e+000,3.599860e+001,-2.018456e-004,0.000000e+000,2,9.534550e-001,0.000000e+000,,,,,,,,,,,,,,32,1,4.000000e+000,8.277893e-004,0.000000e+000,0,,0,
1524320676.239,,0.000000e+000,3.599943e+001,-2.018844e-004,0.000000e+000,2,9.532812e-001,0.000000e+000,,,,,,,,,,,,,,32,1,4.000000e+000,8.201599e-004,0.000000e+000,0,,0,
1524320688.870,,0.000000e+000,3.599819e+001,-2.019009e-004,0.000000e+000,2,9.533324e-001,0.000000e+000,,,,,,,,,,,,,,32,1,4.000000e+000,1.659393e-003,0.000000e+000,0,,0,
1524320701.465,,0.000000e+000,3.599778e+001,-2.019321e-004,0.000000e+000,2,9.533414e-001,0.000000e+000,,,,,,,,,,,,,,32,1,4.000000e+000,8.316040e-004,0.000000e+000,0,,0,
1524320714.063,,0.000000e+000,3.599985e+001,-2.019667e-004,0.000000e+000,2,9.535444e-001,0.000000e+000,,,,,,,,,,,,,,32,1,4.000000e+000,3.307343e-003,0.000000e+000,0,,0,
1524320726.618,,0.000000e+000,3.599777e+001,-2.019553e-004,0.000000e+000,2,9.535158e-001,0.000000e+000,,,,,,,,,,,,,,32,1,4.000000e+000,2.490997e-003,0.000000e+000,0,,0,
1524320739.193,,0.000000e+000,3.599694e+001,-2.019687e-004,0.000000e+000,2,9.535497e-001,0.000000e+000,,,,,,,,,,,,,,32,1,4.000000e+000,8.316040e-004,0.000000e+000,0,,0,
1524320751.806,,0.000000e+000,3.599860e+001,-2.019999e-004,0.000000e+000,2,9.537045e-001,0.000000e+000,,,,,,,,,,,,,,32,1,4.000000e+000,2.479553e-003,0.000000e+000,0,,0,
1524320764.386,,0.000000e+000,3.599818e+001,-2.020278e-004,0.000000e+000,2,9.536784e-001,0.000000e+000,,,,,,,,,,,,,,32,1,4.000000e+000,3.311157e-003,0.000000e+000,0,,0,
1524320776.963,,0.000000e+000,3.599860e+001,-2.020632e-004,0.000000e+000,2,9.536455e-001,0.000000e+000,,,,,,,,,,,,,,32,1,4.000000e+000,8.277893e-004,0.000000e+000,0,,0,
1524320789.574,,0.000000e+000,3.599902e+001,-2.020797e-004,0.000000e+000,2,9.537958e-001,0.000000e+000,,,,,,,,,,,,,,32,1,4.000000e+000,1.647949e-003,0.000000e+000,0,,0,
1524320802.101,,0.000000e+000,3.599943e+001,-2.020703e-004,0.000000e+000,2,9.538052e-001,0.000000e+000,,,,,,,,,,,,,,32,1,4.000000e+000,8.201599e-004,0.000000e+000,0,,0,
1524320814.737,,0.000000e+000,3.599860e+001,-2.021149e-004,0.000000e+000,2,9.539939e-001,0.000000e+000,,,,,,,,,,,,,,32,1,4.000000e+000,4.150391e-003,0.000000e+000,0,,0,
1524320827.347,,0.000000e+000,3.599985e+001,-2.021330e-004,0.000000e+000,2,9.540642e-001,0.000000e+000,,,,,,,,,,,,,,32,1,4.000000e+000,1.659393e-003,0.000000e+000,0,,0,
1524320839.922,,0.000000e+000,3.599736e+001,-2.021358e-004,0.000000e+000,2,9.541001e-001,0.000000e+000,,,,,,,,,,,,,,32,1,4.000000e+000,3.318787e-003,0.000000e+000,0,,0,
1524320852.477,,0.000000e+000,3.599777e+001,-2.021607e-004,0.000000e+000,2,9.540387e-001,0.000000e+000,,,,,,,,,,,,,,32,1,4.000000e+000,4.138947e-003,0.000000e+000,0,,0,
1524320865.072,,0.000000e+000,3.599778e+001,-2.022135e-004,0.000000e+000,2,9.541633e-001,0.000000e+000,,,,,,,,,,,,,,32,1,4.000000e+000,8.316040e-004,0.000000e+000,0,,0,
1524320877.662,,0.000000e+000,3.599819e+001,-2.022134e-004,0.000000e+000,2,9.541677e-001,0.000000e+000,,,,,,,,,,,,,,32,1,4.000000e+000,1.659393e-003,0.000000e+000,0,,0,
1524320890.263,,0.000000e+000,3.599943e+001,-2.022320e-004,0.000000e+000,2,9.542078e-001,0.000000e+000,,,,,,,,,,,,,,32,1,4.000000e+000,8.201599e-004,0.000000e+000,0,,0,
1524320902.828,,0.000000e+000,3.599902e+001,-2.022329e-004,0.000000e+000,2,9.543898e-001,0.000000e+000,,,,,,,,,,,,,,32,1,4.000000e+000,1.647949e-003,0.000000e+000,0,,0,
1524320915.425,,0.000000e+000,3.599985e+001,-2.022747e-004,0.000000e+000,2,9.542829e-001,0.000000e+000,,,,,,,,,,,,,,32,1,4.000000e+000,3.307343e-003,0.000000e+000,0,,0,
1524320928.006,,0.000000e+000,3.600150e+001,-2.022880e-004,0.000000e+000,2,9.544480e-001,0.000000e+000,,,,,,,,,,,,,,32,1,4.000000e+000,0.000000e+000,0.000000e+000,0,,0,
1524320940.593,,0.000000e+000,3.599985e+001,-2.023178e-004,0.000000e+000,2,9.544835e-001,0.000000e+000,,,,,,,,,,,,,,32,1,4.000000e+000,3.307343e-003,0.000000e+000,0,,0,
1524320953.196,,0.000000e+000,3.600026e+001,-2.023301e-004,0.000000e+000,2,9.546303e-001,0.000000e+000,,,,,,,,,,,,,,32,1,4.000000e+000,8.392334e-004,0.000000e+000,0,,0,
1524320965.726,,0.000000e+000,3.599778e+001,-2.023835e-004,0.000000e+000,2,9.546586e-001,0.000000e+000,,,,,,,,,,,,,,32,1,4.000000e+000,8.316040e-004,0.000000e+000,0,,0,
1524320978.364,,0.000000e+000,3.599778e+001,-2.023721e-004,0.000000e+000,2,9.547125e-001,0.000000e+000,,,,,,,,,,,,,,32,1,4.000000e+000,8.316040e-004,0.000000e+000,0,,0,
1524320990.964,,0.000000e+000,3.599943e+001,-2.024323e-004,0.000000e+000,2,9.546516e-001,0.000000e+000,,,,,,,,,,,,,,32,1,4.000000e+000,4.138947e-003,0.000000e+000,0,,0,
1524321003.517,,0.000000e+000,3.599902e+001,-2.024393e-004,0.000000e+000,2,9.547101e-001,0.000000e+000,,,,,,,,,,,,,,32,1,4.000000e+000,1.647949e-003,0.000000e+000,0,,0,
1524321016.134,,0.000000e+000,3.599860e+001,-2.024383e-004,0.000000e+000,2,9.548022e-001,0.000000e+000,,,,,,,,,,,,,,32,1,4.000000e+000,8.277893e-004,0.000000e+000,0,,0,
1524321028.740,,0.000000e+000,3.599943e+001,-2.024592e-004,0.000000e+000,2,9.549790e-001,0.000000e+000,,,,,,,,,,,,,,32,1,4.000000e+000,8.201599e-004,0.000000e+000,0,,0,
1524321041.320,,0.000000e+000,3.599902e+001,-2.024869e-004,0.000000e+000,2,9.549111e-001,0.000000e+000,,,,,,,,,,,,,,32,1,4.000000e+000,1.647949e-003,0.000000e+000,0,,0,
1524321053.885,,0.000000e+000,3.599860e+001,-2.024644e-004,0.000000e+000,2,9.549552e-001,0.000000e+000,,,,,,,,,,,,,,32,1,4.000000e+000,8.277893e-004,0.000000e+000,0,,0,
1524321066.493,,0.000000e+000,3.599985e+001,-2.024894e-004,0.000000e+000,2,9.551980e-001,0.000000e+000,,,,,,,,,,,,,,32,1,4.000000e+000,1.659393e-003,0.000000e+000,0,,0,
1524321079.093,,0.000000e+000,3.599860e+001,-2.025127e-004,0.000000e+000,2,9.550390e-001,0.000000e+000,,,,,,,,,,,,,,32,1,4.000000e+000,4.150391e-003,0.000000e+000,0,,0,
1524321091.653,,0.000000e+000,3.599694e+001,-2.025408e-004,0.000000e+000,2,9.551762e-001,0.000000e+000,,,,,,,,,,,,,,32,1,4.000000e+000,8.316040e-004,0.000000e+000,0,,0,
1524321104.233,,0.000000e+000,3.599860e+001,-2.025728e-004,0.000000e+000,2,9.551728e-001,0.000000e+000,,,,,,,,,,,,,,32,1,4.000000e+000,2.479553e-003,0.000000e+000,0,,0,
1524321116.816,,0.000000e+000,3.599860e+001,-2.025608e-004,0.000000e+000,2,9.553632e-001,0.000000e+000,,,,,,,,,,,,,,32,1,4.000000e+000,2.479553e-003,0.000000e+000,0,,0,
1524321129.406,,0.000000e+000,3.599860e+001,-2.026301e-004,0.000000e+000,2,9.552686e-001,0.000000e+000,,,,,,,,,,,,,,32,1,4.000000e+000,2.479553e-003,0.000000e+000,0,,0,
1524321142.009,,0.000000e+000,3.600026e+001,-2.026322e-004,0.000000e+000,2,9.554743e-001,0.000000e+000,,,,,,,,,,,,,,32,1,4.000000e+000,8.392334e-004,0.000000e+000,0,,0,
1524321154.569,,0.000000e+000,3.599902e+001,-2.026552e-004,0.000000e+000,2,9.555120e-001,0.000000e+000,,,,,,,,,,,,,,32,1,4.000000e+000,1.647949e-003,0.000000e+000,0,,0,
1524321167.167,,0.000000e+000,3.599985e+001,-2.026563e-004,0.000000e+000,2,9.554881e-001,0.000000e+000,,,,,,,,,,,,,,32,1,4.000000e+000,3.307343e-003,0.000000e+000,0,,0,
1524321179.757,,0.000000e+000,3.600067e+001,-2.027023e-004,0.000000e+000,2,9.555156e-001,0.000000e+000,,,,,,,,,,,,,,32,1,4.000000e+000,1.659393e-003,0.000000e+000,0,,0,
1524321192.340,,0.000000e+000,3.599860e+001,-2.027112e-004,0.000000e+000,2,9.556348e-001,0.000000e+000,,,,,,,,,,,,,,32,1,4.000000e+000,8.277893e-004,0.000000e+000,0,,0,
1524321204.940,,0.000000e+000,3.599860e+001,-2.027353e-004,0.000000e+000,2,9.555904e-001,0.000000e+000,,,,,,,,,,,,,,32,1,4.000000e+000,8.277893e-004,0.000000e+000,0,,0,
1524321217.502,,0.000000e+000,3.599819e+001,-2.027093e-004,0.000000e+000,2,9.558448e-001,0.000000e+000,,,,,,,,,,,,,,32,1,4.000000e+000,0.000000e+000,0.000000e+000,0,,0,
1524321230.135,,0.000000e+000,3.599860e+001,-2.027685e-004,0.000000e+000,2,9.557906e-001,0.000000e+000,,,,,,,,,,,,,,32,1,4.000000e+000,8.277893e-004,0.000000e+000,0,,0,
1524321242.683,,0.000000e+000,3.599902e+001,-2.027835e-004,0.000000e+000,2,9.558521e-001,0.000000e+000,,,,,,,,,,,,,,32,1,4.000000e+000,1.647949e-003,0.000000e+000,0,,0,
1524321255.310,,0.000000e+000,3.599860e+001,-2.028220e-004,0.000000e+000,2,9.559435e-001,0.000000e+000,,,,,,,,,,,,,,32,1,4.000000e+000,2.479553e-003,0.000000e+000,0,,0,
1524321267.866,,0.000000e+000,3.599736e+001,-2.028111e-004,0.000000e+000,2,9.558643e-001,0.000000e+000,,,,,,,,,,,,,,32,1,4.000000e+000,0.000000e+000,0.000000e+000,0,,0,
1524321280.461,,0.000000e+000,3.599985e+001,-2.028063e-004,0.000000e+000,2,9.558596e-001,0.000000e+000,,,,,,,,,,,,,,32,1,4.000000e+000,3.307343e-003,0.000000e+000,0,,0,
1524321293.048,,0.000000e+000,3.599902e+001,-2.028453e-004,0.000000e+000,2,9.560222e-001,0.000000e+000,,,,,,,,,,,,,,32,1,4.000000e+000,1.647949e-003,0.000000e+000,0,,0,
1524321305.661,,0.000000e+000,3.599902e+001,-2.028834e-004,0.000000e+000,2,9.558691e-001,0.000000e+000,,,,,,,,,,,,,,32,1,4.000000e+000,1.647949e-003,0.000000e+000,0,,0,
1524321318.251,,0.000000e+000,3.599984e+001,-2.028896e-004,0.000000e+000,2,9.559855e-001,0.000000e+000,,,,,,,,,,,,,,32,1,4.000000e+000,0.000000e+000,0.000000e+000,0,,0,
1524321330.817,,0.000000e+000,3.599943e+001,-2.029116e-004,0.000000e+000,2,9.559554e-001,0.000000e+000,,,,,,,,,,,,,,32,1,4.000000e+000,8.201599e-004,0.000000e+000,0,,0,
1524321343.402,,0.000000e+000,3.599902e+001,-2.029312e-004,0.000000e+000,2,9.561450e-001,0.000000e+000,,,,,,,,,,,,,,32,1,4.000000e+000,3.318787e-003,0.000000e+000,0,,0,
1524321355.997,,0.000000e+000,3.600068e+001,-2.029868e-004,0.000000e+000,2,9.561901e-001,0.000000e+000,,,,,,,,,,,,,,32,1,4.000000e+000,0.000000e+000,0.000000e+000,0,,0,
1524321368.612,,0.000000e+000,3.599902e+001,-2.029698e-004,0.000000e+000,2,9.562033e-001,0.000000e+000,,,,,,,,,,,,,,32,1,4.000000e+000,3.318787e-003,0.000000e+000,0,,0,
1524321381.127,,0.000000e+000,3.599818e+001,-2.030266e-004,0.000000e+000,2,9.561346e-001,0.000000e+000,,,,,,,,,,,,,,32,1,4.000000e+000,3.311157e-003,0.000000e+000,0,,0,
1524321393.755,,0.000000e+000,3.599984e+001,-2.030326e-004,0.000000e+000,2,9.561929e-001,0.000000e+000,,,,,,,,,,,,,,32,1,4.000000e+000,0.000000e+000,0.000000e+000,0,,0,
1524321406.368,,0.000000e+000,3.599943e+001,-2.030377e-004,0.000000e+000,2,9.562764e-001,0.000000e+000,,,,,,,,,,,,,,32,1,4.000000e+000,8.201599e-004,0.000000e+000,0,,0,
1524321418.935,,0.000000e+000,3.599819e+001,-2.030516e-004,0.000000e+000,2,9.563075e-001,0.000000e+000,,,,,,,,,,,,,,32,1,4.000000e+000,1.659393e-003,0.000000e+000,0,,0,
1524321431.523,,0.000000e+000,3.600068e+001,-2.030793e-004,0.000000e+000,2,9.562913e-001,0.000000e+000,,,,,,,,,,,,,,32,1,4.000000e+000,0.000000e+000,0.000000e+000,0,,0,
1524321444.111,,0.000000e+000,3.599902e+001,-2.030766e-004,0.000000e+000,2,9.564247e-001,0.000000e+000,,,,,,,,,,,,,,32,1,4.000000e+000,3.318787e-003,0.000000e+000,0,,0,
1524321456.688,,0.000000e+000,3.599778e+001,-2.031072e-004,0.000000e+000,2,9.564099e-001,0.000000e+000,,,,,,,,,,,,,,32,1,4.000000e+000,8.316040e-004,0.000000e+000,0,,0,
1524321469.286,,0.000000e+000,3.600026e+001,-2.031100e-004,0.000000e+000,2,9.565609e-001,0.000000e+000,,,,,,,,,,,,,,32,1,4.000000e+000,8.392334e-004,0.000000e+000,0,,0,
1524321481.889,,0.000000e+000,3.599777e+001,-2.031016e-004,0.000000e+000,2,9.565464e-001,0.000000e+000,,,,,,,,,,,,,,32,1,4.000000e+000,2.490997e-003,0.000000e+000,0,,0,
1524321494.476,,0.000000e+000,3.599736e+001,-2.031317e-004,0.000000e+000,2,9.564889e-001,0.000000e+000,,,,,,,,,,,,,,32,1,4.000000e+000,1.663208e-003,0.000000e+000,0,,0,
1524321507.072,,0.000000e+000,3.600068e+001,-2.031807e-004,0.000000e+000,2,9.565872e-001,0.000000e+000,,,,,,,,,,,,,,32,1,4.000000e+000,4.978180e-003,0.000000e+000,0,,0,
1524321519.652,,0.000000e+000,3.599778e+001,-2.032064e-004,0.000000e+000,2,9.567096e-001,0.000000e+000,,,,,,,,,,,,,,32,1,4.000000e+000,8.316040e-004,0.000000e+000,0,,0,
1524321532.182,,0.000000e+000,3.599943e+001,-2.032194e-004,0.000000e+000,2,9.567788e-001,0.000000e+000,,,,,,,,,,,,,,32,1,4.000000e+000,8.201599e-004,0.000000e+000,0,,0,
1524321544.827,,0.000000e+000,3.599943e+001,-2.032234e-004,0.000000e+000,2,9.568066e-001,0.000000e+000,,,,,,,,,,,,,,32,1,4.000000e+000,8.201599e-004,0.000000e+000,0,,0,
1524321557.395,,0.000000e+000,3.599943e+001,-2.032576e-004,0.000000e+000,2,9.567069e-001,0.000000e+000,,,,,,,,,,,,,,32,1,4.000000e+000,8.201599e-004,0.000000e+000,0,,0,
1524321569.970,,0.000000e+000,3.599860e+001,-2.032562e-004,0.000000e+000,2,9.568522e-001,0.000000e+000,,,,,,,,,,,,,,32,1,4.000000e+000,8.277893e-004,0.000000e+000,0,,0,
1524321582.618,,0.000000e+000,3.599943e+001,-2.033003e-004,0.000000e+000,2,9.569678e-001,0.000000e+000,,,,,,,,,,,,,,32,1,4.000000e+000,8.201599e-004,0.000000e+000,0,,0,
1524321595.170,,0.000000e+000,3.599902e+001,-2.032875e-004,0.000000e+000,2,9.569781e-001,0.000000e+000,,,,,,,,,,,,,,32,1,4.000000e+000,1.647949e-003,0.000000e+000,0,,0,
1524321607.761,,0.000000e+000,3.599860e+001,-2.033236e-004,0.000000e+000,2,9.570621e-001,0.000000e+000,,,,,,,,,,,,,,32,1,4.000000e+000,8.277893e-004,0.000000e+000,0,,0,
1524321620.358,,0.000000e+000,3.600026e+001,-2.033370e-004,0.000000e+000,2,9.570101e-001,0.000000e+000,,,,,,,,,,,,,,32,1,4.000000e+000,8.392334e-004,0.000000e+000,0,,0,
1524321632.953,,0.000000e+000,3.599860e+001,-2.033343e-004,0.000000e+000,2,9.572084e-001,0.000000e+000,,,,,,,,,,,,,,32,1,4.000000e+000,2.479553e-003,0.000000e+000,0,,0,
1524321645.516,,0.000000e+000,3.599819e+001,-2.033813e-004,0.000000e+000,2,9.571828e-001,0.000000e+000,,,,,,,,,,,,,,32,1,4.000000e+000,1.659393e-003,0.000000e+000,0,,0,
1524321658.111,,0.000000e+000,3.599985e+001,-2.033877e-004,0.000000e+000,2,9.572431e-001,0.000000e+000,,,,,,,,,,,,,,32,1,4.000000e+000,1.659393e-003,0.000000e+000,0,,0,
1524321670.674,,0.000000e+000,3.599778e+001,-2.033569e-004,0.000000e+000,2,9.572533e-001,0.000000e+000,,,,,,,,,,,,,,32,1,4.000000e+000,8.316040e-004,0.000000e+000,0,,0,
1524321683.239,,0.000000e+000,3.599860e+001,-2.033865e-004,0.000000e+000,2,9.570395e-001,0.000000e+000,,,,,,,,,,,,,,32,1,4.000000e+000,2.479553e-003,0.000000e+000,0,,0,
1524321695.869,,0.000000e+000,3.600026e+001,-2.034093e-004,0.000000e+000,2,9.572722e-001,0.000000e+000,,,,,,,,,,,,,,32,1,4.000000e+000,8.392334e-004,0.000000e+000,0,,0,
1524321708.465,,0.000000e+000,3.599778e+001,-2.034260e-004,0.000000e+000,2,9.573605e-001,0.000000e+000,,,,,,,,,,,,,,32,1,4.000000e+000,8.316040e-004,0.000000e+000,0,,0,
1524321721.065,,0.000000e+000,3.599902e+001,-2.034847e-004,0.000000e+000,2,9.574114e-001,0.000000e+000,,,,,,,,,,,,,,32,1,4.000000e+000,1.647949e-003,0.000000e+000,0,,0,
1524321733.650,,0.000000e+000,3.599984e+001,-2.034816e-004,0.000000e+000,2,9.575155e-001,0.000000e+000,,,,,,,,,,,,,,32,1,4.000000e+000,0.000000e+000,0.000000e+000,0,,0,
1524321746.270,,0.000000e+000,3.600026e+001,-2.034940e-004,0.000000e+000,2,9.576074e-001,0.000000e+000,,,,,,,,,,,,,,32,1,4.000000e+000,8.392334e-004,0.000000e+000,0,,0,
1524321758.833,,0.000000e+000,3.599778e+001,-2.035301e-004,0.000000e+000,2,9.574424e-001,0.000000e+000,,,,,,,,,,,,,,32,1,4.000000e+000,8.316040e-004,0.000000e+000,0,,0,
1524321771.430,,0.000000e+000,3.599902e+001,-2.035458e-004,0.000000e+000,2,9.577299e-001,0.000000e+000,,,,,,,,,,,,,,32,1,4.000000e+000,1.647949e-003,0.000000e+000,0,,0,
1524321783.976,,0.000000e+000,3.599902e+001,-2.035550e-004,0.000000e+000,2,9.576179e-001,0.000000e+000,,,,,,,,,,,,,,32,1,4.000000e+000,1.647949e-003,0.000000e+000,0,,0,
1524321796.591,,0.000000e+000,3.599902e+001,-2.035620e-004,0.000000e+000,2,9.577051e-001,0.000000e+000,,,,,,,,,,,,,,32,1,4.000000e+000,1.647949e-003,0.000000e+000,0,,0,
1524321809.171,,0.000000e+000,3.599778e+001,-2.035917e-004,0.000000e+000,2,9.576814e-001,0.000000e+000,,,,,,,,,,,,,,32,1,4.000000e+000,8.316040e-004,0.000000e+000,0,,0,
1524321821.766,,0.000000e+000,3.599819e+001,-2.035929e-004,0.000000e+000,2,9.578079e-001,0.000000e+000,,,,,,,,,,,,,,32,1,4.000000e+000,0.000000e+000,0.000000e+000,0,,0,
1524321834.376,,0.000000e+000,3.599819e+001,-2.036151e-004,0.000000e+000,2,9.579177e-001,0.000000e+000,,,,,,,,,,,,,,32,1,4.000000e+000,0.000000e+000,0.000000e+000,0,,0,
1524321846.962,,0.000000e+000,3.599985e+001,-2.036192e-004,0.000000e+000,2,9.579655e-001,0.000000e+000,,,,,,,,,,,,,,32,1,4.000000e+000,3.307343e-003,0.000000e+000,0,,0,
1524321859.522,,0.000000e+000,3.600026e+001,-2.036446e-004,0.000000e+000,2,9.579929e-001,0.000000e+000,,,,,,,,,,,,,,32,1,4.000000e+000,8.392334e-004,0.000000e+000,0,,0,
1524321872.117,,0.000000e+000,3.599944e+001,-2.036451e-004,0.000000e+000,2,9.579593e-001,0.000000e+000,,,,,,,,,,,,,,32,1,4.000000e+000,2.487183e-003,0.000000e+000,0,,0,
1524321884.715,,0.000000e+000,3.599736e+001,-2.036706e-004,0.000000e+000,2,9.580624e-001,0.000000e+000,,,,,,,,,,,,,,32,1,4.000000e+000,1.663208e-003,0.000000e+000,0,,0,
1524321897.300,,0.000000e+000,3.599984e+001,-2.037055e-004,0.000000e+000,2,9.581337e-001,0.000000e+000,,,,,,,,,,,,,,32,1,4.000000e+000,0.000000e+000,0.000000e+000,0,,0,
1524321909.925,,0.000000e+000,3.599860e+001,-2.037072e-004,0.000000e+000,2,9.580737e-001,0.000000e+000,,,,,,,,,,,,,,32,1,4.000000e+000,2.479553e-003,0.000000e+000,0,,0,
1524321922.485,,0.000000e+000,3.599778e+001,-2.037055e-004,0.000000e+000,2,9.580882e-001,0.000000e+000,,,,,,,,,,,,,,32,1,4.000000e+000,8.316040e-004,0.000000e+000,0,,0,
1524321935.033,,0.000000e+000,3.599985e+001,-2.037456e-004,0.000000e+000,2,9.581068e-001,0.000000e+000,,,,,,,,,,,,,,32,1,4.000000e+000,3.307343e-003,0.000000e+000,0,,0,
1524321947.671,,0.000000e+000,3.599944e+001,-2.037443e-004,0.000000e+000,2,9.583226e-001,0.000000e+000,,,,,,,,,,,,,,32,1,4.000000e+000,2.487183e-003,0.000000e+000,0,,0,
1524321960.243,,0.000000e+000,3.599695e+001,-2.037805e-004,0.000000e+000,2,9.584504e-001,0.000000e+000,,,,,,,,,,,,,,32,1,4.000000e+000,2.490997e-003,0.000000e+000,0,,0,
1524321972.853,,0.000000e+000,3.599819e+001,-2.038049e-004,0.000000e+000,2,9.584306e-001,0.000000e+000,,,,,,,,,,,,,,32,1,4.000000e+000,0.000000e+000,0.000000e+000,0,,0,
1524321985.426,,0.000000e+000,3.599819e+001,-2.037889e-004,0.000000e+000,2,9.583380e-001,0.000000e+000,,,,,,,,,,,,,,32,1,4.000000e+000,0.000000e+000,0.000000e+000,0,,0,
1524321998.044,,0.000000e+000,3.599902e+001,-2.038173e-004,0.000000e+000,2,9.583609e-001,0.000000e+000,,,,,,,,,,,,,,32,1,4.000000e+000,1.647949e-003,0.000000e+000,0,,0,
1524322010.592,,0.000000e+000,3.599819e+001,-2.038322e-004,0.000000e+000,2,9.584861e-001,0.000000e+000,,,,,,,,,,,,,,32,1,4.000000e+000,0.000000e+000,0.000000e+000,0,,0,
1524322023.204,,0.000000e+000,3.599902e+001,-2.038558e-004,0.000000e+000,2,9.585330e-001,0.000000e+000,,,,,,,,,,,,,,32,1,4.000000e+000,1.647949e-003,0.000000e+000,0,,0,
1524322035.817,,0.000000e+000,3.599984e+001,-2.038648e-004,0.000000e+000,2,9.587054e-001,0.000000e+000,,,,,,,,,,,,,,32,1,4.000000e+000,0.000000e+000,0.000000e+000,0,,0,
1524322048.365,,0.000000e+000,3.599778e+001,-2.038599e-004,0.000000e+000,2,9.585747e-001,0.000000e+000,,,,,,,,,,,,,,32,1,4.000000e+000,8.316040e-004,0.000000e+000,0,,0,
1524322060.965,,0.000000e+000,3.599944e+001,-2.039035e-004,0.000000e+000,2,9.586129e-001,0.000000e+000,,,,,,,,,,,,,,32,1,4.000000e+000,2.487183e-003,0.000000e+000,0,,0,
1524322073.570,,0.000000e+000,3.599944e+001,-2.038932e-004,0.000000e+000,2,9.586296e-001,0.000000e+000,,,,,,,,,,,,,,32,1,4.000000e+000,2.487183e-003,0.000000e+000,0,,0,
1524322086.190,,0.000000e+000,3.599736e+001,-2.039374e-004,0.000000e+000,2,9.587514e-001,0.000000e+000,,,,,,,,,,,,,,32,1,4.000000e+000,1.663208e-003,0.000000e+000,0,,0,
1524322098.768,,0.000000e+000,3.599778e+001,-2.039557e-004,0.000000e+000,2,9.587013e-001,0.000000e+000,,,,,,,,,,,,,,32,1,4.000000e+000,8.316040e-004,0.000000e+000,0,,0,
1524322111.341,,0.000000e+000,3.599902e+001,-2.039460e-004,0.000000e+000,2,9.587430e-001,0.000000e+000,,,,,,,,,,,,,,32,1,4.000000e+000,1.647949e-003,0.000000e+000,0,,0,
1524322123.911,,0.000000e+000,3.599943e+001,-2.039798e-004,0.000000e+000,2,9.586839e-001,0.000000e+000,,,,,,,,,,,,,,32,1,4.000000e+000,8.201599e-004,0.000000e+000,0,,0,
1524322136.508,,0.000000e+000,3.599819e+001,-2.040151e-004,0.000000e+000,2,9.588231e-001,0.000000e+000,,,,,,,,,,,,,,32,1,4.000000e+000,0.000000e+000,0.000000e+000,0,,0,
1524322149.106,,0.000000e+000,3.599902e+001,-2.040207e-004,0.000000e+000,2,9.589065e-001,0.000000e+000,,,,,,,,,,,,,,32,1,4.000000e+000,0.000000e+000,0.000000e+000,0,,0,
1524322161.694,,0.000000e+000,3.599860e+001,-2.040154e-004,0.000000e+000,2,9.588770e-001,0.000000e+000,,,,,,,,,,,,,,32,1,4.000000e+000,8.277893e-004,0.000000e+000,0,,0,
1524322174.261,,0.000000e+000,3.599902e+001,-2.040390e-004,0.000000e+000,2,9.590372e-001,0.000000e+000,,,,,,,,,,,,,,32,1,4.000000e+000,1.647949e-003,0.000000e+000,0,,0,
1524322186.849,,0.000000e+000,3.599902e+001,-2.040721e-004,0.000000e+000,2,9.588724e-001,0.000000e+000,,,,,,,,,,,,,,32,1,4.000000e+000,1.647949e-003,0.000000e+000,0,,0,
1524322199.447,,0.000000e+000,3.599943e+001,-2.040775e-004,0.000000e+000,2,9.590322e-001,0.000000e+000,,,,,,,,,,,,,,32,1,4.000000e+000,8.201599e-004,0.000000e+000,0,,0,
1524322212.057,,0.000000e+000,3.599819e+001,-2.040801e-004,0.000000e+000,2,9.590549e-001,0.000000e+000,,,,,,,,,,,,,,32,1,4.000000e+000,1.659393e-003,0.000000e+000,0,,0,
1524322224.637,,0.000000e+000,3.599819e+001,-2.041193e-004,0.000000e+000,2,9.591804e-001,0.000000e+000,,,,,,,,,,,,,,32,1,4.000000e+000,1.659393e-003,0.000000e+000,0,,0,
1524322237.210,,0.000000e+000,3.599943e+001,-2.041226e-004,0.000000e+000,2,9.592445e-001,0.000000e+000,,,,,,,,,,,,,,32,1,4.000000e+000,8.201599e-004,0.000000e+000,0,,0,
1524322249.807,,0.000000e+000,3.599818e+001,-2.041246e-004,0.000000e+000,2,9.592530e-001,0.000000e+000,,,,,,,,,,,,,,32,1,4.000000e+000,3.311157e-003,0.000000e+000,0,,0,
1524322262.395,,0.000000e+000,3.599777e+001,-2.041287e-004,0.000000e+000,2,9.592901e-001,0.000000e+000,,,,,,,,,,,,,,32,1,4.000000e+000,2.490997e-003,0.000000e+000,0,,0,
1524322275.018,,0.000000e+000,3.600026e+001,-2.041385e-004,0.000000e+000,2,9.593019e-001,0.000000e+000,,,,,,,,,,,,,,32,1,4.000000e+000,2.479553e-003,0.000000e+000,0,,0,
1524322287.548,,0.000000e+000,3.599860e+001,-2.041634e-004,0.000000e+000,2,9.594281e-001,0.000000e+000,,,,,,,,,,,,,,32,1,4.000000e+000,8.277893e-004,0.000000e+000,0,,0,
1524322300.126,,0.000000e+000,3.599819e+001,-2.041107e-004,0.000000e+000,2,9.593942e-001,0.000000e+000,,,,,,,,,,,,,,32,1,4.000000e+000,1.659393e-003,0.000000e+000,0,,0,
1524322312.776,,0.000000e+000,3.599902e+001,-2.041165e-004,0.000000e+000,2,9.594235e-001,0.000000e+000,,,,,,,,,,,,,,32,1,4.000000e+000,3.318787e-003,0.000000e+000,0,,0,
1524322325.351,,0.000000e+000,3.600026e+001,-2.042279e-004,0.000000e+000,2,9.595676e-001,0.000000e+000,,,,,,,,,,,,,,32,1,4.000000e+000,8.392334e-004,0.000000e+000,0,,0,
1524322337.946,,0.000000e+000,3.599778e+001,-2.042285e-004,0.000000e+000,2,9.596875e-001,0.000000e+000,,,,,,,,,,,,,,32,1,4.000000e+000,8.316040e-004,0.000000e+000,0,,0,
