[Header]
TITLE,MPMS DC Measurement
BYAPP,MPMS Measurement,2.1,Summary
FILEOPENTIME, 1523939557.961000 4/16/2018, 10:32:37 PM

INFO, APPNAME, MPMS MultiVu Application, Revision 1.61,  Build 082

INFO, NAME, MFn1
INFO, WEIGHT, 1.000
INFO, AREA, 1.000
INFO, LENGTH, 1.000
INFO, SHAPE, 0
INFO, COMMENT, 
INFO, SEQUENCE FILE: VRMac_40K_6000s_3000s_VRMde_40K.seq


INFO, BACKGROUND DATA FILE:, None


STARTUPAXIS,X,4,LINEAR,AUTO,0.000000,0.000000
STARTUPAXIS,Y1,5,LINEAR,AUTO,0.000000,0.000000


STARTUPGROUP,Longitudinal
FIELDGROUP,Longitudinal,1,2,3,4,5,6,7,8,9,15,16,17,18,27,28
FIELDGROUP,Transverse,1,2,3,4,10,11,12,13,14,19,20,21,22,27,28

PLOT_APPEARANCE,ALL,HORZ_GRID_ON,VERT_GRID_ON,MARKERS_AND_LINES

[Data]
Time,Comment,Field (Oe),Temperature (K),Long Moment (emu),Long Scan Std Dev,Long Algorithm,Long Reg Fit,Long Percent Error (%),Trans Moment (emu),Trans Scan Std Dev,Trans Algorithm,Trans Reg Fit,Trans Percent Error (%),Long Moment [w/o ABS] (emu),Long Scan Std Dev [w/o ABS],Long Reg Fit [w/o ABS],Long Percent Error [w/o ABS] (%),Trans Moment [w/o ABS] (emu),Trans Scan Std Dev [w/o ABS],Trans Reg Fit [w/o ABS],Trans Percent Error [w/o ABS] (%),Points per Scan,Scans per Measurement,Scan Length (cm),Delta Temp (K),Rot Position (deg),Error,EC Comp. Running,Using ABS,
1523939557.958,,0.000000e+000,3.999577e+001,-1.977921e-004,0.000000e+000,3,9.900588e-001,0.000000e+000,,,,,,,,,,,,,,32,1,4.000000e+000,4.131317e-003,0.000000e+000,0,,0,
1523939570.218,,0.000000e+000,3.999784e+001,-2.009863e-004,0.000000e+000,3,9.907820e-001,0.000000e+000,,,,,,,,,,,,,,32,1,4.000000e+000,0.000000e+000,0.000000e+000,0,,0,
1523939582.721,,0.000000e+000,3.999991e+001,-2.030134e-004,0.000000e+000,3,9.906132e-001,0.000000e+000,,,,,,,,,,,,,,32,1,4.000000e+000,0.000000e+000,0.000000e+000,0,,0,
1523939595.789,,0.000000e+000,3.999991e+001,-2.045211e-004,0.000000e+000,3,9.908435e-001,0.000000e+000,,,,,,,,,,,,,,32,1,4.000000e+000,0.000000e+000,0.000000e+000,0,,0,
1523939608.496,,0.000000e+000,3.999991e+001,-2.057833e-004,0.000000e+000,3,9.910192e-001,0.000000e+000,,,,,,,,,,,,,,32,1,4.000000e+000,0.000000e+000,0.000000e+000,0,,0,
1523939621.862,,0.000000e+000,3.999836e+001,-2.067246e-004,0.000000e+000,3,9.909368e-001,0.000000e+000,,,,,,,,,,,,,,32,1,4.000000e+000,3.097534e-003,0.000000e+000,0,,0,
1523939634.052,,0.000000e+000,3.999991e+001,-2.074615e-004,0.000000e+000,3,9.909592e-001,0.000000e+000,,,,,,,,,,,,,,32,1,4.000000e+000,2.059937e-003,0.000000e+000,0,,0,
1523939646.554,,0.000000e+000,4.000145e+001,-2.082349e-004,0.000000e+000,3,9.910445e-001,0.000000e+000,,,,,,,,,,,,,,32,1,4.000000e+000,1.029968e-003,0.000000e+000,0,,0,
1523939659.617,,0.000000e+000,4.000042e+001,-2.090056e-004,0.000000e+000,3,9.911079e-001,0.000000e+000,,,,,,,,,,,,,,32,1,4.000000e+000,1.029968e-003,0.000000e+000,0,,0,
1523939673.022,,0.000000e+000,4.000042e+001,-2.094897e-004,0.000000e+000,3,9.912080e-001,0.000000e+000,,,,,,,,,,,,,,32,1,4.000000e+000,1.029968e-003,0.000000e+000,0,,0,
1523939685.337,,0.000000e+000,3.999991e+001,-2.100693e-004,0.000000e+000,3,9.909748e-001,0.000000e+000,,,,,,,,,,,,,,32,1,4.000000e+000,2.059937e-003,0.000000e+000,0,,0,
1523939698.265,,0.000000e+000,3.999939e+001,-2.104493e-004,0.000000e+000,3,9.909540e-001,0.000000e+000,,,,,,,,,,,,,,32,1,4.000000e+000,1.029968e-003,0.000000e+000,0,,0,
1523939710.813,,0.000000e+000,3.999836e+001,-2.109241e-004,0.000000e+000,3,9.912137e-001,0.000000e+000,,,,,,,,,,,,,,32,1,4.000000e+000,1.037598e-003,0.000000e+000,0,,0,
1523939724.341,,0.000000e+000,3.999733e+001,-2.114022e-004,0.000000e+000,3,9.912610e-001,0.000000e+000,,,,,,,,,,,,,,32,1,4.000000e+000,1.029968e-003,0.000000e+000,0,,0,
1523939736.328,,0.000000e+000,3.999732e+001,-2.117372e-004,0.000000e+000,3,9.910772e-001,0.000000e+000,,,,,,,,,,,,,,32,1,4.000000e+000,3.108978e-003,0.000000e+000,0,,0,
1523939748.906,,0.000000e+000,3.999732e+001,-2.120852e-004,0.000000e+000,3,9.914814e-001,0.000000e+000,,,,,,,,,,,,,,32,1,4.000000e+000,3.108978e-003,0.000000e+000,0,,0,
1523939761.281,,0.000000e+000,3.999836e+001,-2.124757e-004,0.000000e+000,3,9.912081e-001,0.000000e+000,,,,,,,,,,,,,,32,1,4.000000e+000,3.097534e-003,0.000000e+000,0,,0,
1523939774.401,,0.000000e+000,3.999939e+001,-2.127955e-004,0.000000e+000,3,9.911774e-001,0.000000e+000,,,,,,,,,,,,,,32,1,4.000000e+000,1.029968e-003,0.000000e+000,0,,0,
1523939787.784,,0.000000e+000,3.999836e+001,-2.130798e-004,0.000000e+000,3,9.911311e-001,0.000000e+000,,,,,,,,,,,,,,32,1,4.000000e+000,1.037598e-003,0.000000e+000,0,,0,
1523939800.882,,0.000000e+000,3.999732e+001,-2.134109e-004,0.000000e+000,3,9.912018e-001,0.000000e+000,,,,,,,,,,,,,,32,1,4.000000e+000,3.108978e-003,0.000000e+000,0,,0,
1523939813.202,,0.000000e+000,3.999888e+001,-2.136869e-004,0.000000e+000,3,9.913365e-001,0.000000e+000,,,,,,,,,,,,,,32,1,4.000000e+000,0.000000e+000,0.000000e+000,0,,0,
1523939825.610,,0.000000e+000,3.999836e+001,-2.139635e-004,0.000000e+000,3,9.912086e-001,0.000000e+000,,,,,,,,,,,,,,32,1,4.000000e+000,1.037598e-003,0.000000e+000,0,,0,
1523939839.030,,0.000000e+000,3.999784e+001,-2.141474e-004,0.000000e+000,3,9.912357e-001,0.000000e+000,,,,,,,,,,,,,,32,1,4.000000e+000,0.000000e+000,0.000000e+000,0,,0,
1523939851.422,,0.000000e+000,3.999836e+001,-2.144967e-004,0.000000e+000,3,9.914320e-001,0.000000e+000,,,,,,,,,,,,,,32,1,4.000000e+000,1.037598e-003,0.000000e+000,0,,0,
1523939863.858,,0.000000e+000,3.999733e+001,-2.147642e-004,0.000000e+000,3,9.914047e-001,0.000000e+000,,,,,,,,,,,,,,32,1,4.000000e+000,1.029968e-003,0.000000e+000,0,,0,
1523939876.218,,0.000000e+000,3.999733e+001,-2.149494e-004,0.000000e+000,3,9.914783e-001,0.000000e+000,,,,,,,,,,,,,,32,1,4.000000e+000,1.029968e-003,0.000000e+000,0,,0,
1523939888.390,,0.000000e+000,3.999887e+001,-2.150126e-004,0.000000e+000,3,9.916110e-001,0.000000e+000,,,,,,,,,,,,,,32,1,4.000000e+000,2.067566e-003,0.000000e+000,0,,0,
1523939901.056,,0.000000e+000,3.999784e+001,-2.152680e-004,0.000000e+000,3,9.914187e-001,0.000000e+000,,,,,,,,,,,,,,32,1,4.000000e+000,2.067566e-003,0.000000e+000,0,,0,
1523939913.496,,0.000000e+000,4.000042e+001,-2.155003e-004,0.000000e+000,3,9.914082e-001,0.000000e+000,,,,,,,,,,,,,,32,1,4.000000e+000,5.157471e-003,0.000000e+000,0,,0,
1523939925.318,,0.000000e+000,4.000094e+001,-2.157625e-004,0.000000e+000,3,9.913849e-001,0.000000e+000,,,,,,,,,,,,,,32,1,4.000000e+000,4.119873e-003,0.000000e+000,0,,0,
1523939937.841,,0.000000e+000,3.999991e+001,-2.159740e-004,0.000000e+000,3,9.914419e-001,0.000000e+000,,,,,,,,,,,,,,32,1,4.000000e+000,0.000000e+000,0.000000e+000,0,,0,
1523939950.714,,0.000000e+000,3.999939e+001,-2.161461e-004,0.000000e+000,3,9.914098e-001,0.000000e+000,,,,,,,,,,,,,,32,1,4.000000e+000,1.029968e-003,0.000000e+000,0,,0,
1523939963.279,,0.000000e+000,3.999835e+001,-2.162323e-004,0.000000e+000,3,9.912823e-001,0.000000e+000,,,,,,,,,,,,,,32,1,4.000000e+000,5.168915e-003,0.000000e+000,0,,0,
1523939976.109,,0.000000e+000,3.999888e+001,-2.165036e-004,0.000000e+000,3,9.914169e-001,0.000000e+000,,,,,,,,,,,,,,32,1,4.000000e+000,0.000000e+000,0.000000e+000,0,,0,
1523939989.462,,0.000000e+000,3.999680e+001,-2.165910e-004,0.000000e+000,3,9.913843e-001,0.000000e+000,,,,,,,,,,,,,,32,1,4.000000e+000,2.071381e-003,0.000000e+000,0,,0,
1523940002.187,,0.000000e+000,3.999991e+001,-2.168066e-004,0.000000e+000,3,9.914563e-001,0.000000e+000,,,,,,,,,,,,,,32,1,4.000000e+000,0.000000e+000,0.000000e+000,0,,0,
1523940014.777,,0.000000e+000,3.999939e+001,-2.169316e-004,0.000000e+000,3,9.914798e-001,0.000000e+000,,,,,,,,,,,,,,32,1,4.000000e+000,1.029968e-003,0.000000e+000,0,,0,
1523940027.122,,0.000000e+000,3.999836e+001,-2.170820e-004,0.000000e+000,3,9.913025e-001,0.000000e+000,,,,,,,,,,,,,,32,1,4.000000e+000,1.037598e-003,0.000000e+000,0,,0,
1523940040.125,,0.000000e+000,3.999836e+001,-2.172351e-004,0.000000e+000,3,9.913778e-001,0.000000e+000,,,,,,,,,,,,,,32,1,4.000000e+000,1.037598e-003,0.000000e+000,0,,0,
1523940052.773,,0.000000e+000,4.000042e+001,-2.174033e-004,0.000000e+000,3,9.914153e-001,0.000000e+000,,,,,,,,,,,,,,32,1,4.000000e+000,3.089905e-003,0.000000e+000,0,,0,
1523940065.491,,0.000000e+000,3.999888e+001,-2.175637e-004,0.000000e+000,3,9.915209e-001,0.000000e+000,,,,,,,,,,,,,,32,1,4.000000e+000,0.000000e+000,0.000000e+000,0,,0,
1523940077.953,,0.000000e+000,3.999836e+001,-2.177262e-004,0.000000e+000,3,9.914629e-001,0.000000e+000,,,,,,,,,,,,,,32,1,4.000000e+000,1.037598e-003,0.000000e+000,0,,0,
1523940090.471,,0.000000e+000,3.999887e+001,-2.178730e-004,0.000000e+000,3,9.914250e-001,0.000000e+000,,,,,,,,,,,,,,32,1,4.000000e+000,2.067566e-003,0.000000e+000,0,,0,
1523940103.564,,0.000000e+000,3.999733e+001,-2.179878e-004,0.000000e+000,3,9.914241e-001,0.000000e+000,,,,,,,,,,,,,,32,1,4.000000e+000,1.029968e-003,0.000000e+000,0,,0,
1523940116.246,,0.000000e+000,3.999733e+001,-2.181805e-004,0.000000e+000,3,9.914644e-001,0.000000e+000,,,,,,,,,,,,,,32,1,4.000000e+000,1.029968e-003,0.000000e+000,0,,0,
1523940129.309,,0.000000e+000,3.999888e+001,-2.183131e-004,0.000000e+000,3,9.913713e-001,0.000000e+000,,,,,,,,,,,,,,32,1,4.000000e+000,0.000000e+000,0.000000e+000,0,,0,
1523940142.777,,0.000000e+000,3.999836e+001,-2.184066e-004,0.000000e+000,3,9.916688e-001,0.000000e+000,,,,,,,,,,,,,,32,1,4.000000e+000,1.037598e-003,0.000000e+000,0,,0,
1523940155.069,,0.000000e+000,3.999836e+001,-2.186052e-004,0.000000e+000,3,9.916410e-001,0.000000e+000,,,,,,,,,,,,,,32,1,4.000000e+000,3.097534e-003,0.000000e+000,0,,0,
1523940167.577,,0.000000e+000,3.999888e+001,-2.187199e-004,0.000000e+000,3,9.914508e-001,0.000000e+000,,,,,,,,,,,,,,32,1,4.000000e+000,0.000000e+000,0.000000e+000,0,,0,
1523940180.140,,0.000000e+000,3.999888e+001,-2.188030e-004,0.000000e+000,3,9.915172e-001,0.000000e+000,,,,,,,,,,,,,,32,1,4.000000e+000,0.000000e+000,0.000000e+000,0,,0,
1523940193.220,,0.000000e+000,3.999939e+001,-2.188876e-004,0.000000e+000,3,9.914871e-001,0.000000e+000,,,,,,,,,,,,,,32,1,4.000000e+000,1.029968e-003,0.000000e+000,0,,0,
1523940205.623,,0.000000e+000,3.999836e+001,-2.190529e-004,0.000000e+000,3,9.914606e-001,0.000000e+000,,,,,,,,,,,,,,32,1,4.000000e+000,1.037598e-003,0.000000e+000,0,,0,
1523940217.753,,0.000000e+000,3.999784e+001,-2.191885e-004,0.000000e+000,3,9.916200e-001,0.000000e+000,,,,,,,,,,,,,,32,1,4.000000e+000,2.067566e-003,0.000000e+000,0,,0,
1523940230.060,,0.000000e+000,3.999887e+001,-2.191738e-004,0.000000e+000,3,9.913414e-001,0.000000e+000,,,,,,,,,,,,,,32,1,4.000000e+000,4.127502e-003,0.000000e+000,0,,0,
1523940243.571,,0.000000e+000,3.999991e+001,-2.193875e-004,0.000000e+000,3,9.912754e-001,0.000000e+000,,,,,,,,,,,,,,32,1,4.000000e+000,2.059937e-003,0.000000e+000,0,,0,
1523940256.083,,0.000000e+000,3.999887e+001,-2.194821e-004,0.000000e+000,3,9.915460e-001,0.000000e+000,,,,,,,,,,,,,,32,1,4.000000e+000,2.067566e-003,0.000000e+000,0,,0,
1523940269.821,,0.000000e+000,3.999733e+001,-2.195547e-004,0.000000e+000,3,9.913505e-001,0.000000e+000,,,,,,,,,,,,,,32,1,4.000000e+000,1.029968e-003,0.000000e+000,0,,0,
1523940282.301,,0.000000e+000,3.999784e+001,-2.196954e-004,0.000000e+000,3,9.911862e-001,0.000000e+000,,,,,,,,,,,,,,32,1,4.000000e+000,2.067566e-003,0.000000e+000,0,,0,
1523940294.899,,0.000000e+000,3.999939e+001,-2.197857e-004,0.000000e+000,3,9.914743e-001,0.000000e+000,,,,,,,,,,,,,,32,1,4.000000e+000,3.097534e-003,0.000000e+000,0,,0,
1523940307.437,,0.000000e+000,3.999784e+001,-2.199112e-004,0.000000e+000,3,9.913726e-001,0.000000e+000,,,,,,,,,,,,,,32,1,4.000000e+000,2.067566e-003,0.000000e+000,0,,0,
1523940319.984,,0.000000e+000,3.999939e+001,-2.199679e-004,0.000000e+000,3,9.915268e-001,0.000000e+000,,,,,,,,,,,,,,32,1,4.000000e+000,1.029968e-003,0.000000e+000,0,,0,
1523940332.554,,0.000000e+000,3.999836e+001,-2.200303e-004,0.000000e+000,3,9.914529e-001,0.000000e+000,,,,,,,,,,,,,,32,1,4.000000e+000,3.097534e-003,0.000000e+000,0,,0,
1523940345.812,,0.000000e+000,3.999733e+001,-2.201863e-004,0.000000e+000,3,9.913986e-001,0.000000e+000,,,,,,,,,,,,,,32,1,4.000000e+000,1.029968e-003,0.000000e+000,0,,0,
1523940358.180,,0.000000e+000,3.999887e+001,-2.203090e-004,0.000000e+000,3,9.915639e-001,0.000000e+000,,,,,,,,,,,,,,32,1,4.000000e+000,2.067566e-003,0.000000e+000,0,,0,
1523940370.625,,0.000000e+000,3.999836e+001,-2.203880e-004,0.000000e+000,3,9.915553e-001,0.000000e+000,,,,,,,,,,,,,,32,1,4.000000e+000,1.037598e-003,0.000000e+000,0,,0,
1523940382.845,,0.000000e+000,3.999733e+001,-2.204865e-004,0.000000e+000,3,9.914186e-001,0.000000e+000,,,,,,,,,,,,,,32,1,4.000000e+000,1.029968e-003,0.000000e+000,0,,0,
1523940395.508,,0.000000e+000,3.999836e+001,-2.205745e-004,0.000000e+000,3,9.913480e-001,0.000000e+000,,,,,,,,,,,,,,32,1,4.000000e+000,1.037598e-003,0.000000e+000,0,,0,
1523940408.156,,0.000000e+000,3.999887e+001,-2.206514e-004,0.000000e+000,3,9.915634e-001,0.000000e+000,,,,,,,,,,,,,,32,1,4.000000e+000,2.067566e-003,0.000000e+000,0,,0,
1523940420.691,,0.000000e+000,3.999629e+001,-2.206725e-004,0.000000e+000,3,9.915406e-001,0.000000e+000,,,,,,,,,,,,,,32,1,4.000000e+000,5.168915e-003,0.000000e+000,0,,0,
1523940434.126,,0.000000e+000,3.999629e+001,-2.208088e-004,0.000000e+000,3,9.915513e-001,0.000000e+000,,,,,,,,,,,,,,32,1,4.000000e+000,5.168915e-003,0.000000e+000,0,,0,
1523940446.301,,0.000000e+000,3.999836e+001,-2.209446e-004,0.000000e+000,3,9.915610e-001,0.000000e+000,,,,,,,,,,,,,,32,1,4.000000e+000,1.037598e-003,0.000000e+000,0,,0,
1523940458.356,,0.000000e+000,3.999836e+001,-2.210382e-004,0.000000e+000,3,9.915660e-001,0.000000e+000,,,,,,,,,,,,,,32,1,4.000000e+000,1.037598e-003,0.000000e+000,0,,0,
1523940471.404,,0.000000e+000,4.000094e+001,-2.211154e-004,0.000000e+000,3,9.914505e-001,0.000000e+000,,,,,,,,,,,,,,32,1,4.000000e+000,4.119873e-003,0.000000e+000,0,,0,
1523940483.762,,0.000000e+000,4.000042e+001,-2.212082e-004,0.000000e+000,3,9.915664e-001,0.000000e+000,,,,,,,,,,,,,,32,1,4.000000e+000,5.157471e-003,0.000000e+000,0,,0,
1523940495.917,,0.000000e+000,3.999888e+001,-2.213209e-004,0.000000e+000,3,9.915619e-001,0.000000e+000,,,,,,,,,,,,,,32,1,4.000000e+000,0.000000e+000,0.000000e+000,0,,0,
1523940508.070,,0.000000e+000,3.999836e+001,-2.213660e-004,0.000000e+000,3,9.915615e-001,0.000000e+000,,,,,,,,,,,,,,32,1,4.000000e+000,1.037598e-003,0.000000e+000,0,,0,
1523940520.527,,0.000000e+000,3.999836e+001,-2.214346e-004,0.000000e+000,3,9.916300e-001,0.000000e+000,,,,,,,,,,,,,,32,1,4.000000e+000,1.037598e-003,0.000000e+000,0,,0,
1523940532.702,,0.000000e+000,3.999836e+001,-2.215314e-004,0.000000e+000,3,9.915802e-001,0.000000e+000,,,,,,,,,,,,,,32,1,4.000000e+000,3.097534e-003,0.000000e+000,0,,0,
1523940545.378,,0.000000e+000,3.999680e+001,-2.216416e-004,0.000000e+000,3,9.913449e-001,0.000000e+000,,,,,,,,,,,,,,32,1,4.000000e+000,2.071381e-003,0.000000e+000,0,,0,
1523940557.975,,0.000000e+000,4.000042e+001,-2.216827e-004,0.000000e+000,3,9.914991e-001,0.000000e+000,,,,,,,,,,,,,,32,1,4.000000e+000,1.029968e-003,0.000000e+000,0,,0,
1523940571.370,,0.000000e+000,3.999939e+001,-2.217319e-004,0.000000e+000,3,9.915756e-001,0.000000e+000,,,,,,,,,,,,,,32,1,4.000000e+000,3.097534e-003,0.000000e+000,0,,0,
1523940584.321,,0.000000e+000,3.999733e+001,-2.217746e-004,0.000000e+000,3,9.913749e-001,0.000000e+000,,,,,,,,,,,,,,32,1,4.000000e+000,1.029968e-003,0.000000e+000,0,,0,
1523940596.948,,0.000000e+000,3.999938e+001,-2.218585e-004,0.000000e+000,3,9.913939e-001,0.000000e+000,,,,,,,,,,,,,,32,1,4.000000e+000,7.228851e-003,0.000000e+000,0,,0,
1523940609.841,,0.000000e+000,3.999990e+001,-2.219785e-004,0.000000e+000,3,9.914434e-001,0.000000e+000,,,,,,,,,,,,,,32,1,4.000000e+000,4.127502e-003,0.000000e+000,0,,0,
1523940622.506,,0.000000e+000,3.999939e+001,-2.219462e-004,0.000000e+000,3,9.915681e-001,0.000000e+000,,,,,,,,,,,,,,32,1,4.000000e+000,3.097534e-003,0.000000e+000,0,,0,
1523940634.834,,0.000000e+000,3.999888e+001,-2.220585e-004,0.000000e+000,3,9.915295e-001,0.000000e+000,,,,,,,,,,,,,,32,1,4.000000e+000,0.000000e+000,0.000000e+000,0,,0,
1523940647.372,,0.000000e+000,3.999681e+001,-2.222207e-004,0.000000e+000,3,9.913570e-001,0.000000e+000,,,,,,,,,,,,,,32,1,4.000000e+000,4.138947e-003,0.000000e+000,0,,0,
1523940659.979,,0.000000e+000,3.999784e+001,-2.222624e-004,0.000000e+000,3,9.914417e-001,0.000000e+000,,,,,,,,,,,,,,32,1,4.000000e+000,2.067566e-003,0.000000e+000,0,,0,
1523940672.794,,0.000000e+000,3.999784e+001,-2.223681e-004,0.000000e+000,3,9.914939e-001,0.000000e+000,,,,,,,,,,,,,,32,1,4.000000e+000,6.198883e-003,0.000000e+000,0,,0,
1523940686.675,,0.000000e+000,3.999474e+001,-2.223679e-004,0.000000e+000,3,9.912857e-001,0.000000e+000,,,,,,,,,,,,,,32,1,4.000000e+000,0.000000e+000,0.000000e+000,0,,0,
1523940699.265,,0.000000e+000,3.999733e+001,-2.224975e-004,0.000000e+000,3,9.915983e-001,0.000000e+000,,,,,,,,,,,,,,32,1,4.000000e+000,1.029968e-003,0.000000e+000,0,,0,
1523940712.648,,0.000000e+000,3.999939e+001,-2.225413e-004,0.000000e+000,3,9.914982e-001,0.000000e+000,,,,,,,,,,,,,,32,1,4.000000e+000,1.029968e-003,0.000000e+000,0,,0,
1523940724.805,,0.000000e+000,3.999836e+001,-2.226023e-004,0.000000e+000,3,9.914863e-001,0.000000e+000,,,,,,,,,,,,,,32,1,4.000000e+000,1.037598e-003,0.000000e+000,0,,0,
1523940736.963,,0.000000e+000,3.999784e+001,-2.227076e-004,0.000000e+000,3,9.914696e-001,0.000000e+000,,,,,,,,,,,,,,32,1,4.000000e+000,0.000000e+000,0.000000e+000,0,,0,
1523940749.113,,0.000000e+000,3.999784e+001,-2.227723e-004,0.000000e+000,3,9.914274e-001,0.000000e+000,,,,,,,,,,,,,,32,1,4.000000e+000,0.000000e+000,0.000000e+000,0,,0,
1523940761.263,,0.000000e+000,3.999836e+001,-2.228390e-004,0.000000e+000,3,9.915271e-001,0.000000e+000,,,,,,,,,,,,,,32,1,4.000000e+000,1.037598e-003,0.000000e+000,0,,0,
1523940773.708,,0.000000e+000,3.999784e+001,-2.228875e-004,0.000000e+000,3,9.913753e-001,0.000000e+000,,,,,,,,,,,,,,32,1,4.000000e+000,0.000000e+000,0.000000e+000,0,,0,
1523940785.536,,0.000000e+000,3.999784e+001,-2.229493e-004,0.000000e+000,3,9.914774e-001,0.000000e+000,,,,,,,,,,,,,,32,1,4.000000e+000,0.000000e+000,0.000000e+000,0,,0,
1523940798.496,,0.000000e+000,3.999888e+001,-2.230211e-004,0.000000e+000,3,9.915733e-001,0.000000e+000,,,,,,,,,,,,,,32,1,4.000000e+000,0.000000e+000,0.000000e+000,0,,0,
1523940810.989,,0.000000e+000,3.999836e+001,-2.230249e-004,0.000000e+000,3,9.914584e-001,0.000000e+000,,,,,,,,,,,,,,32,1,4.000000e+000,1.037598e-003,0.000000e+000,0,,0,
1523940824.129,,0.000000e+000,3.999629e+001,-2.231015e-004,0.000000e+000,3,9.915336e-001,0.000000e+000,,,,,,,,,,,,,,32,1,4.000000e+000,5.168915e-003,0.000000e+000,0,,0,
1523940837.207,,0.000000e+000,3.999887e+001,-2.231855e-004,0.000000e+000,3,9.914678e-001,0.000000e+000,,,,,,,,,,,,,,32,1,4.000000e+000,2.067566e-003,0.000000e+000,0,,0,
1523940849.694,,0.000000e+000,4.000042e+001,-2.232829e-004,0.000000e+000,3,9.915427e-001,0.000000e+000,,,,,,,,,,,,,,32,1,4.000000e+000,3.089905e-003,0.000000e+000,0,,0,
1523940862.222,,0.000000e+000,3.999836e+001,-2.233195e-004,0.000000e+000,3,9.915588e-001,0.000000e+000,,,,,,,,,,,,,,32,1,4.000000e+000,1.037598e-003,0.000000e+000,0,,0,
1523940874.975,,0.000000e+000,3.999680e+001,-2.234087e-004,0.000000e+000,3,9.913811e-001,0.000000e+000,,,,,,,,,,,,,,32,1,4.000000e+000,2.071381e-003,0.000000e+000,0,,0,
1523940887.595,,0.000000e+000,4.000197e+001,-2.233852e-004,0.000000e+000,3,9.914171e-001,0.000000e+000,,,,,,,,,,,,,,32,1,4.000000e+000,2.059937e-003,0.000000e+000,0,,0,
1523940900.920,,0.000000e+000,3.999577e+001,-2.234950e-004,0.000000e+000,3,9.914490e-001,0.000000e+000,,,,,,,,,,,,,,32,1,4.000000e+000,4.131317e-003,0.000000e+000,0,,0,
1523940913.533,,0.000000e+000,3.999991e+001,-2.234972e-004,0.000000e+000,3,9.913734e-001,0.000000e+000,,,,,,,,,,,,,,32,1,4.000000e+000,2.059937e-003,0.000000e+000,0,,0,
1523940926.186,,0.000000e+000,3.999939e+001,-2.236200e-004,0.000000e+000,3,9.913606e-001,0.000000e+000,,,,,,,,,,,,,,32,1,4.000000e+000,1.029968e-003,0.000000e+000,0,,0,
1523940938.966,,0.000000e+000,3.999836e+001,-2.236813e-004,0.000000e+000,3,9.913859e-001,0.000000e+000,,,,,,,,,,,,,,32,1,4.000000e+000,1.037598e-003,0.000000e+000,0,,0,
1523940952.526,,0.000000e+000,3.999888e+001,-2.237152e-004,0.000000e+000,3,9.915975e-001,0.000000e+000,,,,,,,,,,,,,,32,1,4.000000e+000,0.000000e+000,0.000000e+000,0,,0,
1523940965.014,,0.000000e+000,3.999681e+001,-2.238155e-004,0.000000e+000,3,9.914513e-001,0.000000e+000,,,,,,,,,,,,,,32,1,4.000000e+000,4.138947e-003,0.000000e+000,0,,0,
1523940978.101,,0.000000e+000,3.999836e+001,-2.237996e-004,0.000000e+000,3,9.915765e-001,0.000000e+000,,,,,,,,,,,,,,32,1,4.000000e+000,1.037598e-003,0.000000e+000,0,,0,
1523940991.394,,0.000000e+000,3.999784e+001,-2.238935e-004,0.000000e+000,3,9.915010e-001,0.000000e+000,,,,,,,,,,,,,,32,1,4.000000e+000,0.000000e+000,0.000000e+000,0,,0,
1523941003.787,,0.000000e+000,3.999784e+001,-2.239604e-004,0.000000e+000,3,9.915781e-001,0.000000e+000,,,,,,,,,,,,,,32,1,4.000000e+000,0.000000e+000,0.000000e+000,0,,0,
1523941016.707,,0.000000e+000,3.999836e+001,-2.240254e-004,0.000000e+000,3,9.914741e-001,0.000000e+000,,,,,,,,,,,,,,32,1,4.000000e+000,1.037598e-003,0.000000e+000,0,,0,
1523941029.242,,0.000000e+000,3.999681e+001,-2.240326e-004,0.000000e+000,3,9.913601e-001,0.000000e+000,,,,,,,,,,,,,,32,1,4.000000e+000,0.000000e+000,0.000000e+000,0,,0,
1523941042.505,,0.000000e+000,3.999887e+001,-2.241012e-004,0.000000e+000,3,9.915156e-001,0.000000e+000,,,,,,,,,,,,,,32,1,4.000000e+000,2.067566e-003,0.000000e+000,0,,0,
1523941055.550,,0.000000e+000,3.999888e+001,-2.241681e-004,0.000000e+000,3,9.915157e-001,0.000000e+000,,,,,,,,,,,,,,32,1,4.000000e+000,0.000000e+000,0.000000e+000,0,,0,
1523941069.130,,0.000000e+000,3.999836e+001,-2.242296e-004,0.000000e+000,3,9.914982e-001,0.000000e+000,,,,,,,,,,,,,,32,1,4.000000e+000,1.037598e-003,0.000000e+000,0,,0,
1523941081.283,,0.000000e+000,3.999991e+001,-2.242855e-004,0.000000e+000,3,9.916157e-001,0.000000e+000,,,,,,,,,,,,,,32,1,4.000000e+000,0.000000e+000,0.000000e+000,0,,0,
1523941093.443,,0.000000e+000,3.999732e+001,-2.243586e-004,0.000000e+000,3,9.915762e-001,0.000000e+000,,,,,,,,,,,,,,32,1,4.000000e+000,3.108978e-003,0.000000e+000,0,,0,
1523941105.591,,0.000000e+000,4.000042e+001,-2.243952e-004,0.000000e+000,3,9.917516e-001,0.000000e+000,,,,,,,,,,,,,,32,1,4.000000e+000,1.029968e-003,0.000000e+000,0,,0,
1523941117.641,,0.000000e+000,3.999836e+001,-2.244889e-004,0.000000e+000,3,9.915621e-001,0.000000e+000,,,,,,,,,,,,,,32,1,4.000000e+000,3.097534e-003,0.000000e+000,0,,0,
1523941130.844,,0.000000e+000,3.999887e+001,-2.245282e-004,0.000000e+000,3,9.915470e-001,0.000000e+000,,,,,,,,,,,,,,32,1,4.000000e+000,2.067566e-003,0.000000e+000,0,,0,
1523941143.421,,0.000000e+000,3.999836e+001,-2.245524e-004,0.000000e+000,3,9.914762e-001,0.000000e+000,,,,,,,,,,,,,,32,1,4.000000e+000,1.037598e-003,0.000000e+000,0,,0,
1523941156.354,,0.000000e+000,3.999784e+001,-2.245717e-004,0.000000e+000,3,9.913543e-001,0.000000e+000,,,,,,,,,,,,,,32,1,4.000000e+000,2.067566e-003,0.000000e+000,0,,0,
1523941169.039,,0.000000e+000,3.999887e+001,-2.246626e-004,0.000000e+000,3,9.914696e-001,0.000000e+000,,,,,,,,,,,,,,32,1,4.000000e+000,2.067566e-003,0.000000e+000,0,,0,
1523941182.267,,0.000000e+000,3.999784e+001,-2.246926e-004,0.000000e+000,3,9.916171e-001,0.000000e+000,,,,,,,,,,,,,,32,1,4.000000e+000,0.000000e+000,0.000000e+000,0,,0,
1523941195.392,,0.000000e+000,3.999991e+001,-2.246737e-004,0.000000e+000,3,9.915091e-001,0.000000e+000,,,,,,,,,,,,,,32,1,4.000000e+000,2.059937e-003,0.000000e+000,0,,0,
1523941207.677,,0.000000e+000,3.999887e+001,-2.247835e-004,0.000000e+000,3,9.916810e-001,0.000000e+000,,,,,,,,,,,,,,32,1,4.000000e+000,2.067566e-003,0.000000e+000,0,,0,
1523941220.388,,0.000000e+000,3.999836e+001,-2.248528e-004,0.000000e+000,3,9.915677e-001,0.000000e+000,,,,,,,,,,,,,,32,1,4.000000e+000,1.037598e-003,0.000000e+000,0,,0,
1523941232.548,,0.000000e+000,3.999990e+001,-2.249442e-004,0.000000e+000,3,9.915546e-001,0.000000e+000,,,,,,,,,,,,,,32,1,4.000000e+000,6.187439e-003,0.000000e+000,0,,0,
1523941245.798,,0.000000e+000,3.999784e+001,-2.249079e-004,0.000000e+000,3,9.914405e-001,0.000000e+000,,,,,,,,,,,,,,32,1,4.000000e+000,0.000000e+000,0.000000e+000,0,,0,
1523941258.056,,0.000000e+000,3.999784e+001,-2.249716e-004,0.000000e+000,3,9.914743e-001,0.000000e+000,,,,,,,,,,,,,,32,1,4.000000e+000,0.000000e+000,0.000000e+000,0,,0,
1523941270.978,,0.000000e+000,3.999836e+001,-2.250521e-004,0.000000e+000,3,9.915824e-001,0.000000e+000,,,,,,,,,,,,,,32,1,4.000000e+000,1.037598e-003,0.000000e+000,0,,0,
1523941283.461,,0.000000e+000,3.999732e+001,-2.250738e-004,0.000000e+000,3,9.914278e-001,0.000000e+000,,,,,,,,,,,,,,32,1,4.000000e+000,3.108978e-003,0.000000e+000,0,,0,
1523941296.019,,0.000000e+000,3.999835e+001,-2.250974e-004,0.000000e+000,3,9.914433e-001,0.000000e+000,,,,,,,,,,,,,,32,1,4.000000e+000,5.168915e-003,0.000000e+000,0,,0,
1523941309.914,,0.000000e+000,3.999784e+001,-2.251353e-004,0.000000e+000,3,9.914949e-001,0.000000e+000,,,,,,,,,,,,,,32,1,4.000000e+000,2.067566e-003,0.000000e+000,0,,0,
1523941322.446,,0.000000e+000,3.999888e+001,-2.251706e-004,0.000000e+000,3,9.913931e-001,0.000000e+000,,,,,,,,,,,,,,32,1,4.000000e+000,0.000000e+000,0.000000e+000,0,,0,
1523941335.654,,0.000000e+000,3.999939e+001,-2.252036e-004,0.000000e+000,3,9.916988e-001,0.000000e+000,,,,,,,,,,,,,,32,1,4.000000e+000,1.029968e-003,0.000000e+000,0,,0,
1523941348.157,,0.000000e+000,3.999887e+001,-2.253094e-004,0.000000e+000,3,9.913798e-001,0.000000e+000,,,,,,,,,,,,,,32,1,4.000000e+000,2.067566e-003,0.000000e+000,0,,0,
1523941361.100,,0.000000e+000,3.999733e+001,-2.253947e-004,0.000000e+000,3,9.914630e-001,0.000000e+000,,,,,,,,,,,,,,32,1,4.000000e+000,1.029968e-003,0.000000e+000,0,,0,
1523941373.640,,0.000000e+000,4.000042e+001,-2.253949e-004,0.000000e+000,3,9.914739e-001,0.000000e+000,,,,,,,,,,,,,,32,1,4.000000e+000,1.029968e-003,0.000000e+000,0,,0,
1523941386.732,,0.000000e+000,3.999733e+001,-2.254348e-004,0.000000e+000,3,9.915429e-001,0.000000e+000,,,,,,,,,,,,,,32,1,4.000000e+000,1.029968e-003,0.000000e+000,0,,0,
1523941399.073,,0.000000e+000,3.999939e+001,-2.255026e-004,0.000000e+000,3,9.914951e-001,0.000000e+000,,,,,,,,,,,,,,32,1,4.000000e+000,1.029968e-003,0.000000e+000,0,,0,
1523941412.313,,0.000000e+000,3.999836e+001,-2.255218e-004,0.000000e+000,3,9.915146e-001,0.000000e+000,,,,,,,,,,,,,,32,1,4.000000e+000,3.097534e-003,0.000000e+000,0,,0,
1523941424.635,,0.000000e+000,3.999888e+001,-2.255625e-004,0.000000e+000,3,9.915649e-001,0.000000e+000,,,,,,,,,,,,,,32,1,4.000000e+000,0.000000e+000,0.000000e+000,0,,0,
1523941436.793,,0.000000e+000,3.999888e+001,-2.256149e-004,0.000000e+000,3,9.915215e-001,0.000000e+000,,,,,,,,,,,,,,32,1,4.000000e+000,0.000000e+000,0.000000e+000,0,,0,
1523941449.243,,0.000000e+000,3.999836e+001,-2.256915e-004,0.000000e+000,3,9.916245e-001,0.000000e+000,,,,,,,,,,,,,,32,1,4.000000e+000,1.037598e-003,0.000000e+000,0,,0,
1523941461.989,,0.000000e+000,3.999939e+001,-2.257255e-004,0.000000e+000,3,9.914203e-001,0.000000e+000,,,,,,,,,,,,,,32,1,4.000000e+000,3.097534e-003,0.000000e+000,0,,0,
1523941474.481,,0.000000e+000,3.999991e+001,-2.257400e-004,0.000000e+000,3,9.915657e-001,0.000000e+000,,,,,,,,,,,,,,32,1,4.000000e+000,0.000000e+000,0.000000e+000,0,,0,
1523941488.216,,0.000000e+000,3.999939e+001,-2.257496e-004,0.000000e+000,3,9.915392e-001,0.000000e+000,,,,,,,,,,,,,,32,1,4.000000e+000,1.029968e-003,0.000000e+000,0,,0,
1523941500.954,,0.000000e+000,3.999888e+001,-2.258314e-004,0.000000e+000,3,9.916077e-001,0.000000e+000,,,,,,,,,,,,,,32,1,4.000000e+000,0.000000e+000,0.000000e+000,0,,0,
1523941513.634,,0.000000e+000,3.999888e+001,-2.259241e-004,0.000000e+000,3,9.915017e-001,0.000000e+000,,,,,,,,,,,,,,32,1,4.000000e+000,0.000000e+000,0.000000e+000,0,,0,
1523941526.172,,0.000000e+000,3.999836e+001,-2.259033e-004,0.000000e+000,3,9.915452e-001,0.000000e+000,,,,,,,,,,,,,,32,1,4.000000e+000,1.037598e-003,0.000000e+000,0,,0,
1523941538.777,,0.000000e+000,3.999836e+001,-2.259785e-004,0.000000e+000,3,9.915441e-001,0.000000e+000,,,,,,,,,,,,,,32,1,4.000000e+000,1.037598e-003,0.000000e+000,0,,0,
1523941551.217,,0.000000e+000,3.999991e+001,-2.259866e-004,0.000000e+000,3,9.914895e-001,0.000000e+000,,,,,,,,,,,,,,32,1,4.000000e+000,2.059937e-003,0.000000e+000,0,,0,
1523941564.390,,0.000000e+000,3.999888e+001,-2.260230e-004,0.000000e+000,3,9.915408e-001,0.000000e+000,,,,,,,,,,,,,,32,1,4.000000e+000,0.000000e+000,0.000000e+000,0,,0,
1523941577.440,,0.000000e+000,3.999836e+001,-2.260886e-004,0.000000e+000,3,9.914057e-001,0.000000e+000,,,,,,,,,,,,,,32,1,4.000000e+000,1.037598e-003,0.000000e+000,0,,0,
1523941590.033,,0.000000e+000,3.999990e+001,-2.261080e-004,0.000000e+000,3,9.915149e-001,0.000000e+000,,,,,,,,,,,,,,32,1,4.000000e+000,4.127502e-003,0.000000e+000,0,,0,
1523941603.666,,0.000000e+000,4.000042e+001,-2.261136e-004,0.000000e+000,3,9.915314e-001,0.000000e+000,,,,,,,,,,,,,,32,1,4.000000e+000,5.157471e-003,0.000000e+000,0,,0,
1523941615.908,,0.000000e+000,3.999888e+001,-2.261955e-004,0.000000e+000,3,9.916266e-001,0.000000e+000,,,,,,,,,,,,,,32,1,4.000000e+000,0.000000e+000,0.000000e+000,0,,0,
1523941628.483,,0.000000e+000,3.999888e+001,-2.262414e-004,0.000000e+000,3,9.916247e-001,0.000000e+000,,,,,,,,,,,,,,32,1,4.000000e+000,0.000000e+000,0.000000e+000,0,,0,
1523941641.051,,0.000000e+000,3.999991e+001,-2.262546e-004,0.000000e+000,3,9.914737e-001,0.000000e+000,,,,,,,,,,,,,,32,1,4.000000e+000,2.059937e-003,0.000000e+000,0,,0,
1523941653.571,,0.000000e+000,3.999784e+001,-2.263173e-004,0.000000e+000,3,9.914407e-001,0.000000e+000,,,,,,,,,,,,,,32,1,4.000000e+000,4.138947e-003,0.000000e+000,0,,0,
1523941666.009,,0.000000e+000,3.999784e+001,-2.263582e-004,0.000000e+000,3,9.915112e-001,0.000000e+000,,,,,,,,,,,,,,32,1,4.000000e+000,2.067566e-003,0.000000e+000,0,,0,
1523941679.019,,0.000000e+000,3.999991e+001,-2.264203e-004,0.000000e+000,3,9.914874e-001,0.000000e+000,,,,,,,,,,,,,,32,1,4.000000e+000,0.000000e+000,0.000000e+000,0,,0,
1523941692.417,,0.000000e+000,3.999836e+001,-2.264270e-004,0.000000e+000,3,9.916486e-001,0.000000e+000,,,,,,,,,,,,,,32,1,4.000000e+000,3.097534e-003,0.000000e+000,0,,0,
1523941704.895,,0.000000e+000,3.999991e+001,-2.264505e-004,0.000000e+000,3,9.914922e-001,0.000000e+000,,,,,,,,,,,,,,32,1,4.000000e+000,0.000000e+000,0.000000e+000,0,,0,
1523941718.010,,0.000000e+000,3.999577e+001,-2.264537e-004,0.000000e+000,3,9.915366e-001,0.000000e+000,,,,,,,,,,,,,,32,1,4.000000e+000,2.071381e-003,0.000000e+000,0,,0,
1523941731.520,,0.000000e+000,4.000042e+001,-2.265390e-004,0.000000e+000,3,9.915647e-001,0.000000e+000,,,,,,,,,,,,,,32,1,4.000000e+000,3.089905e-003,0.000000e+000,0,,0,
1523941743.968,,0.000000e+000,3.999991e+001,-2.266041e-004,0.000000e+000,3,9.916847e-001,0.000000e+000,,,,,,,,,,,,,,32,1,4.000000e+000,0.000000e+000,0.000000e+000,0,,0,
1523941756.280,,0.000000e+000,3.999939e+001,-2.266372e-004,0.000000e+000,3,9.916037e-001,0.000000e+000,,,,,,,,,,,,,,32,1,4.000000e+000,1.029968e-003,0.000000e+000,0,,0,
1523941769.298,,0.000000e+000,3.999939e+001,-2.266598e-004,0.000000e+000,3,9.914626e-001,0.000000e+000,,,,,,,,,,,,,,32,1,4.000000e+000,1.029968e-003,0.000000e+000,0,,0,
1523941781.856,,0.000000e+000,3.999991e+001,-2.267141e-004,0.000000e+000,3,9.915348e-001,0.000000e+000,,,,,,,,,,,,,,32,1,4.000000e+000,2.059937e-003,0.000000e+000,0,,0,
1523941795.298,,0.000000e+000,3.999680e+001,-2.267110e-004,0.000000e+000,3,9.915041e-001,0.000000e+000,,,,,,,,,,,,,,32,1,4.000000e+000,2.071381e-003,0.000000e+000,0,,0,
1523941808.274,,0.000000e+000,4.000094e+001,-2.267676e-004,0.000000e+000,3,9.914787e-001,0.000000e+000,,,,,,,,,,,,,,32,1,4.000000e+000,2.059937e-003,0.000000e+000,0,,0,
1523941821.611,,0.000000e+000,4.000042e+001,-2.267948e-004,0.000000e+000,3,9.916115e-001,0.000000e+000,,,,,,,,,,,,,,32,1,4.000000e+000,1.029968e-003,0.000000e+000,0,,0,
1523941833.802,,0.000000e+000,3.999991e+001,-2.268557e-004,0.000000e+000,3,9.915314e-001,0.000000e+000,,,,,,,,,,,,,,32,1,4.000000e+000,2.059937e-003,0.000000e+000,0,,0,
1523941846.292,,0.000000e+000,3.999836e+001,-2.268524e-004,0.000000e+000,3,9.915321e-001,0.000000e+000,,,,,,,,,,,,,,32,1,4.000000e+000,1.037598e-003,0.000000e+000,0,,0,
1523941858.629,,0.000000e+000,3.999784e+001,-2.268989e-004,0.000000e+000,3,9.915395e-001,0.000000e+000,,,,,,,,,,,,,,32,1,4.000000e+000,0.000000e+000,0.000000e+000,0,,0,
1523941871.545,,0.000000e+000,3.999836e+001,-2.269600e-004,0.000000e+000,3,9.916275e-001,0.000000e+000,,,,,,,,,,,,,,32,1,4.000000e+000,1.037598e-003,0.000000e+000,0,,0,
1523941885.260,,0.000000e+000,3.999991e+001,-2.269700e-004,0.000000e+000,3,9.915298e-001,0.000000e+000,,,,,,,,,,,,,,32,1,4.000000e+000,2.059937e-003,0.000000e+000,0,,0,
1523941897.132,,0.000000e+000,3.999784e+001,-2.270304e-004,0.000000e+000,3,9.916018e-001,0.000000e+000,,,,,,,,,,,,,,32,1,4.000000e+000,0.000000e+000,0.000000e+000,0,,0,
1523941909.803,,0.000000e+000,3.999991e+001,-2.270442e-004,0.000000e+000,3,9.915891e-001,0.000000e+000,,,,,,,,,,,,,,32,1,4.000000e+000,2.059937e-003,0.000000e+000,0,,0,
1523941921.925,,0.000000e+000,3.999991e+001,-2.271244e-004,0.000000e+000,3,9.916528e-001,0.000000e+000,,,,,,,,,,,,,,32,1,4.000000e+000,2.059937e-003,0.000000e+000,0,,0,
1523941934.493,,0.000000e+000,3.999732e+001,-2.271435e-004,0.000000e+000,3,9.914773e-001,0.000000e+000,,,,,,,,,,,,,,32,1,4.000000e+000,3.108978e-003,0.000000e+000,0,,0,
1523941947.101,,0.000000e+000,3.999836e+001,-2.271633e-004,0.000000e+000,3,9.913993e-001,0.000000e+000,,,,,,,,,,,,,,32,1,4.000000e+000,1.037598e-003,0.000000e+000,0,,0,
1523941959.708,,0.000000e+000,3.999991e+001,-2.271717e-004,0.000000e+000,3,9.914874e-001,0.000000e+000,,,,,,,,,,,,,,32,1,4.000000e+000,0.000000e+000,0.000000e+000,0,,0,
1523941972.261,,0.000000e+000,3.999887e+001,-2.272660e-004,0.000000e+000,3,9.914529e-001,0.000000e+000,,,,,,,,,,,,,,32,1,4.000000e+000,2.067566e-003,0.000000e+000,0,,0,
1523941985.119,,0.000000e+000,3.999681e+001,-2.272686e-004,0.000000e+000,3,9.915302e-001,0.000000e+000,,,,,,,,,,,,,,32,1,4.000000e+000,0.000000e+000,0.000000e+000,0,,0,
1523941997.919,,0.000000e+000,4.000094e+001,-2.272999e-004,0.000000e+000,3,9.915633e-001,0.000000e+000,,,,,,,,,,,,,,32,1,4.000000e+000,2.059937e-003,0.000000e+000,0,,0,
1523942009.974,,0.000000e+000,3.999939e+001,-2.273144e-004,0.000000e+000,3,9.915702e-001,0.000000e+000,,,,,,,,,,,,,,32,1,4.000000e+000,1.029968e-003,0.000000e+000,0,,0,
1523942023.242,,0.000000e+000,3.999836e+001,-2.273614e-004,0.000000e+000,3,9.915258e-001,0.000000e+000,,,,,,,,,,,,,,32,1,4.000000e+000,3.097534e-003,0.000000e+000,0,,0,
1523942035.399,,0.000000e+000,3.999888e+001,-2.273690e-004,0.000000e+000,3,9.915841e-001,0.000000e+000,,,,,,,,,,,,,,32,1,4.000000e+000,0.000000e+000,0.000000e+000,0,,0,
1523942047.392,,0.000000e+000,3.999836e+001,-2.274290e-004,0.000000e+000,3,9.916435e-001,0.000000e+000,,,,,,,,,,,,,,32,1,4.000000e+000,1.037598e-003,0.000000e+000,0,,0,
1523942060.130,,0.000000e+000,4.000042e+001,-2.274214e-004,0.000000e+000,3,9.913670e-001,0.000000e+000,,,,,,,,,,,,,,32,1,4.000000e+000,3.089905e-003,0.000000e+000,0,,0,
1523942072.710,,0.000000e+000,3.999887e+001,-2.275284e-004,0.000000e+000,3,9.913499e-001,0.000000e+000,,,,,,,,,,,,,,32,1,4.000000e+000,6.198883e-003,0.000000e+000,0,,0,
1523942085.278,,0.000000e+000,3.999991e+001,-2.275046e-004,0.000000e+000,3,9.915226e-001,0.000000e+000,,,,,,,,,,,,,,32,1,4.000000e+000,2.059937e-003,0.000000e+000,0,,0,
1523942097.675,,0.000000e+000,3.999991e+001,-2.275556e-004,0.000000e+000,3,9.915943e-001,0.000000e+000,,,,,,,,,,,,,,32,1,4.000000e+000,2.059937e-003,0.000000e+000,0,,0,
1523942111.221,,0.000000e+000,3.999732e+001,-2.275686e-004,0.000000e+000,3,9.914726e-001,0.000000e+000,,,,,,,,,,,,,,32,1,4.000000e+000,3.108978e-003,0.000000e+000,0,,0,
1523942123.686,,0.000000e+000,3.999888e+001,-2.276275e-004,0.000000e+000,3,9.914968e-001,0.000000e+000,,,,,,,,,,,,,,32,1,4.000000e+000,0.000000e+000,0.000000e+000,0,,0,
1523942136.038,,0.000000e+000,4.000146e+001,-2.276888e-004,0.000000e+000,3,9.915034e-001,0.000000e+000,,,,,,,,,,,,,,32,1,4.000000e+000,5.161285e-003,0.000000e+000,0,,0,
1523942149.174,,0.000000e+000,4.000042e+001,-2.276332e-004,0.000000e+000,3,9.914268e-001,0.000000e+000,,,,,,,,,,,,,,32,1,4.000000e+000,1.029968e-003,0.000000e+000,0,,0,
1523942161.581,,0.000000e+000,3.999939e+001,-2.277103e-004,0.000000e+000,3,9.914664e-001,0.000000e+000,,,,,,,,,,,,,,32,1,4.000000e+000,1.029968e-003,0.000000e+000,0,,0,
1523942173.794,,0.000000e+000,3.999939e+001,-2.277681e-004,0.000000e+000,3,9.912782e-001,0.000000e+000,,,,,,,,,,,,,,32,1,4.000000e+000,1.029968e-003,0.000000e+000,0,,0,
1523942186.819,,0.000000e+000,3.999836e+001,-2.277934e-004,0.000000e+000,3,9.915013e-001,0.000000e+000,,,,,,,,,,,,,,32,1,4.000000e+000,1.037598e-003,0.000000e+000,0,,0,
1523942199.262,,0.000000e+000,3.999629e+001,-2.278191e-004,0.000000e+000,3,9.914997e-001,0.000000e+000,,,,,,,,,,,,,,32,1,4.000000e+000,3.101349e-003,0.000000e+000,0,,0,
1523942211.794,,0.000000e+000,3.999681e+001,-2.278053e-004,0.000000e+000,3,9.914175e-001,0.000000e+000,,,,,,,,,,,,,,32,1,4.000000e+000,4.138947e-003,0.000000e+000,0,,0,
1523942224.665,,0.000000e+000,3.999784e+001,-2.278342e-004,0.000000e+000,3,9.914640e-001,0.000000e+000,,,,,,,,,,,,,,32,1,4.000000e+000,2.067566e-003,0.000000e+000,0,,0,
1523942237.220,,0.000000e+000,3.999991e+001,-2.278727e-004,0.000000e+000,3,9.915993e-001,0.000000e+000,,,,,,,,,,,,,,32,1,4.000000e+000,0.000000e+000,0.000000e+000,0,,0,
1523942249.630,,0.000000e+000,3.999991e+001,-2.279096e-004,0.000000e+000,3,9.915742e-001,0.000000e+000,,,,,,,,,,,,,,32,1,4.000000e+000,0.000000e+000,0.000000e+000,0,,0,
1523942263.143,,0.000000e+000,3.999887e+001,-2.279463e-004,0.000000e+000,3,9.915686e-001,0.000000e+000,,,,,,,,,,,,,,32,1,4.000000e+000,2.067566e-003,0.000000e+000,0,,0,
1523942275.470,,0.000000e+000,4.000042e+001,-2.280189e-004,0.000000e+000,3,9.915600e-001,0.000000e+000,,,,,,,,,,,,,,32,1,4.000000e+000,3.089905e-003,0.000000e+000,0,,0,
1523942288.011,,0.000000e+000,3.999888e+001,-2.280892e-004,0.000000e+000,3,9.914419e-001,0.000000e+000,,,,,,,,,,,,,,32,1,4.000000e+000,0.000000e+000,0.000000e+000,0,,0,
1523942301.068,,0.000000e+000,3.999887e+001,-2.280295e-004,0.000000e+000,3,9.916126e-001,0.000000e+000,,,,,,,,,,,,,,32,1,4.000000e+000,6.198883e-003,0.000000e+000,0,,0,
1523942314.389,,0.000000e+000,3.999991e+001,-2.280836e-004,0.000000e+000,3,9.913933e-001,0.000000e+000,,,,,,,,,,,,,,32,1,4.000000e+000,2.059937e-003,0.000000e+000,0,,0,
1523942326.874,,0.000000e+000,3.999991e+001,-2.281240e-004,0.000000e+000,3,9.914697e-001,0.000000e+000,,,,,,,,,,,,,,32,1,4.000000e+000,0.000000e+000,0.000000e+000,0,,0,
1523942339.261,,0.000000e+000,3.999680e+001,-2.281451e-004,0.000000e+000,3,9.916154e-001,0.000000e+000,,,,,,,,,,,,,,32,1,4.000000e+000,2.071381e-003,0.000000e+000,0,,0,
1523942351.682,,0.000000e+000,3.999836e+001,-2.281999e-004,0.000000e+000,3,9.916241e-001,0.000000e+000,,,,,,,,,,,,,,32,1,4.000000e+000,1.037598e-003,0.000000e+000,0,,0,
1523942364.409,,0.000000e+000,4.000249e+001,-2.281989e-004,0.000000e+000,3,9.914037e-001,0.000000e+000,,,,,,,,,,,,,,32,1,4.000000e+000,9.300232e-003,0.000000e+000,0,,0,
1523942377.417,,0.000000e+000,3.999887e+001,-2.281947e-004,0.000000e+000,3,9.914102e-001,0.000000e+000,,,,,,,,,,,,,,32,1,4.000000e+000,2.067566e-003,0.000000e+000,0,,0,
1523942390.765,,0.000000e+000,3.999577e+001,-2.283006e-004,0.000000e+000,3,9.914619e-001,0.000000e+000,,,,,,,,,,,,,,32,1,4.000000e+000,4.131317e-003,0.000000e+000,0,,0,
1523942402.860,,0.000000e+000,3.999887e+001,-2.283311e-004,0.000000e+000,3,9.916083e-001,0.000000e+000,,,,,,,,,,,,,,32,1,4.000000e+000,1.033020e-002,0.000000e+000,0,,0,
1523942415.548,,0.000000e+000,3.999888e+001,-2.283051e-004,0.000000e+000,3,9.914086e-001,0.000000e+000,,,,,,,,,,,,,,32,1,4.000000e+000,0.000000e+000,0.000000e+000,0,,0,
1523942428.385,,0.000000e+000,3.999888e+001,-2.283286e-004,0.000000e+000,3,9.915218e-001,0.000000e+000,,,,,,,,,,,,,,32,1,4.000000e+000,0.000000e+000,0.000000e+000,0,,0,
1523942440.918,,0.000000e+000,3.999836e+001,-2.283184e-004,0.000000e+000,3,9.915541e-001,0.000000e+000,,,,,,,,,,,,,,32,1,4.000000e+000,1.037598e-003,0.000000e+000,0,,0,
1523942453.346,,0.000000e+000,3.999887e+001,-2.284125e-004,0.000000e+000,3,9.915892e-001,0.000000e+000,,,,,,,,,,,,,,32,1,4.000000e+000,2.067566e-003,0.000000e+000,0,,0,
1523942466.798,,0.000000e+000,3.999991e+001,-2.284261e-004,0.000000e+000,3,9.915560e-001,0.000000e+000,,,,,,,,,,,,,,32,1,4.000000e+000,0.000000e+000,0.000000e+000,0,,0,
1523942479.443,,0.000000e+000,4.000042e+001,-2.284753e-004,0.000000e+000,3,9.915164e-001,0.000000e+000,,,,,,,,,,,,,,32,1,4.000000e+000,1.029968e-003,0.000000e+000,0,,0,
1523942492.154,,0.000000e+000,3.999939e+001,-2.285017e-004,0.000000e+000,3,9.915649e-001,0.000000e+000,,,,,,,,,,,,,,32,1,4.000000e+000,1.029968e-003,0.000000e+000,0,,0,
1523942504.546,,0.000000e+000,3.999991e+001,-2.285703e-004,0.000000e+000,3,9.915559e-001,0.000000e+000,,,,,,,,,,,,,,32,1,4.000000e+000,0.000000e+000,0.000000e+000,0,,0,
1523942517.109,,0.000000e+000,3.999991e+001,-2.285507e-004,0.000000e+000,3,9.914518e-001,0.000000e+000,,,,,,,,,,,,,,32,1,4.000000e+000,0.000000e+000,0.000000e+000,0,,0,
1523942529.402,,0.000000e+000,3.999939e+001,-2.286270e-004,0.000000e+000,3,9.915519e-001,0.000000e+000,,,,,,,,,,,,,,32,1,4.000000e+000,1.029968e-003,0.000000e+000,0,,0,
1523942542.382,,0.000000e+000,3.999939e+001,-2.285876e-004,0.000000e+000,3,9.915953e-001,0.000000e+000,,,,,,,,,,,,,,32,1,4.000000e+000,1.029968e-003,0.000000e+000,0,,0,
1523942555.682,,0.000000e+000,3.999939e+001,-2.286302e-004,0.000000e+000,3,9.915963e-001,0.000000e+000,,,,,,,,,,,,,,32,1,4.000000e+000,3.097534e-003,0.000000e+000,0,,0,
1523942568.337,,0.000000e+000,3.999733e+001,-2.285628e-004,0.000000e+000,3,9.915482e-001,0.000000e+000,,,,,,,,,,,,,,32,1,4.000000e+000,1.029968e-003,0.000000e+000,0,,0,
1523942581.537,,0.000000e+000,3.999939e+001,-2.286658e-004,0.000000e+000,3,9.914083e-001,0.000000e+000,,,,,,,,,,,,,,32,1,4.000000e+000,3.097534e-003,0.000000e+000,0,,0,
1523942594.633,,0.000000e+000,4.000146e+001,-2.287217e-004,0.000000e+000,3,9.915511e-001,0.000000e+000,,,,,,,,,,,,,,32,1,4.000000e+000,5.161285e-003,0.000000e+000,0,,0,
1523942607.130,,0.000000e+000,3.999888e+001,-2.287681e-004,0.000000e+000,3,9.916613e-001,0.000000e+000,,,,,,,,,,,,,,32,1,4.000000e+000,0.000000e+000,0.000000e+000,0,,0,
1523942619.476,,0.000000e+000,3.999991e+001,-2.287666e-004,0.000000e+000,3,9.915794e-001,0.000000e+000,,,,,,,,,,,,,,32,1,4.000000e+000,2.059937e-003,0.000000e+000,0,,0,
1523942632.726,,0.000000e+000,3.999887e+001,-2.287979e-004,0.000000e+000,3,9.915163e-001,0.000000e+000,,,,,,,,,,,,,,32,1,4.000000e+000,2.067566e-003,0.000000e+000,0,,0,
1523942645.813,,0.000000e+000,3.999991e+001,-2.288210e-004,0.000000e+000,3,9.915773e-001,0.000000e+000,,,,,,,,,,,,,,32,1,4.000000e+000,0.000000e+000,0.000000e+000,0,,0,
1523942658.899,,0.000000e+000,3.999784e+001,-2.288348e-004,0.000000e+000,3,9.914251e-001,0.000000e+000,,,,,,,,,,,,,,32,1,4.000000e+000,2.067566e-003,0.000000e+000,0,,0,
1523942671.411,,0.000000e+000,3.999991e+001,-2.288693e-004,0.000000e+000,3,9.915895e-001,0.000000e+000,,,,,,,,,,,,,,32,1,4.000000e+000,0.000000e+000,0.000000e+000,0,,0,
1523942683.866,,0.000000e+000,3.999836e+001,-2.289191e-004,0.000000e+000,3,9.914392e-001,0.000000e+000,,,,,,,,,,,,,,32,1,4.000000e+000,1.037598e-003,0.000000e+000,0,,0,
1523942696.954,,0.000000e+000,4.000198e+001,-2.289557e-004,0.000000e+000,3,9.915450e-001,0.000000e+000,,,,,,,,,,,,,,32,1,4.000000e+000,6.191254e-003,0.000000e+000,0,,0,
1523942710.057,,0.000000e+000,3.999888e+001,-2.289682e-004,0.000000e+000,3,9.915248e-001,0.000000e+000,,,,,,,,,,,,,,32,1,4.000000e+000,0.000000e+000,0.000000e+000,0,,0,
1523942722.767,,0.000000e+000,4.000094e+001,-2.289565e-004,0.000000e+000,3,9.913982e-001,0.000000e+000,,,,,,,,,,,,,,32,1,4.000000e+000,2.059937e-003,0.000000e+000,0,,0,
1523942735.392,,0.000000e+000,3.999888e+001,-2.290032e-004,0.000000e+000,3,9.914363e-001,0.000000e+000,,,,,,,,,,,,,,32,1,4.000000e+000,0.000000e+000,0.000000e+000,0,,0,
1523942748.195,,0.000000e+000,3.999784e+001,-2.290178e-004,0.000000e+000,3,9.915409e-001,0.000000e+000,,,,,,,,,,,,,,32,1,4.000000e+000,2.067566e-003,0.000000e+000,0,,0,
1523942760.740,,0.000000e+000,3.999732e+001,-2.290502e-004,0.000000e+000,3,9.914016e-001,0.000000e+000,,,,,,,,,,,,,,32,1,4.000000e+000,3.108978e-003,0.000000e+000,0,,0,
1523942773.418,,0.000000e+000,3.999836e+001,-2.291141e-004,0.000000e+000,3,9.915694e-001,0.000000e+000,,,,,,,,,,,,,,32,1,4.000000e+000,1.037598e-003,0.000000e+000,0,,0,
1523942786.018,,0.000000e+000,3.999939e+001,-2.291238e-004,0.000000e+000,3,9.914550e-001,0.000000e+000,,,,,,,,,,,,,,32,1,4.000000e+000,5.157471e-003,0.000000e+000,0,,0,
1523942798.463,,0.000000e+000,4.000042e+001,-2.291661e-004,0.000000e+000,3,9.916493e-001,0.000000e+000,,,,,,,,,,,,,,32,1,4.000000e+000,3.089905e-003,0.000000e+000,0,,0,
1523942811.051,,0.000000e+000,3.999939e+001,-2.291773e-004,0.000000e+000,3,9.915439e-001,0.000000e+000,,,,,,,,,,,,,,32,1,4.000000e+000,1.029968e-003,0.000000e+000,0,,0,
1523942823.566,,0.000000e+000,3.999681e+001,-2.292152e-004,0.000000e+000,3,9.914459e-001,0.000000e+000,,,,,,,,,,,,,,32,1,4.000000e+000,0.000000e+000,0.000000e+000,0,,0,
1523942836.414,,0.000000e+000,3.999887e+001,-2.291881e-004,0.000000e+000,3,9.914511e-001,0.000000e+000,,,,,,,,,,,,,,32,1,4.000000e+000,2.067566e-003,0.000000e+000,0,,0,
1523942848.814,,0.000000e+000,3.999836e+001,-2.292123e-004,0.000000e+000,3,9.914942e-001,0.000000e+000,,,,,,,,,,,,,,32,1,4.000000e+000,1.037598e-003,0.000000e+000,0,,0,
1523942861.374,,0.000000e+000,3.999991e+001,-2.292391e-004,0.000000e+000,3,9.916028e-001,0.000000e+000,,,,,,,,,,,,,,32,1,4.000000e+000,2.059937e-003,0.000000e+000,0,,0,
1523942873.864,,0.000000e+000,3.999939e+001,-2.292625e-004,0.000000e+000,3,9.914757e-001,0.000000e+000,,,,,,,,,,,,,,32,1,4.000000e+000,3.097534e-003,0.000000e+000,0,,0,
1523942887.352,,0.000000e+000,3.999887e+001,-2.293048e-004,0.000000e+000,3,9.915325e-001,0.000000e+000,,,,,,,,,,,,,,32,1,4.000000e+000,2.067566e-003,0.000000e+000,0,,0,
1523942899.505,,0.000000e+000,4.000042e+001,-2.293595e-004,0.000000e+000,3,9.915682e-001,0.000000e+000,,,,,,,,,,,,,,32,1,4.000000e+000,3.089905e-003,0.000000e+000,0,,0,
1523942911.510,,0.000000e+000,3.999990e+001,-2.294262e-004,0.000000e+000,3,9.916957e-001,0.000000e+000,,,,,,,,,,,,,,32,1,4.000000e+000,4.127502e-003,0.000000e+000,0,,0,
1523942924.320,,0.000000e+000,3.999939e+001,-2.293674e-004,0.000000e+000,3,9.915010e-001,0.000000e+000,,,,,,,,,,,,,,32,1,4.000000e+000,3.097534e-003,0.000000e+000,0,,0,
1523942937.305,,0.000000e+000,4.000042e+001,-2.293705e-004,0.000000e+000,3,9.915686e-001,0.000000e+000,,,,,,,,,,,,,,32,1,4.000000e+000,3.089905e-003,0.000000e+000,0,,0,
1523942950.958,,0.000000e+000,3.999784e+001,-2.294105e-004,0.000000e+000,3,9.915845e-001,0.000000e+000,,,,,,,,,,,,,,32,1,4.000000e+000,2.067566e-003,0.000000e+000,0,,0,
1523942963.336,,0.000000e+000,3.999784e+001,-2.294507e-004,0.000000e+000,3,9.916030e-001,0.000000e+000,,,,,,,,,,,,,,32,1,4.000000e+000,0.000000e+000,0.000000e+000,0,,0,
1523942975.491,,0.000000e+000,3.999784e+001,-2.295082e-004,0.000000e+000,3,9.915034e-001,0.000000e+000,,,,,,,,,,,,,,32,1,4.000000e+000,0.000000e+000,0.000000e+000,0,,0,
1523942987.646,,0.000000e+000,3.999836e+001,-2.295629e-004,0.000000e+000,3,9.915906e-001,0.000000e+000,,,,,,,,,,,,,,32,1,4.000000e+000,1.037598e-003,0.000000e+000,0,,0,
1523942999.806,,0.000000e+000,3.999887e+001,-2.295629e-004,0.000000e+000,3,9.915143e-001,0.000000e+000,,,,,,,,,,,,,,32,1,4.000000e+000,2.067566e-003,0.000000e+000,0,,0,
1523943012.319,,0.000000e+000,3.999836e+001,-2.295816e-004,0.000000e+000,3,9.914774e-001,0.000000e+000,,,,,,,,,,,,,,32,1,4.000000e+000,1.037598e-003,0.000000e+000,0,,0,
1523943024.996,,0.000000e+000,3.999939e+001,-2.295978e-004,0.000000e+000,3,9.915354e-001,0.000000e+000,,,,,,,,,,,,,,32,1,4.000000e+000,1.029968e-003,0.000000e+000,0,,0,
1523943037.292,,0.000000e+000,3.999836e+001,-2.296008e-004,0.000000e+000,3,9.915036e-001,0.000000e+000,,,,,,,,,,,,,,32,1,4.000000e+000,1.037598e-003,0.000000e+000,0,,0,
1523943050.204,,0.000000e+000,3.999888e+001,-2.296202e-004,0.000000e+000,3,9.914460e-001,0.000000e+000,,,,,,,,,,,,,,32,1,4.000000e+000,0.000000e+000,0.000000e+000,0,,0,
1523943063.897,,0.000000e+000,3.999888e+001,-2.295848e-004,0.000000e+000,3,9.914953e-001,0.000000e+000,,,,,,,,,,,,,,32,1,4.000000e+000,0.000000e+000,0.000000e+000,0,,0,
1523943076.515,,0.000000e+000,3.999888e+001,-2.296840e-004,0.000000e+000,3,9.914318e-001,0.000000e+000,,,,,,,,,,,,,,32,1,4.000000e+000,0.000000e+000,0.000000e+000,0,,0,
1523943089.315,,0.000000e+000,4.000042e+001,-2.296728e-004,0.000000e+000,3,9.914034e-001,0.000000e+000,,,,,,,,,,,,,,32,1,4.000000e+000,1.029968e-003,0.000000e+000,0,,0,
1523943101.933,,0.000000e+000,4.000248e+001,-2.297185e-004,0.000000e+000,3,9.914856e-001,0.000000e+000,,,,,,,,,,,,,,32,1,4.000000e+000,1.029968e-003,0.000000e+000,0,,0,
1523943115.210,,0.000000e+000,3.999991e+001,-2.297604e-004,0.000000e+000,3,9.914886e-001,0.000000e+000,,,,,,,,,,,,,,32,1,4.000000e+000,0.000000e+000,0.000000e+000,0,,0,
1523943127.753,,0.000000e+000,3.999784e+001,-2.297791e-004,0.000000e+000,3,9.913973e-001,0.000000e+000,,,,,,,,,,,,,,32,1,4.000000e+000,2.067566e-003,0.000000e+000,0,,0,
1523943140.616,,0.000000e+000,3.999888e+001,-2.297730e-004,0.000000e+000,3,9.915869e-001,0.000000e+000,,,,,,,,,,,,,,32,1,4.000000e+000,0.000000e+000,0.000000e+000,0,,0,
1523943153.171,,0.000000e+000,3.999836e+001,-2.297983e-004,0.000000e+000,3,9.915527e-001,0.000000e+000,,,,,,,,,,,,,,32,1,4.000000e+000,1.037598e-003,0.000000e+000,0,,0,
1523943165.471,,0.000000e+000,3.999939e+001,-2.298548e-004,0.000000e+000,3,9.915863e-001,0.000000e+000,,,,,,,,,,,,,,32,1,4.000000e+000,3.097534e-003,0.000000e+000,0,,0,
1523943178.971,,0.000000e+000,4.000249e+001,-2.298811e-004,0.000000e+000,3,9.914934e-001,0.000000e+000,,,,,,,,,,,,,,32,1,4.000000e+000,3.101349e-003,0.000000e+000,0,,0,
1523943190.814,,0.000000e+000,3.999939e+001,-2.299121e-004,0.000000e+000,3,9.915078e-001,0.000000e+000,,,,,,,,,,,,,,32,1,4.000000e+000,1.029968e-003,0.000000e+000,0,,0,
1523943203.734,,0.000000e+000,3.999887e+001,-2.299258e-004,0.000000e+000,3,9.915913e-001,0.000000e+000,,,,,,,,,,,,,,32,1,4.000000e+000,2.067566e-003,0.000000e+000,0,,0,
1523943216.139,,0.000000e+000,3.999939e+001,-2.299396e-004,0.000000e+000,3,9.914614e-001,0.000000e+000,,,,,,,,,,,,,,32,1,4.000000e+000,3.097534e-003,0.000000e+000,0,,0,
1523943229.084,,0.000000e+000,3.999784e+001,-2.299414e-004,0.000000e+000,3,9.914631e-001,0.000000e+000,,,,,,,,,,,,,,32,1,4.000000e+000,0.000000e+000,0.000000e+000,0,,0,
1523943242.745,,0.000000e+000,3.999939e+001,-2.299527e-004,0.000000e+000,3,9.914867e-001,0.000000e+000,,,,,,,,,,,,,,32,1,4.000000e+000,1.029968e-003,0.000000e+000,0,,0,
1523943255.165,,0.000000e+000,3.999888e+001,-2.300160e-004,0.000000e+000,3,9.915813e-001,0.000000e+000,,,,,,,,,,,,,,32,1,4.000000e+000,0.000000e+000,0.000000e+000,0,,0,
1523943267.328,,0.000000e+000,3.999991e+001,-2.300112e-004,0.000000e+000,3,9.915717e-001,0.000000e+000,,,,,,,,,,,,,,32,1,4.000000e+000,0.000000e+000,0.000000e+000,0,,0,
1523943279.495,,0.000000e+000,3.999784e+001,-2.300740e-004,0.000000e+000,3,9.916524e-001,0.000000e+000,,,,,,,,,,,,,,32,1,4.000000e+000,0.000000e+000,0.000000e+000,0,,0,
1523943291.643,,0.000000e+000,3.999991e+001,-2.300690e-004,0.000000e+000,3,9.915577e-001,0.000000e+000,,,,,,,,,,,,,,32,1,4.000000e+000,2.059937e-003,0.000000e+000,0,,0,
1523943304.316,,0.000000e+000,3.999836e+001,-2.301255e-004,0.000000e+000,3,9.915499e-001,0.000000e+000,,,,,,,,,,,,,,32,1,4.000000e+000,1.037598e-003,0.000000e+000,0,,0,
1523943316.768,,0.000000e+000,3.999835e+001,-2.301314e-004,0.000000e+000,3,9.915767e-001,0.000000e+000,,,,,,,,,,,,,,32,1,4.000000e+000,5.168915e-003,0.000000e+000,0,,0,
1523943328.618,,0.000000e+000,3.999991e+001,-2.301378e-004,0.000000e+000,3,9.915292e-001,0.000000e+000,,,,,,,,,,,,,,32,1,4.000000e+000,2.059937e-003,0.000000e+000,0,,0,
1523943341.289,,0.000000e+000,3.999836e+001,-2.301659e-004,0.000000e+000,3,9.916387e-001,0.000000e+000,,,,,,,,,,,,,,32,1,4.000000e+000,1.037598e-003,0.000000e+000,0,,0,
1523943353.684,,0.000000e+000,4.000094e+001,-2.301905e-004,0.000000e+000,3,9.915783e-001,0.000000e+000,,,,,,,,,,,,,,32,1,4.000000e+000,2.059937e-003,0.000000e+000,0,,0,
1523943366.179,,0.000000e+000,3.999836e+001,-2.302481e-004,0.000000e+000,3,9.914650e-001,0.000000e+000,,,,,,,,,,,,,,32,1,4.000000e+000,3.097534e-003,0.000000e+000,0,,0,
1523943378.754,,0.000000e+000,3.999836e+001,-2.301876e-004,0.000000e+000,3,9.914140e-001,0.000000e+000,,,,,,,,,,,,,,32,1,4.000000e+000,1.037598e-003,0.000000e+000,0,,0,
1523943391.687,,0.000000e+000,3.999939e+001,-2.302260e-004,0.000000e+000,3,9.915538e-001,0.000000e+000,,,,,,,,,,,,,,32,1,4.000000e+000,1.029968e-003,0.000000e+000,0,,0,
1523943404.077,,0.000000e+000,3.999888e+001,-2.302689e-004,0.000000e+000,3,9.915572e-001,0.000000e+000,,,,,,,,,,,,,,32,1,4.000000e+000,0.000000e+000,0.000000e+000,0,,0,
1523943417.565,,0.000000e+000,3.999836e+001,-2.302951e-004,0.000000e+000,3,9.917157e-001,0.000000e+000,,,,,,,,,,,,,,32,1,4.000000e+000,1.037598e-003,0.000000e+000,0,,0,
1523943429.405,,0.000000e+000,3.999836e+001,-2.303133e-004,0.000000e+000,3,9.916089e-001,0.000000e+000,,,,,,,,,,,,,,32,1,4.000000e+000,1.037598e-003,0.000000e+000,0,,0,
1523943442.373,,0.000000e+000,3.999939e+001,-2.303217e-004,0.000000e+000,3,9.915613e-001,0.000000e+000,,,,,,,,,,,,,,32,1,4.000000e+000,1.029968e-003,0.000000e+000,0,,0,
1523943454.650,,0.000000e+000,3.999939e+001,-2.303792e-004,0.000000e+000,3,9.915651e-001,0.000000e+000,,,,,,,,,,,,,,32,1,4.000000e+000,3.097534e-003,0.000000e+000,0,,0,
1523943466.950,,0.000000e+000,3.999836e+001,-2.303559e-004,0.000000e+000,3,9.915910e-001,0.000000e+000,,,,,,,,,,,,,,32,1,4.000000e+000,1.037598e-003,0.000000e+000,0,,0,
1523943479.213,,0.000000e+000,3.999887e+001,-2.304149e-004,0.000000e+000,3,9.915820e-001,0.000000e+000,,,,,,,,,,,,,,32,1,4.000000e+000,2.067566e-003,0.000000e+000,0,,0,
1523943491.996,,0.000000e+000,3.999888e+001,-2.304284e-004,0.000000e+000,3,9.915808e-001,0.000000e+000,,,,,,,,,,,,,,32,1,4.000000e+000,0.000000e+000,0.000000e+000,0,,0,
1523943504.603,,0.000000e+000,3.999836e+001,-2.304342e-004,0.000000e+000,3,9.915218e-001,0.000000e+000,,,,,,,,,,,,,,32,1,4.000000e+000,1.037598e-003,0.000000e+000,0,,0,
1523943518.316,,0.000000e+000,3.999784e+001,-2.304789e-004,0.000000e+000,3,9.915776e-001,0.000000e+000,,,,,,,,,,,,,,32,1,4.000000e+000,0.000000e+000,0.000000e+000,0,,0,
1523943530.566,,0.000000e+000,4.000094e+001,-2.304815e-004,0.000000e+000,3,9.914889e-001,0.000000e+000,,,,,,,,,,,,,,32,1,4.000000e+000,4.119873e-003,0.000000e+000,0,,0,
1523943542.924,,0.000000e+000,4.000094e+001,-2.305022e-004,0.000000e+000,3,9.915652e-001,0.000000e+000,,,,,,,,,,,,,,32,1,4.000000e+000,4.119873e-003,0.000000e+000,0,,0,
1523943555.102,,0.000000e+000,3.999939e+001,-2.305539e-004,0.000000e+000,3,9.917102e-001,0.000000e+000,,,,,,,,,,,,,,32,1,4.000000e+000,1.029968e-003,0.000000e+000,0,,0,
1523943567.127,,0.000000e+000,3.999887e+001,-2.305770e-004,0.000000e+000,3,9.915677e-001,0.000000e+000,,,,,,,,,,,,,,32,1,4.000000e+000,2.067566e-003,0.000000e+000,0,,0,
1523943580.245,,0.000000e+000,3.999939e+001,-2.305690e-004,0.000000e+000,3,9.914803e-001,0.000000e+000,,,,,,,,,,,,,,32,1,4.000000e+000,3.097534e-003,0.000000e+000,0,,0,
1523943592.587,,0.000000e+000,4.000042e+001,-2.306132e-004,0.000000e+000,3,9.914382e-001,0.000000e+000,,,,,,,,,,,,,,32,1,4.000000e+000,1.029968e-003,0.000000e+000,0,,0,
1523943604.747,,0.000000e+000,4.000094e+001,-2.306040e-004,0.000000e+000,3,9.915153e-001,0.000000e+000,,,,,,,,,,,,,,32,1,4.000000e+000,4.119873e-003,0.000000e+000,0,,0,
1523943616.908,,0.000000e+000,3.999939e+001,-2.306488e-004,0.000000e+000,3,9.916326e-001,0.000000e+000,,,,,,,,,,,,,,32,1,4.000000e+000,1.029968e-003,0.000000e+000,0,,0,
1523943628.898,,0.000000e+000,3.999888e+001,-2.306741e-004,0.000000e+000,3,9.917301e-001,0.000000e+000,,,,,,,,,,,,,,32,1,4.000000e+000,0.000000e+000,0.000000e+000,0,,0,
1523943642.030,,0.000000e+000,3.999733e+001,-2.306841e-004,0.000000e+000,3,9.914005e-001,0.000000e+000,,,,,,,,,,,,,,32,1,4.000000e+000,1.029968e-003,0.000000e+000,0,,0,
1523943654.751,,0.000000e+000,3.999887e+001,-2.306761e-004,0.000000e+000,3,9.914602e-001,0.000000e+000,,,,,,,,,,,,,,32,1,4.000000e+000,2.067566e-003,0.000000e+000,0,,0,
1523943667.413,,0.000000e+000,3.999939e+001,-2.306856e-004,0.000000e+000,3,9.915314e-001,0.000000e+000,,,,,,,,,,,,,,32,1,4.000000e+000,1.029968e-003,0.000000e+000,0,,0,
1523943680.314,,0.000000e+000,3.999939e+001,-2.307303e-004,0.000000e+000,3,9.913248e-001,0.000000e+000,,,,,,,,,,,,,,32,1,4.000000e+000,3.097534e-003,0.000000e+000,0,,0,
1523943692.514,,0.000000e+000,3.999836e+001,-2.307715e-004,0.000000e+000,3,9.914256e-001,0.000000e+000,,,,,,,,,,,,,,32,1,4.000000e+000,1.037598e-003,0.000000e+000,0,,0,
1523943705.006,,0.000000e+000,3.999939e+001,-2.308000e-004,0.000000e+000,3,9.915086e-001,0.000000e+000,,,,,,,,,,,,,,32,1,4.000000e+000,1.029968e-003,0.000000e+000,0,,0,
1523943718.552,,0.000000e+000,4.000042e+001,-2.307573e-004,0.000000e+000,3,9.915600e-001,0.000000e+000,,,,,,,,,,,,,,32,1,4.000000e+000,1.029968e-003,0.000000e+000,0,,0,
1523943731.109,,0.000000e+000,3.999888e+001,-2.308516e-004,0.000000e+000,3,9.914738e-001,0.000000e+000,,,,,,,,,,,,,,32,1,4.000000e+000,0.000000e+000,0.000000e+000,0,,0,
1523943743.877,,0.000000e+000,3.999784e+001,-2.308261e-004,0.000000e+000,3,9.914174e-001,0.000000e+000,,,,,,,,,,,,,,32,1,4.000000e+000,2.067566e-003,0.000000e+000,0,,0,
1523943756.495,,0.000000e+000,3.999784e+001,-2.308419e-004,0.000000e+000,3,9.915699e-001,0.000000e+000,,,,,,,,,,,,,,32,1,4.000000e+000,2.067566e-003,0.000000e+000,0,,0,
1523943769.907,,0.000000e+000,3.999939e+001,-2.308588e-004,0.000000e+000,3,9.915524e-001,0.000000e+000,,,,,,,,,,,,,,32,1,4.000000e+000,1.029968e-003,0.000000e+000,0,,0,
1523943782.810,,0.000000e+000,3.999887e+001,-2.308725e-004,0.000000e+000,3,9.913422e-001,0.000000e+000,,,,,,,,,,,,,,32,1,4.000000e+000,2.067566e-003,0.000000e+000,0,,0,
1523943795.450,,0.000000e+000,3.999939e+001,-2.308818e-004,0.000000e+000,3,9.914900e-001,0.000000e+000,,,,,,,,,,,,,,32,1,4.000000e+000,1.029968e-003,0.000000e+000,0,,0,
1523943808.903,,0.000000e+000,3.999939e+001,-2.309216e-004,0.000000e+000,3,9.916265e-001,0.000000e+000,,,,,,,,,,,,,,32,1,4.000000e+000,1.029968e-003,0.000000e+000,0,,0,
1523943821.423,,0.000000e+000,3.999939e+001,-2.309867e-004,0.000000e+000,3,9.914293e-001,0.000000e+000,,,,,,,,,,,,,,32,1,4.000000e+000,1.029968e-003,0.000000e+000,0,,0,
1523943834.018,,0.000000e+000,3.999888e+001,-2.309975e-004,0.000000e+000,3,9.913886e-001,0.000000e+000,,,,,,,,,,,,,,32,1,4.000000e+000,0.000000e+000,0.000000e+000,0,,0,
1523943847.716,,0.000000e+000,3.999526e+001,-2.309363e-004,0.000000e+000,3,9.915112e-001,0.000000e+000,,,,,,,,,,,,,,32,1,4.000000e+000,7.240295e-003,0.000000e+000,0,,0,
1523943860.054,,0.000000e+000,3.999784e+001,-2.309843e-004,0.000000e+000,3,9.916447e-001,0.000000e+000,,,,,,,,,,,,,,32,1,4.000000e+000,2.067566e-003,0.000000e+000,0,,0,
1523943872.346,,0.000000e+000,3.999939e+001,-2.310635e-004,0.000000e+000,3,9.916088e-001,0.000000e+000,,,,,,,,,,,,,,32,1,4.000000e+000,1.029968e-003,0.000000e+000,0,,0,
1523943885.249,,0.000000e+000,3.999732e+001,-2.310715e-004,0.000000e+000,3,9.915321e-001,0.000000e+000,,,,,,,,,,,,,,32,1,4.000000e+000,3.108978e-003,0.000000e+000,0,,0,
1523943898.259,,0.000000e+000,3.999887e+001,-2.310415e-004,0.000000e+000,3,9.915043e-001,0.000000e+000,,,,,,,,,,,,,,32,1,4.000000e+000,2.067566e-003,0.000000e+000,0,,0,
1523943911.754,,0.000000e+000,4.000094e+001,-2.311095e-004,0.000000e+000,3,9.915707e-001,0.000000e+000,,,,,,,,,,,,,,32,1,4.000000e+000,4.119873e-003,0.000000e+000,0,,0,
1523943923.915,,0.000000e+000,3.999888e+001,-2.311360e-004,0.000000e+000,3,9.916262e-001,0.000000e+000,,,,,,,,,,,,,,32,1,4.000000e+000,0.000000e+000,0.000000e+000,0,,0,
1523943936.385,,0.000000e+000,3.999888e+001,-2.311531e-004,0.000000e+000,3,9.916812e-001,0.000000e+000,,,,,,,,,,,,,,32,1,4.000000e+000,0.000000e+000,0.000000e+000,0,,0,
1523943948.628,,0.000000e+000,3.999991e+001,-2.311697e-004,0.000000e+000,3,9.916577e-001,0.000000e+000,,,,,,,,,,,,,,32,1,4.000000e+000,2.059937e-003,0.000000e+000,0,,0,
1523943961.668,,0.000000e+000,3.999888e+001,-2.311755e-004,0.000000e+000,3,9.915539e-001,0.000000e+000,,,,,,,,,,,,,,32,1,4.000000e+000,0.000000e+000,0.000000e+000,0,,0,
1523943974.210,,0.000000e+000,3.999887e+001,-2.312114e-004,0.000000e+000,3,9.915311e-001,0.000000e+000,,,,,,,,,,,,,,32,1,4.000000e+000,2.067566e-003,0.000000e+000,0,,0,
1523943987.606,,0.000000e+000,3.999991e+001,-2.311986e-004,0.000000e+000,3,9.914114e-001,0.000000e+000,,,,,,,,,,,,,,32,1,4.000000e+000,0.000000e+000,0.000000e+000,0,,0,
1523944000.311,,0.000000e+000,3.999732e+001,-2.312181e-004,0.000000e+000,3,9.914026e-001,0.000000e+000,,,,,,,,,,,,,,32,1,4.000000e+000,3.108978e-003,0.000000e+000,0,,0,
1523944012.896,,0.000000e+000,3.999784e+001,-2.312412e-004,0.000000e+000,3,9.914902e-001,0.000000e+000,,,,,,,,,,,,,,32,1,4.000000e+000,2.067566e-003,0.000000e+000,0,,0,
1523944025.314,,0.000000e+000,3.999888e+001,-2.312387e-004,0.000000e+000,3,9.915159e-001,0.000000e+000,,,,,,,,,,,,,,32,1,4.000000e+000,0.000000e+000,0.000000e+000,0,,0,
1523944037.449,,0.000000e+000,3.999836e+001,-2.312903e-004,0.000000e+000,3,9.915867e-001,0.000000e+000,,,,,,,,,,,,,,32,1,4.000000e+000,1.037598e-003,0.000000e+000,0,,0,
1523944050.586,,0.000000e+000,3.999680e+001,-2.312569e-004,0.000000e+000,3,9.914843e-001,0.000000e+000,,,,,,,,,,,,,,32,1,4.000000e+000,2.071381e-003,0.000000e+000,0,,0,
1523944063.122,,0.000000e+000,4.000042e+001,-2.312887e-004,0.000000e+000,3,9.914130e-001,0.000000e+000,,,,,,,,,,,,,,32,1,4.000000e+000,3.089905e-003,0.000000e+000,0,,0,
1523944075.829,,0.000000e+000,4.000094e+001,-2.312945e-004,0.000000e+000,3,9.915128e-001,0.000000e+000,,,,,,,,,,,,,,32,1,4.000000e+000,2.059937e-003,0.000000e+000,0,,0,
1523944088.095,,0.000000e+000,3.999991e+001,-2.313231e-004,0.000000e+000,3,9.914879e-001,0.000000e+000,,,,,,,,,,,,,,32,1,4.000000e+000,0.000000e+000,0.000000e+000,0,,0,
1523944100.250,,0.000000e+000,3.999888e+001,-2.313490e-004,0.000000e+000,3,9.914820e-001,0.000000e+000,,,,,,,,,,,,,,32,1,4.000000e+000,0.000000e+000,0.000000e+000,0,,0,
1523944112.435,,0.000000e+000,3.999991e+001,-2.314241e-004,0.000000e+000,3,9.915375e-001,0.000000e+000,,,,,,,,,,,,,,32,1,4.000000e+000,2.059937e-003,0.000000e+000,0,,0,
1523944125.580,,0.000000e+000,3.999991e+001,-2.314181e-004,0.000000e+000,3,9.916208e-001,0.000000e+000,,,,,,,,,,,,,,32,1,4.000000e+000,2.059937e-003,0.000000e+000,0,,0,
1523944137.630,,0.000000e+000,4.000042e+001,-2.314426e-004,0.000000e+000,3,9.915128e-001,0.000000e+000,,,,,,,,,,,,,,32,1,4.000000e+000,1.029968e-003,0.000000e+000,0,,0,
1523944150.668,,0.000000e+000,3.999836e+001,-2.314551e-004,0.000000e+000,3,9.916017e-001,0.000000e+000,,,,,,,,,,,,,,32,1,4.000000e+000,1.037598e-003,0.000000e+000,0,,0,
1523944163.053,,0.000000e+000,3.999887e+001,-2.314598e-004,0.000000e+000,3,9.916474e-001,0.000000e+000,,,,,,,,,,,,,,32,1,4.000000e+000,2.067566e-003,0.000000e+000,0,,0,
1523944175.231,,0.000000e+000,3.999836e+001,-2.315014e-004,0.000000e+000,3,9.916105e-001,0.000000e+000,,,,,,,,,,,,,,32,1,4.000000e+000,3.097534e-003,0.000000e+000,0,,0,
1523944187.396,,0.000000e+000,3.999939e+001,-2.315318e-004,0.000000e+000,3,9.915183e-001,0.000000e+000,,,,,,,,,,,,,,32,1,4.000000e+000,1.029968e-003,0.000000e+000,0,,0,
1523944199.386,,0.000000e+000,3.999888e+001,-2.315489e-004,0.000000e+000,3,9.915857e-001,0.000000e+000,,,,,,,,,,,,,,32,1,4.000000e+000,0.000000e+000,0.000000e+000,0,,0,
1523944212.491,,0.000000e+000,3.999888e+001,-2.315609e-004,0.000000e+000,3,9.915380e-001,0.000000e+000,,,,,,,,,,,,,,32,1,4.000000e+000,0.000000e+000,0.000000e+000,0,,0,
1523944224.871,,0.000000e+000,3.999888e+001,-2.315987e-004,0.000000e+000,3,9.916444e-001,0.000000e+000,,,,,,,,,,,,,,32,1,4.000000e+000,0.000000e+000,0.000000e+000,0,,0,
1523944237.057,,0.000000e+000,3.999939e+001,-2.315824e-004,0.000000e+000,3,9.915539e-001,0.000000e+000,,,,,,,,,,,,,,32,1,4.000000e+000,1.029968e-003,0.000000e+000,0,,0,
1523944249.219,,0.000000e+000,3.999784e+001,-2.316136e-004,0.000000e+000,3,9.915594e-001,0.000000e+000,,,,,,,,,,,,,,32,1,4.000000e+000,4.138947e-003,0.000000e+000,0,,0,
1523944261.375,,0.000000e+000,3.999732e+001,-2.316433e-004,0.000000e+000,3,9.916092e-001,0.000000e+000,,,,,,,,,,,,,,32,1,4.000000e+000,3.108978e-003,0.000000e+000,0,,0,
1523944273.375,,0.000000e+000,3.999939e+001,-2.316461e-004,0.000000e+000,3,9.916845e-001,0.000000e+000,,,,,,,,,,,,,,32,1,4.000000e+000,1.029968e-003,0.000000e+000,0,,0,
1523944286.492,,0.000000e+000,3.999939e+001,-2.316505e-004,0.000000e+000,3,9.914342e-001,0.000000e+000,,,,,,,,,,,,,,32,1,4.000000e+000,1.029968e-003,0.000000e+000,0,,0,
1523944299.218,,0.000000e+000,3.999939e+001,-2.316523e-004,0.000000e+000,3,9.914274e-001,0.000000e+000,,,,,,,,,,,,,,32,1,4.000000e+000,1.029968e-003,0.000000e+000,0,,0,
1523944311.875,,0.000000e+000,3.999939e+001,-2.316641e-004,0.000000e+000,3,9.915435e-001,0.000000e+000,,,,,,,,,,,,,,32,1,4.000000e+000,1.029968e-003,0.000000e+000,0,,0,
1523944324.501,,0.000000e+000,3.999991e+001,-2.316685e-004,0.000000e+000,3,9.914559e-001,0.000000e+000,,,,,,,,,,,,,,32,1,4.000000e+000,0.000000e+000,0.000000e+000,0,,0,
1523944338.236,,0.000000e+000,3.999939e+001,-2.316744e-004,0.000000e+000,3,9.916228e-001,0.000000e+000,,,,,,,,,,,,,,32,1,4.000000e+000,1.029968e-003,0.000000e+000,0,,0,
1523944350.913,,0.000000e+000,3.999887e+001,-2.317406e-004,0.000000e+000,3,9.915336e-001,0.000000e+000,,,,,,,,,,,,,,32,1,4.000000e+000,2.067566e-003,0.000000e+000,0,,0,
1523944363.889,,0.000000e+000,3.999939e+001,-2.317438e-004,0.000000e+000,3,9.916372e-001,0.000000e+000,,,,,,,,,,,,,,32,1,4.000000e+000,5.157471e-003,0.000000e+000,0,,0,
1523944377.721,,0.000000e+000,3.999733e+001,-2.317273e-004,0.000000e+000,3,9.915537e-001,0.000000e+000,,,,,,,,,,,,,,32,1,4.000000e+000,1.029968e-003,0.000000e+000,0,,0,
1523944390.741,,0.000000e+000,3.999784e+001,-2.317655e-004,0.000000e+000,3,9.914867e-001,0.000000e+000,,,,,,,,,,,,,,32,1,4.000000e+000,2.067566e-003,0.000000e+000,0,,0,
1523944403.704,,0.000000e+000,3.999939e+001,-2.318019e-004,0.000000e+000,3,9.915016e-001,0.000000e+000,,,,,,,,,,,,,,32,1,4.000000e+000,1.029968e-003,0.000000e+000,0,,0,
1523944416.402,,0.000000e+000,3.999939e+001,-2.318436e-004,0.000000e+000,3,9.915567e-001,0.000000e+000,,,,,,,,,,,,,,32,1,4.000000e+000,3.097534e-003,0.000000e+000,0,,0,
1523944428.400,,0.000000e+000,3.999939e+001,-2.318393e-004,0.000000e+000,3,9.915474e-001,0.000000e+000,,,,,,,,,,,,,,32,1,4.000000e+000,1.029968e-003,0.000000e+000,0,,0,
1523944440.832,,0.000000e+000,3.999888e+001,-2.318388e-004,0.000000e+000,3,9.914792e-001,0.000000e+000,,,,,,,,,,,,,,32,1,4.000000e+000,0.000000e+000,0.000000e+000,0,,0,
1523944453.385,,0.000000e+000,4.000042e+001,-2.318581e-004,0.000000e+000,3,9.914825e-001,0.000000e+000,,,,,,,,,,,,,,32,1,4.000000e+000,3.089905e-003,0.000000e+000,0,,0,
1523944466.360,,0.000000e+000,3.999887e+001,-2.318488e-004,0.000000e+000,3,9.915134e-001,0.000000e+000,,,,,,,,,,,,,,32,1,4.000000e+000,2.067566e-003,0.000000e+000,0,,0,
1523944480.003,,0.000000e+000,3.999939e+001,-2.318353e-004,0.000000e+000,3,9.915440e-001,0.000000e+000,,,,,,,,,,,,,,32,1,4.000000e+000,1.029968e-003,0.000000e+000,0,,0,
1523944491.881,,0.000000e+000,3.999836e+001,-2.319190e-004,0.000000e+000,3,9.915127e-001,0.000000e+000,,,,,,,,,,,,,,32,1,4.000000e+000,1.037598e-003,0.000000e+000,0,,0,
1523944504.563,,0.000000e+000,3.999784e+001,-2.319083e-004,0.000000e+000,3,9.914215e-001,0.000000e+000,,,,,,,,,,,,,,32,1,4.000000e+000,2.067566e-003,0.000000e+000,0,,0,
1523944516.948,,0.000000e+000,3.999991e+001,-2.319557e-004,0.000000e+000,3,9.915435e-001,0.000000e+000,,,,,,,,,,,,,,32,1,4.000000e+000,2.059937e-003,0.000000e+000,0,,0,
1523944529.624,,0.000000e+000,3.999991e+001,-2.319960e-004,0.000000e+000,3,9.917467e-001,0.000000e+000,,,,,,,,,,,,,,32,1,4.000000e+000,2.059937e-003,0.000000e+000,0,,0,
1523944542.326,,0.000000e+000,3.999939e+001,-2.320537e-004,0.000000e+000,3,9.914314e-001,0.000000e+000,,,,,,,,,,,,,,32,1,4.000000e+000,1.029968e-003,0.000000e+000,0,,0,
1523944554.539,,0.000000e+000,3.999991e+001,-2.319943e-004,0.000000e+000,3,9.914567e-001,0.000000e+000,,,,,,,,,,,,,,32,1,4.000000e+000,0.000000e+000,0.000000e+000,0,,0,
1523944567.224,,0.000000e+000,3.999991e+001,-2.320264e-004,0.000000e+000,3,9.915135e-001,0.000000e+000,,,,,,,,,,,,,,32,1,4.000000e+000,2.059937e-003,0.000000e+000,0,,0,
1523944579.787,,0.000000e+000,3.999887e+001,-2.320463e-004,0.000000e+000,3,9.915395e-001,0.000000e+000,,,,,,,,,,,,,,32,1,4.000000e+000,2.067566e-003,0.000000e+000,0,,0,
1523944592.427,,0.000000e+000,3.999733e+001,-2.320727e-004,0.000000e+000,3,9.913048e-001,0.000000e+000,,,,,,,,,,,,,,32,1,4.000000e+000,1.029968e-003,0.000000e+000,0,,0,
1523944605.830,,0.000000e+000,3.999939e+001,-2.320656e-004,0.000000e+000,3,9.914873e-001,0.000000e+000,,,,,,,,,,,,,,32,1,4.000000e+000,1.029968e-003,0.000000e+000,0,,0,
1523944618.910,,0.000000e+000,3.999887e+001,-2.320945e-004,0.000000e+000,3,9.914372e-001,0.000000e+000,,,,,,,,,,,,,,32,1,4.000000e+000,2.067566e-003,0.000000e+000,0,,0,
1523944631.348,,0.000000e+000,3.999887e+001,-2.321123e-004,0.000000e+000,3,9.914366e-001,0.000000e+000,,,,,,,,,,,,,,32,1,4.000000e+000,2.067566e-003,0.000000e+000,0,,0,
1523944644.050,,0.000000e+000,3.999887e+001,-2.321241e-004,0.000000e+000,3,9.914514e-001,0.000000e+000,,,,,,,,,,,,,,32,1,4.000000e+000,2.067566e-003,0.000000e+000,0,,0,
1523944657.208,,0.000000e+000,4.000042e+001,-2.321275e-004,0.000000e+000,3,9.914688e-001,0.000000e+000,,,,,,,,,,,,,,32,1,4.000000e+000,1.029968e-003,0.000000e+000,0,,0,
1523944670.321,,0.000000e+000,3.999784e+001,-2.321563e-004,0.000000e+000,3,9.915846e-001,0.000000e+000,,,,,,,,,,,,,,32,1,4.000000e+000,0.000000e+000,0.000000e+000,0,,0,
1523944682.918,,0.000000e+000,3.999422e+001,-2.321324e-004,0.000000e+000,3,9.914851e-001,0.000000e+000,,,,,,,,,,,,,,32,1,4.000000e+000,7.232666e-003,0.000000e+000,0,,0,
1523944696.213,,0.000000e+000,3.999474e+001,-2.321689e-004,0.000000e+000,3,9.914969e-001,0.000000e+000,,,,,,,,,,,,,,32,1,4.000000e+000,8.270264e-003,0.000000e+000,0,,0,
1523944709.324,,0.000000e+000,4.000249e+001,-2.322168e-004,0.000000e+000,3,9.916686e-001,0.000000e+000,,,,,,,,,,,,,,32,1,4.000000e+000,7.221222e-003,0.000000e+000,0,,0,
1523944722.569,,0.000000e+000,4.000198e+001,-2.322213e-004,0.000000e+000,3,9.915494e-001,0.000000e+000,,,,,,,,,,,,,,32,1,4.000000e+000,6.191254e-003,0.000000e+000,0,,0,
1523944735.672,,0.000000e+000,3.999732e+001,-2.322558e-004,0.000000e+000,3,9.915484e-001,0.000000e+000,,,,,,,,,,,,,,32,1,4.000000e+000,3.108978e-003,0.000000e+000,0,,0,
1523944748.869,,0.000000e+000,3.999836e+001,-2.322554e-004,0.000000e+000,3,9.915357e-001,0.000000e+000,,,,,,,,,,,,,,32,1,4.000000e+000,1.037598e-003,0.000000e+000,0,,0,
1523944761.469,,0.000000e+000,3.999784e+001,-2.322715e-004,0.000000e+000,3,9.914576e-001,0.000000e+000,,,,,,,,,,,,,,32,1,4.000000e+000,0.000000e+000,0.000000e+000,0,,0,
1523944773.977,,0.000000e+000,3.999733e+001,-2.322590e-004,0.000000e+000,3,9.914542e-001,0.000000e+000,,,,,,,,,,,,,,32,1,4.000000e+000,1.029968e-003,0.000000e+000,0,,0,
1523944787.005,,0.000000e+000,3.999939e+001,-2.322866e-004,0.000000e+000,3,9.915428e-001,0.000000e+000,,,,,,,,,,,,,,32,1,4.000000e+000,1.029968e-003,0.000000e+000,0,,0,
1523944799.445,,0.000000e+000,4.000042e+001,-2.323310e-004,0.000000e+000,3,9.915525e-001,0.000000e+000,,,,,,,,,,,,,,32,1,4.000000e+000,1.029968e-003,0.000000e+000,0,,0,
1523944812.495,,0.000000e+000,3.999991e+001,-2.323529e-004,0.000000e+000,3,9.915679e-001,0.000000e+000,,,,,,,,,,,,,,32,1,4.000000e+000,0.000000e+000,0.000000e+000,0,,0,
1523944825.518,,0.000000e+000,3.999836e+001,-2.323329e-004,0.000000e+000,3,9.914953e-001,0.000000e+000,,,,,,,,,,,,,,32,1,4.000000e+000,1.037598e-003,0.000000e+000,0,,0,
1523944837.891,,0.000000e+000,3.999836e+001,-2.323486e-004,0.000000e+000,3,9.914368e-001,0.000000e+000,,,,,,,,,,,,,,32,1,4.000000e+000,1.037598e-003,0.000000e+000,0,,0,
1523944850.876,,0.000000e+000,3.999887e+001,-2.323592e-004,0.000000e+000,3,9.915186e-001,0.000000e+000,,,,,,,,,,,,,,32,1,4.000000e+000,2.067566e-003,0.000000e+000,0,,0,
1523944864.123,,0.000000e+000,3.999888e+001,-2.323896e-004,0.000000e+000,3,9.915411e-001,0.000000e+000,,,,,,,,,,,,,,32,1,4.000000e+000,0.000000e+000,0.000000e+000,0,,0,
1523944876.466,,0.000000e+000,3.999939e+001,-2.324143e-004,0.000000e+000,3,9.916332e-001,0.000000e+000,,,,,,,,,,,,,,32,1,4.000000e+000,1.029968e-003,0.000000e+000,0,,0,
1523944889.014,,0.000000e+000,3.999939e+001,-2.324263e-004,0.000000e+000,3,9.914752e-001,0.000000e+000,,,,,,,,,,,,,,32,1,4.000000e+000,1.029968e-003,0.000000e+000,0,,0,
1523944901.676,,0.000000e+000,3.999990e+001,-2.324564e-004,0.000000e+000,3,9.914537e-001,0.000000e+000,,,,,,,,,,,,,,32,1,4.000000e+000,4.127502e-003,0.000000e+000,0,,0,
