[Header]
TITLE,MPMS DC Measurement
BYAPP,MPMS Measurement,2.1,Summary
FILEOPENTIME, 1524018385.549000 4/17/2018, 8:26:25 PM

INFO, APPNAME, MPMS MultiVu Application, Revision 1.61,  Build 082

INFO, NAME, MFn1
INFO, WEIGHT, 1.000
INFO, AREA, 1.000
INFO, LENGTH, 1.000
INFO, SHAPE, 0
INFO, COMMENT, 
INFO, SEQUENCE FILE: VRMac_35K_6000s_VRMde_35K.seq


INFO, BACKGROUND DATA FILE:, None


STARTUPAXIS,X,4,LINEAR,AUTO,0.000000,0.000000
STARTUPAXIS,Y1,5,LINEAR,AUTO,0.000000,0.000000


STARTUPGROUP,Longitudinal
FIELDGROUP,Longitudinal,1,2,3,4,5,6,7,8,9,15,16,17,18,27,28
FIELDGROUP,Transverse,1,2,3,4,10,11,12,13,14,19,20,21,22,27,28

PLOT_APPEARANCE,ALL,HORZ_GRID_ON,VERT_GRID_ON,MARKERS_AND_LINES

[Data]
Time,Comment,Field (Oe),Temperature (K),Long Moment (emu),Long Scan Std Dev,Long Algorithm,Long Reg Fit,Long Percent Error (%),Trans Moment (emu),Trans Scan Std Dev,Trans Algorithm,Trans Reg Fit,Trans Percent Error (%),Long Moment [w/o ABS] (emu),Long Scan Std Dev [w/o ABS],Long Reg Fit [w/o ABS],Long Percent Error [w/o ABS] (%),Trans Moment [w/o ABS] (emu),Trans Scan Std Dev [w/o ABS],Trans Reg Fit [w/o ABS],Trans Percent Error [w/o ABS] (%),Points per Scan,Scans per Measurement,Scan Length (cm),Delta Temp (K),Rot Position (deg),Error,EC Comp. Running,Using ABS,
1524018385.541,,0.000000e+000,3.500067e+001,-1.776909e-004,0.000000e+000,3,9.916915e-001,0.000000e+000,,,,,,,,,,,,,,32,1,4.000000e+000,7.820129e-004,0.000000e+000,0,,0,
1524018398.636,,0.000000e+000,3.499989e+001,-1.790236e-004,0.000000e+000,3,9.920428e-001,0.000000e+000,,,,,,,,,,,,,,32,1,4.000000e+000,2.342224e-003,0.000000e+000,0,,0,
1524018411.187,,0.000000e+000,3.500028e+001,-1.800155e-004,0.000000e+000,3,9.920928e-001,0.000000e+000,,,,,,,,,,,,,,32,1,4.000000e+000,0.000000e+000,0.000000e+000,0,,0,
1524018423.387,,0.000000e+000,3.500028e+001,-1.807899e-004,0.000000e+000,3,9.920679e-001,0.000000e+000,,,,,,,,,,,,,,32,1,4.000000e+000,0.000000e+000,0.000000e+000,0,,0,
1524018435.984,,0.000000e+000,3.499989e+001,-1.815626e-004,0.000000e+000,3,9.922342e-001,0.000000e+000,,,,,,,,,,,,,,32,1,4.000000e+000,7.781982e-004,0.000000e+000,0,,0,
1524018448.472,,0.000000e+000,3.499989e+001,-1.821202e-004,0.000000e+000,3,9.923279e-001,0.000000e+000,,,,,,,,,,,,,,32,1,4.000000e+000,7.781982e-004,0.000000e+000,0,,0,
1524018460.922,,0.000000e+000,3.499989e+001,-1.826314e-004,0.000000e+000,3,9.923478e-001,0.000000e+000,,,,,,,,,,,,,,32,1,4.000000e+000,7.781982e-004,0.000000e+000,0,,0,
1524018473.605,,0.000000e+000,3.499872e+001,-1.831132e-004,0.000000e+000,3,9.923885e-001,0.000000e+000,,,,,,,,,,,,,,32,1,4.000000e+000,0.000000e+000,0.000000e+000,0,,0,
1524018485.653,,0.000000e+000,3.499833e+001,-1.834553e-004,0.000000e+000,3,9.920954e-001,0.000000e+000,,,,,,,,,,,,,,32,1,4.000000e+000,7.781982e-004,0.000000e+000,0,,0,
1524018498.453,,0.000000e+000,3.499794e+001,-1.840278e-004,0.000000e+000,3,9.922096e-001,0.000000e+000,,,,,,,,,,,,,,32,1,4.000000e+000,0.000000e+000,0.000000e+000,0,,0,
1524018510.733,,0.000000e+000,3.500028e+001,-1.843948e-004,0.000000e+000,3,9.925276e-001,0.000000e+000,,,,,,,,,,,,,,32,1,4.000000e+000,3.120422e-003,0.000000e+000,0,,0,
1524018523.291,,0.000000e+000,3.499872e+001,-1.846907e-004,0.000000e+000,3,9.922278e-001,0.000000e+000,,,,,,,,,,,,,,32,1,4.000000e+000,0.000000e+000,0.000000e+000,0,,0,
1524018536.436,,0.000000e+000,3.499833e+001,-1.849928e-004,0.000000e+000,3,9.921052e-001,0.000000e+000,,,,,,,,,,,,,,32,1,4.000000e+000,7.781982e-004,0.000000e+000,0,,0,
1524018548.499,,0.000000e+000,3.499833e+001,-1.853279e-004,0.000000e+000,3,9.921381e-001,0.000000e+000,,,,,,,,,,,,,,32,1,4.000000e+000,7.781982e-004,0.000000e+000,0,,0,
1524018561.224,,0.000000e+000,3.499872e+001,-1.856848e-004,0.000000e+000,3,9.924659e-001,0.000000e+000,,,,,,,,,,,,,,32,1,4.000000e+000,0.000000e+000,0.000000e+000,0,,0,
1524018574.466,,0.000000e+000,3.499911e+001,-1.859027e-004,0.000000e+000,3,9.922852e-001,0.000000e+000,,,,,,,,,,,,,,32,1,4.000000e+000,2.338409e-003,0.000000e+000,0,,0,
1524018586.642,,0.000000e+000,3.499833e+001,-1.861862e-004,0.000000e+000,3,9.922037e-001,0.000000e+000,,,,,,,,,,,,,,32,1,4.000000e+000,7.781982e-004,0.000000e+000,0,,0,
1524018599.297,,0.000000e+000,3.499793e+001,-1.864623e-004,0.000000e+000,3,9.924243e-001,0.000000e+000,,,,,,,,,,,,,,32,1,4.000000e+000,1.567841e-003,0.000000e+000,0,,0,
1524018612.060,,0.000000e+000,3.499833e+001,-1.866897e-004,0.000000e+000,3,9.921900e-001,0.000000e+000,,,,,,,,,,,,,,32,1,4.000000e+000,7.781982e-004,0.000000e+000,0,,0,
1524018624.715,,0.000000e+000,3.499794e+001,-1.868961e-004,0.000000e+000,3,9.924203e-001,0.000000e+000,,,,,,,,,,,,,,32,1,4.000000e+000,0.000000e+000,0.000000e+000,0,,0,
1524018637.855,,0.000000e+000,3.499833e+001,-1.871533e-004,0.000000e+000,3,9.922670e-001,0.000000e+000,,,,,,,,,,,,,,32,1,4.000000e+000,7.781982e-004,0.000000e+000,0,,0,
1524018650.455,,0.000000e+000,3.499872e+001,-1.873344e-004,0.000000e+000,3,9.924681e-001,0.000000e+000,,,,,,,,,,,,,,32,1,4.000000e+000,0.000000e+000,0.000000e+000,0,,0,
1524018663.150,,0.000000e+000,3.499872e+001,-1.875481e-004,0.000000e+000,3,9.924849e-001,0.000000e+000,,,,,,,,,,,,,,32,1,4.000000e+000,1.560211e-003,0.000000e+000,0,,0,
1524018675.753,,0.000000e+000,3.499793e+001,-1.877253e-004,0.000000e+000,3,9.924121e-001,0.000000e+000,,,,,,,,,,,,,,32,1,4.000000e+000,1.567841e-003,0.000000e+000,0,,0,
1524018688.023,,0.000000e+000,3.499911e+001,-1.878641e-004,0.000000e+000,3,9.922194e-001,0.000000e+000,,,,,,,,,,,,,,32,1,4.000000e+000,7.820129e-004,0.000000e+000,0,,0,
1524018700.476,,0.000000e+000,3.499950e+001,-1.880602e-004,0.000000e+000,3,9.924324e-001,0.000000e+000,,,,,,,,,,,,,,32,1,4.000000e+000,1.560211e-003,0.000000e+000,0,,0,
1524018713.466,,0.000000e+000,3.499872e+001,-1.882930e-004,0.000000e+000,3,9.925511e-001,0.000000e+000,,,,,,,,,,,,,,32,1,4.000000e+000,0.000000e+000,0.000000e+000,0,,0,
1524018725.409,,0.000000e+000,3.499793e+001,-1.884537e-004,0.000000e+000,3,9.924127e-001,0.000000e+000,,,,,,,,,,,,,,32,1,4.000000e+000,1.567841e-003,0.000000e+000,0,,0,
1524018738.119,,0.000000e+000,3.499754e+001,-1.886392e-004,0.000000e+000,3,9.924488e-001,0.000000e+000,,,,,,,,,,,,,,32,1,4.000000e+000,7.896423e-004,0.000000e+000,0,,0,
1524018750.809,,0.000000e+000,3.499872e+001,-1.887930e-004,0.000000e+000,3,9.923627e-001,0.000000e+000,,,,,,,,,,,,,,32,1,4.000000e+000,1.560211e-003,0.000000e+000,0,,0,
1524018763.909,,0.000000e+000,3.499911e+001,-1.889473e-004,0.000000e+000,3,9.924483e-001,0.000000e+000,,,,,,,,,,,,,,32,1,4.000000e+000,7.820129e-004,0.000000e+000,0,,0,
1524018776.832,,0.000000e+000,3.499872e+001,-1.890583e-004,0.000000e+000,3,9.923399e-001,0.000000e+000,,,,,,,,,,,,,,32,1,4.000000e+000,0.000000e+000,0.000000e+000,0,,0,
1524018789.560,,0.000000e+000,3.499715e+001,-1.892121e-004,0.000000e+000,3,9.923136e-001,0.000000e+000,,,,,,,,,,,,,,32,1,4.000000e+000,3.128052e-003,0.000000e+000,0,,0,
1524018802.372,,0.000000e+000,3.499989e+001,-1.893598e-004,0.000000e+000,3,9.924285e-001,0.000000e+000,,,,,,,,,,,,,,32,1,4.000000e+000,7.781982e-004,0.000000e+000,0,,0,
1524018815.055,,0.000000e+000,3.499833e+001,-1.894450e-004,0.000000e+000,3,9.923493e-001,0.000000e+000,,,,,,,,,,,,,,32,1,4.000000e+000,7.781982e-004,0.000000e+000,0,,0,
1524018827.745,,0.000000e+000,3.499754e+001,-1.896666e-004,0.000000e+000,3,9.925373e-001,0.000000e+000,,,,,,,,,,,,,,32,1,4.000000e+000,2.349854e-003,0.000000e+000,0,,0,
1524018840.455,,0.000000e+000,3.499793e+001,-1.897809e-004,0.000000e+000,3,9.922614e-001,0.000000e+000,,,,,,,,,,,,,,32,1,4.000000e+000,1.567841e-003,0.000000e+000,0,,0,
1524018853.611,,0.000000e+000,3.499911e+001,-1.899060e-004,0.000000e+000,3,9.922001e-001,0.000000e+000,,,,,,,,,,,,,,32,1,4.000000e+000,7.820129e-004,0.000000e+000,0,,0,
1524018866.898,,0.000000e+000,3.499754e+001,-1.900281e-004,0.000000e+000,3,9.924511e-001,0.000000e+000,,,,,,,,,,,,,,32,1,4.000000e+000,7.896423e-004,0.000000e+000,0,,0,
1524018878.986,,0.000000e+000,3.499833e+001,-1.901874e-004,0.000000e+000,3,9.923685e-001,0.000000e+000,,,,,,,,,,,,,,32,1,4.000000e+000,2.349854e-003,0.000000e+000,0,,0,
1524018892.366,,0.000000e+000,3.499793e+001,-1.903041e-004,0.000000e+000,3,9.923344e-001,0.000000e+000,,,,,,,,,,,,,,32,1,4.000000e+000,1.567841e-003,0.000000e+000,0,,0,
1524018905.171,,0.000000e+000,3.499833e+001,-1.904103e-004,0.000000e+000,3,9.923449e-001,0.000000e+000,,,,,,,,,,,,,,32,1,4.000000e+000,7.781982e-004,0.000000e+000,0,,0,
1524018917.872,,0.000000e+000,3.499872e+001,-1.905480e-004,0.000000e+000,3,9.925396e-001,0.000000e+000,,,,,,,,,,,,,,32,1,4.000000e+000,1.560211e-003,0.000000e+000,0,,0,
1524018930.564,,0.000000e+000,3.499911e+001,-1.906512e-004,0.000000e+000,3,9.924720e-001,0.000000e+000,,,,,,,,,,,,,,32,1,4.000000e+000,2.338409e-003,0.000000e+000,0,,0,
1524018943.172,,0.000000e+000,3.499793e+001,-1.907670e-004,0.000000e+000,3,9.923858e-001,0.000000e+000,,,,,,,,,,,,,,32,1,4.000000e+000,1.567841e-003,0.000000e+000,0,,0,
1524018955.877,,0.000000e+000,3.499794e+001,-1.908596e-004,0.000000e+000,3,9.923991e-001,0.000000e+000,,,,,,,,,,,,,,32,1,4.000000e+000,0.000000e+000,0.000000e+000,0,,0,
1524018968.635,,0.000000e+000,3.499794e+001,-1.909317e-004,0.000000e+000,3,9.924085e-001,0.000000e+000,,,,,,,,,,,,,,32,1,4.000000e+000,0.000000e+000,0.000000e+000,0,,0,
1524018981.325,,0.000000e+000,3.499794e+001,-1.910611e-004,0.000000e+000,3,9.924973e-001,0.000000e+000,,,,,,,,,,,,,,32,1,4.000000e+000,0.000000e+000,0.000000e+000,0,,0,
1524018994.005,,0.000000e+000,3.499833e+001,-1.911678e-004,0.000000e+000,3,9.924216e-001,0.000000e+000,,,,,,,,,,,,,,32,1,4.000000e+000,7.781982e-004,0.000000e+000,0,,0,
1524019006.698,,0.000000e+000,3.499833e+001,-1.912573e-004,0.000000e+000,3,9.924604e-001,0.000000e+000,,,,,,,,,,,,,,32,1,4.000000e+000,7.781982e-004,0.000000e+000,0,,0,
1524019019.380,,0.000000e+000,3.499833e+001,-1.913730e-004,0.000000e+000,3,9.924264e-001,0.000000e+000,,,,,,,,,,,,,,32,1,4.000000e+000,7.781982e-004,0.000000e+000,0,,0,
1524019032.503,,0.000000e+000,3.499793e+001,-1.914962e-004,0.000000e+000,3,9.927198e-001,0.000000e+000,,,,,,,,,,,,,,32,1,4.000000e+000,1.567841e-003,0.000000e+000,0,,0,
1524019045.031,,0.000000e+000,3.499872e+001,-1.915918e-004,0.000000e+000,3,9.924759e-001,0.000000e+000,,,,,,,,,,,,,,32,1,4.000000e+000,0.000000e+000,0.000000e+000,0,,0,
1524019057.659,,0.000000e+000,3.499911e+001,-1.916760e-004,0.000000e+000,3,9.926755e-001,0.000000e+000,,,,,,,,,,,,,,32,1,4.000000e+000,7.820129e-004,0.000000e+000,0,,0,
1524019070.219,,0.000000e+000,3.499911e+001,-1.917273e-004,0.000000e+000,3,9.924611e-001,0.000000e+000,,,,,,,,,,,,,,32,1,4.000000e+000,2.338409e-003,0.000000e+000,0,,0,
1524019083.124,,0.000000e+000,3.499754e+001,-1.918539e-004,0.000000e+000,3,9.925181e-001,0.000000e+000,,,,,,,,,,,,,,32,1,4.000000e+000,5.470276e-003,0.000000e+000,0,,0,
1524019095.874,,0.000000e+000,3.499872e+001,-1.919301e-004,0.000000e+000,3,9.924027e-001,0.000000e+000,,,,,,,,,,,,,,32,1,4.000000e+000,0.000000e+000,0.000000e+000,0,,0,
1524019108.632,,0.000000e+000,3.499833e+001,-1.920231e-004,0.000000e+000,3,9.923410e-001,0.000000e+000,,,,,,,,,,,,,,32,1,4.000000e+000,7.781982e-004,0.000000e+000,0,,0,
1524019121.195,,0.000000e+000,3.499872e+001,-1.921328e-004,0.000000e+000,3,9.924600e-001,0.000000e+000,,,,,,,,,,,,,,32,1,4.000000e+000,0.000000e+000,0.000000e+000,0,,0,
1524019133.892,,0.000000e+000,3.499911e+001,-1.921719e-004,0.000000e+000,3,9.924438e-001,0.000000e+000,,,,,,,,,,,,,,32,1,4.000000e+000,7.820129e-004,0.000000e+000,0,,0,
1524019146.572,,0.000000e+000,3.499833e+001,-1.922829e-004,0.000000e+000,3,9.924936e-001,0.000000e+000,,,,,,,,,,,,,,32,1,4.000000e+000,7.781982e-004,0.000000e+000,0,,0,
1524019159.290,,0.000000e+000,3.499911e+001,-1.923551e-004,0.000000e+000,3,9.924609e-001,0.000000e+000,,,,,,,,,,,,,,32,1,4.000000e+000,7.820129e-004,0.000000e+000,0,,0,
1524019171.988,,0.000000e+000,3.499833e+001,-1.924349e-004,0.000000e+000,3,9.923753e-001,0.000000e+000,,,,,,,,,,,,,,32,1,4.000000e+000,2.349854e-003,0.000000e+000,0,,0,
1524019184.673,,0.000000e+000,3.499911e+001,-1.925205e-004,0.000000e+000,3,9.925134e-001,0.000000e+000,,,,,,,,,,,,,,32,1,4.000000e+000,7.820129e-004,0.000000e+000,0,,0,
1524019197.316,,0.000000e+000,3.499872e+001,-1.926063e-004,0.000000e+000,3,9.924539e-001,0.000000e+000,,,,,,,,,,,,,,32,1,4.000000e+000,1.560211e-003,0.000000e+000,0,,0,
1524019210.056,,0.000000e+000,3.499872e+001,-1.926774e-004,0.000000e+000,3,9.924251e-001,0.000000e+000,,,,,,,,,,,,,,32,1,4.000000e+000,1.560211e-003,0.000000e+000,0,,0,
1524019222.726,,0.000000e+000,3.499872e+001,-1.927567e-004,0.000000e+000,3,9.924332e-001,0.000000e+000,,,,,,,,,,,,,,32,1,4.000000e+000,0.000000e+000,0.000000e+000,0,,0,
1524019235.181,,0.000000e+000,3.499911e+001,-1.928310e-004,0.000000e+000,3,9.923407e-001,0.000000e+000,,,,,,,,,,,,,,32,1,4.000000e+000,7.820129e-004,0.000000e+000,0,,0,
1524019247.451,,0.000000e+000,3.499793e+001,-1.929059e-004,0.000000e+000,3,9.924926e-001,0.000000e+000,,,,,,,,,,,,,,32,1,4.000000e+000,3.131866e-003,0.000000e+000,0,,0,
1524019260.117,,0.000000e+000,3.499911e+001,-1.928320e-004,0.000000e+000,3,9.925271e-001,0.000000e+000,,,,,,,,,,,,,,32,1,4.000000e+000,7.820129e-004,0.000000e+000,0,,0,
1524019272.677,,0.000000e+000,3.499754e+001,-1.930455e-004,0.000000e+000,3,9.924958e-001,0.000000e+000,,,,,,,,,,,,,,32,1,4.000000e+000,2.349854e-003,0.000000e+000,0,,0,
1524019284.977,,0.000000e+000,3.499872e+001,-1.931497e-004,0.000000e+000,3,9.923806e-001,0.000000e+000,,,,,,,,,,,,,,32,1,4.000000e+000,1.560211e-003,0.000000e+000,0,,0,
1524019297.720,,0.000000e+000,3.499715e+001,-1.932534e-004,0.000000e+000,3,9.925627e-001,0.000000e+000,,,,,,,,,,,,,,32,1,4.000000e+000,1.571655e-003,0.000000e+000,0,,0,
1524019310.417,,0.000000e+000,3.499754e+001,-1.932583e-004,0.000000e+000,3,9.925107e-001,0.000000e+000,,,,,,,,,,,,,,32,1,4.000000e+000,7.896423e-004,0.000000e+000,0,,0,
1524019323.085,,0.000000e+000,3.499754e+001,-1.933531e-004,0.000000e+000,3,9.926662e-001,0.000000e+000,,,,,,,,,,,,,,32,1,4.000000e+000,7.896423e-004,0.000000e+000,0,,0,
1524019335.775,,0.000000e+000,3.499754e+001,-1.933810e-004,0.000000e+000,3,9.926395e-001,0.000000e+000,,,,,,,,,,,,,,32,1,4.000000e+000,7.896423e-004,0.000000e+000,0,,0,
1524019348.323,,0.000000e+000,3.499793e+001,-1.934575e-004,0.000000e+000,3,9.924213e-001,0.000000e+000,,,,,,,,,,,,,,32,1,4.000000e+000,1.567841e-003,0.000000e+000,0,,0,
1524019360.603,,0.000000e+000,3.499911e+001,-1.935142e-004,0.000000e+000,3,9.923900e-001,0.000000e+000,,,,,,,,,,,,,,32,1,4.000000e+000,7.820129e-004,0.000000e+000,0,,0,
1524019373.053,,0.000000e+000,3.499911e+001,-1.936007e-004,0.000000e+000,3,9.925210e-001,0.000000e+000,,,,,,,,,,,,,,32,1,4.000000e+000,7.820129e-004,0.000000e+000,0,,0,
1524019386.046,,0.000000e+000,3.499911e+001,-1.936250e-004,0.000000e+000,3,9.926514e-001,0.000000e+000,,,,,,,,,,,,,,32,1,4.000000e+000,7.820129e-004,0.000000e+000,0,,0,
1524019398.409,,0.000000e+000,3.499872e+001,-1.937106e-004,0.000000e+000,3,9.925528e-001,0.000000e+000,,,,,,,,,,,,,,32,1,4.000000e+000,1.560211e-003,0.000000e+000,0,,0,
1524019411.121,,0.000000e+000,3.499794e+001,-1.937891e-004,0.000000e+000,3,9.923633e-001,0.000000e+000,,,,,,,,,,,,,,32,1,4.000000e+000,0.000000e+000,0.000000e+000,0,,0,
1524019423.791,,0.000000e+000,3.499872e+001,-1.938661e-004,0.000000e+000,3,9.924968e-001,0.000000e+000,,,,,,,,,,,,,,32,1,4.000000e+000,1.560211e-003,0.000000e+000,0,,0,
1524019436.499,,0.000000e+000,3.499911e+001,-1.939603e-004,0.000000e+000,3,9.924751e-001,0.000000e+000,,,,,,,,,,,,,,32,1,4.000000e+000,7.820129e-004,0.000000e+000,0,,0,
1524019449.189,,0.000000e+000,3.499833e+001,-1.939976e-004,0.000000e+000,3,9.924266e-001,0.000000e+000,,,,,,,,,,,,,,32,1,4.000000e+000,7.781982e-004,0.000000e+000,0,,0,
1524019461.902,,0.000000e+000,3.499833e+001,-1.940158e-004,0.000000e+000,3,9.926482e-001,0.000000e+000,,,,,,,,,,,,,,32,1,4.000000e+000,7.781982e-004,0.000000e+000,0,,0,
1524019474.130,,0.000000e+000,3.499911e+001,-1.940960e-004,0.000000e+000,3,9.925498e-001,0.000000e+000,,,,,,,,,,,,,,32,1,4.000000e+000,7.820129e-004,0.000000e+000,0,,0,
1524019486.810,,0.000000e+000,3.499911e+001,-1.942279e-004,0.000000e+000,3,9.926523e-001,0.000000e+000,,,,,,,,,,,,,,32,1,4.000000e+000,7.820129e-004,0.000000e+000,0,,0,
1524019499.415,,0.000000e+000,3.499872e+001,-1.942592e-004,0.000000e+000,3,9.924163e-001,0.000000e+000,,,,,,,,,,,,,,32,1,4.000000e+000,0.000000e+000,0.000000e+000,0,,0,
1524019512.155,,0.000000e+000,3.499833e+001,-1.942809e-004,0.000000e+000,3,9.924624e-001,0.000000e+000,,,,,,,,,,,,,,32,1,4.000000e+000,2.349854e-003,0.000000e+000,0,,0,
1524019524.860,,0.000000e+000,3.499911e+001,-1.943139e-004,0.000000e+000,3,9.925067e-001,0.000000e+000,,,,,,,,,,,,,,32,1,4.000000e+000,7.820129e-004,0.000000e+000,0,,0,
1524019537.543,,0.000000e+000,3.499794e+001,-1.944071e-004,0.000000e+000,3,9.925160e-001,0.000000e+000,,,,,,,,,,,,,,32,1,4.000000e+000,0.000000e+000,0.000000e+000,0,,0,
1524019550.233,,0.000000e+000,3.499833e+001,-1.944371e-004,0.000000e+000,3,9.925218e-001,0.000000e+000,,,,,,,,,,,,,,32,1,4.000000e+000,7.781982e-004,0.000000e+000,0,,0,
1524019562.929,,0.000000e+000,3.499872e+001,-1.944779e-004,0.000000e+000,3,9.925936e-001,0.000000e+000,,,,,,,,,,,,,,32,1,4.000000e+000,0.000000e+000,0.000000e+000,0,,0,
1524019575.556,,0.000000e+000,3.499911e+001,-1.945534e-004,0.000000e+000,3,9.925197e-001,0.000000e+000,,,,,,,,,,,,,,32,1,4.000000e+000,7.820129e-004,0.000000e+000,0,,0,
1524019588.711,,0.000000e+000,3.499911e+001,-1.945718e-004,0.000000e+000,3,9.923258e-001,0.000000e+000,,,,,,,,,,,,,,32,1,4.000000e+000,7.820129e-004,0.000000e+000,0,,0,
1524019600.554,,0.000000e+000,3.499793e+001,-1.946908e-004,0.000000e+000,3,9.924049e-001,0.000000e+000,,,,,,,,,,,,,,32,1,4.000000e+000,1.567841e-003,0.000000e+000,0,,0,
1524019613.172,,0.000000e+000,3.499715e+001,-1.947221e-004,0.000000e+000,3,9.924418e-001,0.000000e+000,,,,,,,,,,,,,,32,1,4.000000e+000,0.000000e+000,0.000000e+000,0,,0,
1524019625.862,,0.000000e+000,3.499754e+001,-1.947995e-004,0.000000e+000,3,9.924017e-001,0.000000e+000,,,,,,,,,,,,,,32,1,4.000000e+000,2.349854e-003,0.000000e+000,0,,0,
1524019638.462,,0.000000e+000,3.499872e+001,-1.948633e-004,0.000000e+000,3,9.926201e-001,0.000000e+000,,,,,,,,,,,,,,32,1,4.000000e+000,1.560211e-003,0.000000e+000,0,,0,
1524019651.177,,0.000000e+000,3.499833e+001,-1.948840e-004,0.000000e+000,3,9.925096e-001,0.000000e+000,,,,,,,,,,,,,,32,1,4.000000e+000,2.349854e-003,0.000000e+000,0,,0,
1524019663.857,,0.000000e+000,3.499754e+001,-1.949227e-004,0.000000e+000,3,9.925122e-001,0.000000e+000,,,,,,,,,,,,,,32,1,4.000000e+000,7.896423e-004,0.000000e+000,0,,0,
1524019676.640,,0.000000e+000,3.499833e+001,-1.949852e-004,0.000000e+000,3,9.925864e-001,0.000000e+000,,,,,,,,,,,,,,32,1,4.000000e+000,7.781982e-004,0.000000e+000,0,,0,
1524019689.230,,0.000000e+000,3.499950e+001,-1.950490e-004,0.000000e+000,3,9.925948e-001,0.000000e+000,,,,,,,,,,,,,,32,1,4.000000e+000,1.560211e-003,0.000000e+000,0,,0,
1524019701.928,,0.000000e+000,3.499872e+001,-1.952228e-004,0.000000e+000,3,9.920505e-001,0.000000e+000,,,,,,,,,,,,,,32,1,4.000000e+000,1.560211e-003,0.000000e+000,0,,0,
1524019714.663,,0.000000e+000,3.499833e+001,-1.951402e-004,0.000000e+000,3,9.925850e-001,0.000000e+000,,,,,,,,,,,,,,32,1,4.000000e+000,2.349854e-003,0.000000e+000,0,,0,
1524019727.373,,0.000000e+000,3.499911e+001,-1.952032e-004,0.000000e+000,3,9.925123e-001,0.000000e+000,,,,,,,,,,,,,,32,1,4.000000e+000,7.820129e-004,0.000000e+000,0,,0,
1524019740.064,,0.000000e+000,3.499833e+001,-1.952132e-004,0.000000e+000,3,9.925046e-001,0.000000e+000,,,,,,,,,,,,,,32,1,4.000000e+000,7.781982e-004,0.000000e+000,0,,0,
1524019753.011,,0.000000e+000,3.499872e+001,-1.952969e-004,0.000000e+000,3,9.926994e-001,0.000000e+000,,,,,,,,,,,,,,32,1,4.000000e+000,0.000000e+000,0.000000e+000,0,,0,
1524019764.926,,0.000000e+000,3.499911e+001,-1.953634e-004,0.000000e+000,3,9.925573e-001,0.000000e+000,,,,,,,,,,,,,,32,1,4.000000e+000,7.820129e-004,0.000000e+000,0,,0,
1524019777.632,,0.000000e+000,3.499872e+001,-1.953795e-004,0.000000e+000,3,9.924968e-001,0.000000e+000,,,,,,,,,,,,,,32,1,4.000000e+000,1.560211e-003,0.000000e+000,0,,0,
1524019790.309,,0.000000e+000,3.499833e+001,-1.954143e-004,0.000000e+000,3,9.924439e-001,0.000000e+000,,,,,,,,,,,,,,32,1,4.000000e+000,7.781982e-004,0.000000e+000,0,,0,
1524019803.004,,0.000000e+000,3.499911e+001,-1.954809e-004,0.000000e+000,3,9.924742e-001,0.000000e+000,,,,,,,,,,,,,,32,1,4.000000e+000,7.820129e-004,0.000000e+000,0,,0,
1524019815.710,,0.000000e+000,3.499911e+001,-1.955449e-004,0.000000e+000,3,9.924186e-001,0.000000e+000,,,,,,,,,,,,,,32,1,4.000000e+000,7.820129e-004,0.000000e+000,0,,0,
1524019828.380,,0.000000e+000,3.499911e+001,-1.955759e-004,0.000000e+000,3,9.924837e-001,0.000000e+000,,,,,,,,,,,,,,32,1,4.000000e+000,7.820129e-004,0.000000e+000,0,,0,
1524019841.085,,0.000000e+000,3.499872e+001,-1.956062e-004,0.000000e+000,3,9.923843e-001,0.000000e+000,,,,,,,,,,,,,,32,1,4.000000e+000,0.000000e+000,0.000000e+000,0,,0,
1524019853.530,,0.000000e+000,3.499950e+001,-1.956893e-004,0.000000e+000,3,9.925119e-001,0.000000e+000,,,,,,,,,,,,,,32,1,4.000000e+000,1.560211e-003,0.000000e+000,0,,0,
1524019866.143,,0.000000e+000,3.499911e+001,-1.956951e-004,0.000000e+000,3,9.924698e-001,0.000000e+000,,,,,,,,,,,,,,32,1,4.000000e+000,2.338409e-003,0.000000e+000,0,,0,
1524019878.298,,0.000000e+000,3.499950e+001,-1.957642e-004,0.000000e+000,3,9.925886e-001,0.000000e+000,,,,,,,,,,,,,,32,1,4.000000e+000,1.560211e-003,0.000000e+000,0,,0,
1524019891.581,,0.000000e+000,3.499989e+001,-1.957898e-004,0.000000e+000,3,9.925491e-001,0.000000e+000,,,,,,,,,,,,,,32,1,4.000000e+000,2.342224e-003,0.000000e+000,0,,0,
1524019904.358,,0.000000e+000,3.499833e+001,-1.958527e-004,0.000000e+000,3,9.924725e-001,0.000000e+000,,,,,,,,,,,,,,32,1,4.000000e+000,7.781982e-004,0.000000e+000,0,,0,
1524019917.164,,0.000000e+000,3.499911e+001,-1.959017e-004,0.000000e+000,3,9.925885e-001,0.000000e+000,,,,,,,,,,,,,,32,1,4.000000e+000,7.820129e-004,0.000000e+000,0,,0,
1524019929.779,,0.000000e+000,3.499911e+001,-1.960510e-004,0.000000e+000,3,9.924210e-001,0.000000e+000,,,,,,,,,,,,,,32,1,4.000000e+000,7.820129e-004,0.000000e+000,0,,0,
1524019942.817,,0.000000e+000,3.499833e+001,-1.959768e-004,0.000000e+000,3,9.926158e-001,0.000000e+000,,,,,,,,,,,,,,32,1,4.000000e+000,7.781982e-004,0.000000e+000,0,,0,
1524019954.767,,0.000000e+000,3.499872e+001,-1.960313e-004,0.000000e+000,3,9.925491e-001,0.000000e+000,,,,,,,,,,,,,,32,1,4.000000e+000,0.000000e+000,0.000000e+000,0,,0,
1524019967.439,,0.000000e+000,3.499989e+001,-1.960911e-004,0.000000e+000,3,9.924675e-001,0.000000e+000,,,,,,,,,,,,,,32,1,4.000000e+000,7.781982e-004,0.000000e+000,0,,0,
1524019980.552,,0.000000e+000,3.499833e+001,-1.961244e-004,0.000000e+000,3,9.925312e-001,0.000000e+000,,,,,,,,,,,,,,32,1,4.000000e+000,7.781982e-004,0.000000e+000,0,,0,
1524019993.265,,0.000000e+000,3.499833e+001,-1.961094e-004,0.000000e+000,3,9.926487e-001,0.000000e+000,,,,,,,,,,,,,,32,1,4.000000e+000,7.781982e-004,0.000000e+000,0,,0,
1524020005.475,,0.000000e+000,3.499833e+001,-1.961511e-004,0.000000e+000,3,9.925289e-001,0.000000e+000,,,,,,,,,,,,,,32,1,4.000000e+000,7.781982e-004,0.000000e+000,0,,0,
1524020018.165,,0.000000e+000,3.499833e+001,-1.962377e-004,0.000000e+000,3,9.924557e-001,0.000000e+000,,,,,,,,,,,,,,32,1,4.000000e+000,7.781982e-004,0.000000e+000,0,,0,
1524020030.880,,0.000000e+000,3.499754e+001,-1.962572e-004,0.000000e+000,3,9.925382e-001,0.000000e+000,,,,,,,,,,,,,,32,1,4.000000e+000,7.896423e-004,0.000000e+000,0,,0,
1524020043.991,,0.000000e+000,3.499911e+001,-1.963105e-004,0.000000e+000,3,9.924920e-001,0.000000e+000,,,,,,,,,,,,,,32,1,4.000000e+000,7.820129e-004,0.000000e+000,0,,0,
1524020056.701,,0.000000e+000,3.499872e+001,-1.963469e-004,0.000000e+000,3,9.926951e-001,0.000000e+000,,,,,,,,,,,,,,32,1,4.000000e+000,0.000000e+000,0.000000e+000,0,,0,
1524020068.913,,0.000000e+000,3.499950e+001,-1.963876e-004,0.000000e+000,3,9.926156e-001,0.000000e+000,,,,,,,,,,,,,,32,1,4.000000e+000,1.560211e-003,0.000000e+000,0,,0,
1524020081.534,,0.000000e+000,3.499911e+001,-1.964875e-004,0.000000e+000,3,9.926492e-001,0.000000e+000,,,,,,,,,,,,,,32,1,4.000000e+000,2.338409e-003,0.000000e+000,0,,0,
1524020094.319,,0.000000e+000,3.499989e+001,-1.964817e-004,0.000000e+000,3,9.925618e-001,0.000000e+000,,,,,,,,,,,,,,32,1,4.000000e+000,7.781982e-004,0.000000e+000,0,,0,
1524020106.912,,0.000000e+000,3.499872e+001,-1.965229e-004,0.000000e+000,3,9.924052e-001,0.000000e+000,,,,,,,,,,,,,,32,1,4.000000e+000,1.560211e-003,0.000000e+000,0,,0,
1524020119.604,,0.000000e+000,3.499872e+001,-1.965824e-004,0.000000e+000,3,9.924566e-001,0.000000e+000,,,,,,,,,,,,,,32,1,4.000000e+000,1.560211e-003,0.000000e+000,0,,0,
1524020132.647,,0.000000e+000,3.499833e+001,-1.966159e-004,0.000000e+000,3,9.925510e-001,0.000000e+000,,,,,,,,,,,,,,32,1,4.000000e+000,7.781982e-004,0.000000e+000,0,,0,
1524020145.230,,0.000000e+000,3.499833e+001,-1.966431e-004,0.000000e+000,3,9.929035e-001,0.000000e+000,,,,,,,,,,,,,,32,1,4.000000e+000,7.781982e-004,0.000000e+000,0,,0,
1524020158.065,,0.000000e+000,3.499872e+001,-1.966569e-004,0.000000e+000,3,9.927332e-001,0.000000e+000,,,,,,,,,,,,,,32,1,4.000000e+000,0.000000e+000,0.000000e+000,0,,0,
1524020171.260,,0.000000e+000,3.499911e+001,-1.966664e-004,0.000000e+000,3,9.925368e-001,0.000000e+000,,,,,,,,,,,,,,32,1,4.000000e+000,7.820129e-004,0.000000e+000,0,,0,
1524020184.000,,0.000000e+000,3.499911e+001,-1.967241e-004,0.000000e+000,3,9.926707e-001,0.000000e+000,,,,,,,,,,,,,,32,1,4.000000e+000,7.820129e-004,0.000000e+000,0,,0,
1524020196.643,,0.000000e+000,3.499872e+001,-1.967104e-004,0.000000e+000,3,9.927784e-001,0.000000e+000,,,,,,,,,,,,,,32,1,4.000000e+000,1.560211e-003,0.000000e+000,0,,0,
1524020209.571,,0.000000e+000,3.499793e+001,-1.968404e-004,0.000000e+000,3,9.926310e-001,0.000000e+000,,,,,,,,,,,,,,32,1,4.000000e+000,1.567841e-003,0.000000e+000,0,,0,
1524020221.846,,0.000000e+000,3.499793e+001,-1.968331e-004,0.000000e+000,3,9.923947e-001,0.000000e+000,,,,,,,,,,,,,,32,1,4.000000e+000,1.567841e-003,0.000000e+000,0,,0,
1524020234.198,,0.000000e+000,3.499911e+001,-1.969200e-004,0.000000e+000,3,9.923853e-001,0.000000e+000,,,,,,,,,,,,,,32,1,4.000000e+000,7.820129e-004,0.000000e+000,0,,0,
1524020246.646,,0.000000e+000,3.499989e+001,-1.969329e-004,0.000000e+000,3,9.926350e-001,0.000000e+000,,,,,,,,,,,,,,32,1,4.000000e+000,2.342224e-003,0.000000e+000,0,,0,
1524020258.809,,0.000000e+000,3.499872e+001,-1.969603e-004,0.000000e+000,3,9.926049e-001,0.000000e+000,,,,,,,,,,,,,,32,1,4.000000e+000,1.560211e-003,0.000000e+000,0,,0,
1524020271.074,,0.000000e+000,3.499872e+001,-1.969676e-004,0.000000e+000,3,9.926429e-001,0.000000e+000,,,,,,,,,,,,,,32,1,4.000000e+000,1.560211e-003,0.000000e+000,0,,0,
1524020283.932,,0.000000e+000,3.499715e+001,-1.970427e-004,0.000000e+000,3,9.927395e-001,0.000000e+000,,,,,,,,,,,,,,32,1,4.000000e+000,4.692078e-003,0.000000e+000,0,,0,
1524020296.747,,0.000000e+000,3.499793e+001,-1.970336e-004,0.000000e+000,3,9.926226e-001,0.000000e+000,,,,,,,,,,,,,,32,1,4.000000e+000,1.567841e-003,0.000000e+000,0,,0,
1524020309.777,,0.000000e+000,3.499872e+001,-1.971023e-004,0.000000e+000,3,9.924806e-001,0.000000e+000,,,,,,,,,,,,,,32,1,4.000000e+000,0.000000e+000,0.000000e+000,0,,0,
1524020322.112,,0.000000e+000,3.499911e+001,-1.971349e-004,0.000000e+000,3,9.925057e-001,0.000000e+000,,,,,,,,,,,,,,32,1,4.000000e+000,7.820129e-004,0.000000e+000,0,,0,
1524020335.710,,0.000000e+000,3.499872e+001,-1.971783e-004,0.000000e+000,3,9.926228e-001,0.000000e+000,,,,,,,,,,,,,,32,1,4.000000e+000,1.560211e-003,0.000000e+000,0,,0,
1524020347.552,,0.000000e+000,3.499989e+001,-1.972399e-004,0.000000e+000,3,9.924630e-001,0.000000e+000,,,,,,,,,,,,,,32,1,4.000000e+000,7.781982e-004,0.000000e+000,0,,0,
1524020359.783,,0.000000e+000,3.499833e+001,-1.972537e-004,0.000000e+000,3,9.924678e-001,0.000000e+000,,,,,,,,,,,,,,32,1,4.000000e+000,7.781982e-004,0.000000e+000,0,,0,
1524020373.265,,0.000000e+000,3.499989e+001,-1.971439e-004,0.000000e+000,3,9.925928e-001,0.000000e+000,,,,,,,,,,,,,,32,1,4.000000e+000,7.781982e-004,0.000000e+000,0,,0,
1524020385.063,,0.000000e+000,3.499911e+001,-1.973067e-004,0.000000e+000,3,9.925613e-001,0.000000e+000,,,,,,,,,,,,,,32,1,4.000000e+000,7.820129e-004,0.000000e+000,0,,0,
1524020398.643,,0.000000e+000,3.499872e+001,-1.973383e-004,0.000000e+000,3,9.926045e-001,0.000000e+000,,,,,,,,,,,,,,32,1,4.000000e+000,1.560211e-003,0.000000e+000,0,,0,
1524020411.436,,0.000000e+000,3.499911e+001,-1.973798e-004,0.000000e+000,3,9.925680e-001,0.000000e+000,,,,,,,,,,,,,,32,1,4.000000e+000,7.820129e-004,0.000000e+000,0,,0,
1524020424.186,,0.000000e+000,3.499872e+001,-1.974176e-004,0.000000e+000,3,9.925343e-001,0.000000e+000,,,,,,,,,,,,,,32,1,4.000000e+000,1.560211e-003,0.000000e+000,0,,0,
1524020436.861,,0.000000e+000,3.499872e+001,-1.974763e-004,0.000000e+000,3,9.925913e-001,0.000000e+000,,,,,,,,,,,,,,32,1,4.000000e+000,0.000000e+000,0.000000e+000,0,,0,
1524020449.914,,0.000000e+000,3.499833e+001,-1.975076e-004,0.000000e+000,3,9.926275e-001,0.000000e+000,,,,,,,,,,,,,,32,1,4.000000e+000,7.781982e-004,0.000000e+000,0,,0,
1524020462.524,,0.000000e+000,3.499833e+001,-1.975372e-004,0.000000e+000,3,9.927346e-001,0.000000e+000,,,,,,,,,,,,,,32,1,4.000000e+000,7.781982e-004,0.000000e+000,0,,0,
1524020475.202,,0.000000e+000,3.499989e+001,-1.975648e-004,0.000000e+000,3,9.927483e-001,0.000000e+000,,,,,,,,,,,,,,32,1,4.000000e+000,7.781982e-004,0.000000e+000,0,,0,
1524020487.915,,0.000000e+000,3.499715e+001,-1.976327e-004,0.000000e+000,3,9.929070e-001,0.000000e+000,,,,,,,,,,,,,,32,1,4.000000e+000,1.571655e-003,0.000000e+000,0,,0,
1524020500.547,,0.000000e+000,3.500067e+001,-1.976026e-004,0.000000e+000,3,9.926497e-001,0.000000e+000,,,,,,,,,,,,,,32,1,4.000000e+000,3.910065e-003,0.000000e+000,0,,0,
1524020513.247,,0.000000e+000,3.499911e+001,-1.976400e-004,0.000000e+000,3,9.926546e-001,0.000000e+000,,,,,,,,,,,,,,32,1,4.000000e+000,7.820129e-004,0.000000e+000,0,,0,
1524020525.803,,0.000000e+000,3.499833e+001,-1.976472e-004,0.000000e+000,3,9.925001e-001,0.000000e+000,,,,,,,,,,,,,,32,1,4.000000e+000,2.349854e-003,0.000000e+000,0,,0,
1524020538.295,,0.000000e+000,3.499872e+001,-1.976805e-004,0.000000e+000,3,9.925883e-001,0.000000e+000,,,,,,,,,,,,,,32,1,4.000000e+000,1.560211e-003,0.000000e+000,0,,0,
1524020550.850,,0.000000e+000,3.499911e+001,-1.977306e-004,0.000000e+000,3,9.926570e-001,0.000000e+000,,,,,,,,,,,,,,32,1,4.000000e+000,7.820129e-004,0.000000e+000,0,,0,
1524020563.548,,0.000000e+000,3.499872e+001,-1.977855e-004,0.000000e+000,3,9.927215e-001,0.000000e+000,,,,,,,,,,,,,,32,1,4.000000e+000,0.000000e+000,0.000000e+000,0,,0,
1524020576.188,,0.000000e+000,3.499872e+001,-1.977863e-004,0.000000e+000,3,9.925901e-001,0.000000e+000,,,,,,,,,,,,,,32,1,4.000000e+000,1.560211e-003,0.000000e+000,0,,0,
1524020588.924,,0.000000e+000,3.499794e+001,-1.978154e-004,0.000000e+000,3,9.927309e-001,0.000000e+000,,,,,,,,,,,,,,32,1,4.000000e+000,0.000000e+000,0.000000e+000,0,,0,
1524020601.466,,0.000000e+000,3.499872e+001,-1.978842e-004,0.000000e+000,3,9.926037e-001,0.000000e+000,,,,,,,,,,,,,,32,1,4.000000e+000,1.560211e-003,0.000000e+000,0,,0,
1524020614.379,,0.000000e+000,3.499989e+001,-1.978891e-004,0.000000e+000,3,9.925877e-001,0.000000e+000,,,,,,,,,,,,,,32,1,4.000000e+000,7.781982e-004,0.000000e+000,0,,0,
1524020627.099,,0.000000e+000,3.499794e+001,-1.979490e-004,0.000000e+000,3,9.924530e-001,0.000000e+000,,,,,,,,,,,,,,32,1,4.000000e+000,0.000000e+000,0.000000e+000,0,,0,
1524020639.492,,0.000000e+000,3.499872e+001,-1.980464e-004,0.000000e+000,3,9.925150e-001,0.000000e+000,,,,,,,,,,,,,,32,1,4.000000e+000,0.000000e+000,0.000000e+000,0,,0,
1524020651.704,,0.000000e+000,3.499833e+001,-1.980437e-004,0.000000e+000,3,9.925105e-001,0.000000e+000,,,,,,,,,,,,,,32,1,4.000000e+000,7.781982e-004,0.000000e+000,0,,0,
1524020663.987,,0.000000e+000,3.499871e+001,-1.980403e-004,0.000000e+000,3,9.926842e-001,0.000000e+000,,,,,,,,,,,,,,32,1,4.000000e+000,4.692078e-003,0.000000e+000,0,,0,
1524020676.447,,0.000000e+000,3.500028e+001,-1.980576e-004,0.000000e+000,3,9.926491e-001,0.000000e+000,,,,,,,,,,,,,,32,1,4.000000e+000,1.560211e-003,0.000000e+000,0,,0,
1524020689.153,,0.000000e+000,3.499911e+001,-1.980819e-004,0.000000e+000,3,9.928713e-001,0.000000e+000,,,,,,,,,,,,,,32,1,4.000000e+000,7.820129e-004,0.000000e+000,0,,0,
1524020701.360,,0.000000e+000,3.499833e+001,-1.981383e-004,0.000000e+000,3,9.926334e-001,0.000000e+000,,,,,,,,,,,,,,32,1,4.000000e+000,7.781982e-004,0.000000e+000,0,,0,
1524020714.093,,0.000000e+000,3.499715e+001,-1.981592e-004,0.000000e+000,3,9.924808e-001,0.000000e+000,,,,,,,,,,,,,,32,1,4.000000e+000,1.571655e-003,0.000000e+000,0,,0,
1524020726.756,,0.000000e+000,3.499872e+001,-1.982048e-004,0.000000e+000,3,9.925290e-001,0.000000e+000,,,,,,,,,,,,,,32,1,4.000000e+000,1.560211e-003,0.000000e+000,0,,0,
1524020739.448,,0.000000e+000,3.499911e+001,-1.982230e-004,0.000000e+000,3,9.925095e-001,0.000000e+000,,,,,,,,,,,,,,32,1,4.000000e+000,7.820129e-004,0.000000e+000,0,,0,
1524020752.156,,0.000000e+000,3.499950e+001,-1.982651e-004,0.000000e+000,3,9.925256e-001,0.000000e+000,,,,,,,,,,,,,,32,1,4.000000e+000,1.560211e-003,0.000000e+000,0,,0,
1524020764.824,,0.000000e+000,3.499872e+001,-1.982789e-004,0.000000e+000,3,9.925803e-001,0.000000e+000,,,,,,,,,,,,,,32,1,4.000000e+000,1.560211e-003,0.000000e+000,0,,0,
1524020777.526,,0.000000e+000,3.499833e+001,-1.982898e-004,0.000000e+000,3,9.925853e-001,0.000000e+000,,,,,,,,,,,,,,32,1,4.000000e+000,7.781982e-004,0.000000e+000,0,,0,
1524020790.234,,0.000000e+000,3.499911e+001,-1.983268e-004,0.000000e+000,3,9.926124e-001,0.000000e+000,,,,,,,,,,,,,,32,1,4.000000e+000,7.820129e-004,0.000000e+000,0,,0,
1524020802.917,,0.000000e+000,3.499989e+001,-1.983574e-004,0.000000e+000,3,9.925516e-001,0.000000e+000,,,,,,,,,,,,,,32,1,4.000000e+000,7.781982e-004,0.000000e+000,0,,0,
1524020815.592,,0.000000e+000,3.499754e+001,-1.984312e-004,0.000000e+000,3,9.927016e-001,0.000000e+000,,,,,,,,,,,,,,32,1,4.000000e+000,7.896423e-004,0.000000e+000,0,,0,
1524020828.307,,0.000000e+000,3.499911e+001,-1.984611e-004,0.000000e+000,3,9.925309e-001,0.000000e+000,,,,,,,,,,,,,,32,1,4.000000e+000,2.338409e-003,0.000000e+000,0,,0,
1524020840.992,,0.000000e+000,3.499950e+001,-1.984525e-004,0.000000e+000,3,9.925410e-001,0.000000e+000,,,,,,,,,,,,,,32,1,4.000000e+000,1.560211e-003,0.000000e+000,0,,0,
1524020854.115,,0.000000e+000,3.499872e+001,-1.984705e-004,0.000000e+000,3,9.926741e-001,0.000000e+000,,,,,,,,,,,,,,32,1,4.000000e+000,0.000000e+000,0.000000e+000,0,,0,
1524020866.825,,0.000000e+000,3.499872e+001,-1.984932e-004,0.000000e+000,3,9.928576e-001,0.000000e+000,,,,,,,,,,,,,,32,1,4.000000e+000,0.000000e+000,0.000000e+000,0,,0,
1524020879.120,,0.000000e+000,3.499872e+001,-1.984682e-004,0.000000e+000,3,9.926093e-001,0.000000e+000,,,,,,,,,,,,,,32,1,4.000000e+000,0.000000e+000,0.000000e+000,0,,0,
1524020891.741,,0.000000e+000,3.499911e+001,-1.985881e-004,0.000000e+000,3,9.925886e-001,0.000000e+000,,,,,,,,,,,,,,32,1,4.000000e+000,7.820129e-004,0.000000e+000,0,,0,
1524020904.453,,0.000000e+000,3.499950e+001,-1.986096e-004,0.000000e+000,3,9.925396e-001,0.000000e+000,,,,,,,,,,,,,,32,1,4.000000e+000,3.120422e-003,0.000000e+000,0,,0,
1524020917.141,,0.000000e+000,3.499793e+001,-1.986175e-004,0.000000e+000,3,9.925939e-001,0.000000e+000,,,,,,,,,,,,,,32,1,4.000000e+000,1.567841e-003,0.000000e+000,0,,0,
1524020929.821,,0.000000e+000,3.499794e+001,-1.986431e-004,0.000000e+000,3,9.925271e-001,0.000000e+000,,,,,,,,,,,,,,32,1,4.000000e+000,0.000000e+000,0.000000e+000,0,,0,
1524020942.974,,0.000000e+000,3.499872e+001,-1.986851e-004,0.000000e+000,3,9.924874e-001,0.000000e+000,,,,,,,,,,,,,,32,1,4.000000e+000,1.560211e-003,0.000000e+000,0,,0,
1524020955.331,,0.000000e+000,3.499911e+001,-1.987156e-004,0.000000e+000,3,9.927680e-001,0.000000e+000,,,,,,,,,,,,,,32,1,4.000000e+000,7.820129e-004,0.000000e+000,0,,0,
1524020967.912,,0.000000e+000,3.499911e+001,-1.987208e-004,0.000000e+000,3,9.925663e-001,0.000000e+000,,,,,,,,,,,,,,32,1,4.000000e+000,7.820129e-004,0.000000e+000,0,,0,
1524020980.587,,0.000000e+000,3.499911e+001,-1.987357e-004,0.000000e+000,3,9.924697e-001,0.000000e+000,,,,,,,,,,,,,,32,1,4.000000e+000,7.820129e-004,0.000000e+000,0,,0,
1524020993.299,,0.000000e+000,3.499754e+001,-1.987771e-004,0.000000e+000,3,9.923550e-001,0.000000e+000,,,,,,,,,,,,,,32,1,4.000000e+000,2.349854e-003,0.000000e+000,0,,0,
1524021005.977,,0.000000e+000,3.499754e+001,-1.988235e-004,0.000000e+000,3,9.925390e-001,0.000000e+000,,,,,,,,,,,,,,32,1,4.000000e+000,7.896423e-004,0.000000e+000,0,,0,
1524021018.662,,0.000000e+000,3.499833e+001,-1.988468e-004,0.000000e+000,3,9.925237e-001,0.000000e+000,,,,,,,,,,,,,,32,1,4.000000e+000,7.781982e-004,0.000000e+000,0,,0,
1524021031.385,,0.000000e+000,3.499833e+001,-1.988536e-004,0.000000e+000,3,9.925369e-001,0.000000e+000,,,,,,,,,,,,,,32,1,4.000000e+000,7.781982e-004,0.000000e+000,0,,0,
1524021044.530,,0.000000e+000,3.499911e+001,-1.987529e-004,0.000000e+000,3,9.925944e-001,0.000000e+000,,,,,,,,,,,,,,32,1,4.000000e+000,7.820129e-004,0.000000e+000,0,,0,
1524021056.748,,0.000000e+000,3.499911e+001,-1.989182e-004,0.000000e+000,3,9.926273e-001,0.000000e+000,,,,,,,,,,,,,,32,1,4.000000e+000,7.820129e-004,0.000000e+000,0,,0,
1524021069.436,,0.000000e+000,3.499911e+001,-1.989711e-004,0.000000e+000,3,9.925694e-001,0.000000e+000,,,,,,,,,,,,,,32,1,4.000000e+000,7.820129e-004,0.000000e+000,0,,0,
1524021082.051,,0.000000e+000,3.499950e+001,-1.990080e-004,0.000000e+000,3,9.925622e-001,0.000000e+000,,,,,,,,,,,,,,32,1,4.000000e+000,1.560211e-003,0.000000e+000,0,,0,
1524021094.813,,0.000000e+000,3.499950e+001,-1.989981e-004,0.000000e+000,3,9.927729e-001,0.000000e+000,,,,,,,,,,,,,,32,1,4.000000e+000,1.560211e-003,0.000000e+000,0,,0,
1524021107.441,,0.000000e+000,3.499911e+001,-1.990360e-004,0.000000e+000,3,9.926106e-001,0.000000e+000,,,,,,,,,,,,,,32,1,4.000000e+000,7.820129e-004,0.000000e+000,0,,0,
1524021120.126,,0.000000e+000,3.499833e+001,-1.990623e-004,0.000000e+000,3,9.925688e-001,0.000000e+000,,,,,,,,,,,,,,32,1,4.000000e+000,2.349854e-003,0.000000e+000,0,,0,
1524021133.144,,0.000000e+000,3.499989e+001,-1.990866e-004,0.000000e+000,3,9.925715e-001,0.000000e+000,,,,,,,,,,,,,,32,1,4.000000e+000,7.781982e-004,0.000000e+000,0,,0,
1524021145.227,,0.000000e+000,3.500028e+001,-1.990988e-004,0.000000e+000,3,9.927070e-001,0.000000e+000,,,,,,,,,,,,,,32,1,4.000000e+000,0.000000e+000,0.000000e+000,0,,0,
1524021158.229,,0.000000e+000,3.499833e+001,-1.991149e-004,0.000000e+000,3,9.926876e-001,0.000000e+000,,,,,,,,,,,,,,32,1,4.000000e+000,7.781982e-004,0.000000e+000,0,,0,
1524021170.452,,0.000000e+000,3.499872e+001,-1.991982e-004,0.000000e+000,3,9.926670e-001,0.000000e+000,,,,,,,,,,,,,,32,1,4.000000e+000,0.000000e+000,0.000000e+000,0,,0,
1524021183.142,,0.000000e+000,3.499872e+001,-1.991960e-004,0.000000e+000,3,9.925307e-001,0.000000e+000,,,,,,,,,,,,,,32,1,4.000000e+000,0.000000e+000,0.000000e+000,0,,0,
1524021195.832,,0.000000e+000,3.499833e+001,-1.992006e-004,0.000000e+000,3,9.926364e-001,0.000000e+000,,,,,,,,,,,,,,32,1,4.000000e+000,7.781982e-004,0.000000e+000,0,,0,
1524021208.973,,0.000000e+000,3.499872e+001,-1.992533e-004,0.000000e+000,3,9.924571e-001,0.000000e+000,,,,,,,,,,,,,,32,1,4.000000e+000,1.560211e-003,0.000000e+000,0,,0,
1524021221.683,,0.000000e+000,3.499950e+001,-1.992521e-004,0.000000e+000,3,9.926608e-001,0.000000e+000,,,,,,,,,,,,,,32,1,4.000000e+000,0.000000e+000,0.000000e+000,0,,0,
1524021233.910,,0.000000e+000,3.499989e+001,-1.993123e-004,0.000000e+000,3,9.925625e-001,0.000000e+000,,,,,,,,,,,,,,32,1,4.000000e+000,7.781982e-004,0.000000e+000,0,,0,
1524021246.588,,0.000000e+000,3.499911e+001,-1.992999e-004,0.000000e+000,3,9.925931e-001,0.000000e+000,,,,,,,,,,,,,,32,1,4.000000e+000,7.820129e-004,0.000000e+000,0,,0,
1524021259.061,,0.000000e+000,3.499911e+001,-1.993629e-004,0.000000e+000,3,9.925958e-001,0.000000e+000,,,,,,,,,,,,,,32,1,4.000000e+000,2.338409e-003,0.000000e+000,0,,0,
1524021271.341,,0.000000e+000,3.499911e+001,-1.994809e-004,0.000000e+000,3,9.927244e-001,0.000000e+000,,,,,,,,,,,,,,32,1,4.000000e+000,2.338409e-003,0.000000e+000,0,,0,
1524021283.901,,0.000000e+000,3.499833e+001,-1.993922e-004,0.000000e+000,3,9.925542e-001,0.000000e+000,,,,,,,,,,,,,,32,1,4.000000e+000,7.781982e-004,0.000000e+000,0,,0,
1524021296.596,,0.000000e+000,3.499872e+001,-1.993972e-004,0.000000e+000,3,9.926382e-001,0.000000e+000,,,,,,,,,,,,,,32,1,4.000000e+000,1.560211e-003,0.000000e+000,0,,0,
1524021309.257,,0.000000e+000,3.499950e+001,-1.994432e-004,0.000000e+000,3,9.925222e-001,0.000000e+000,,,,,,,,,,,,,,32,1,4.000000e+000,0.000000e+000,0.000000e+000,0,,0,
1524021321.954,,0.000000e+000,3.499950e+001,-1.994699e-004,0.000000e+000,3,9.925165e-001,0.000000e+000,,,,,,,,,,,,,,32,1,4.000000e+000,0.000000e+000,0.000000e+000,0,,0,
1524021334.617,,0.000000e+000,3.499989e+001,-1.994923e-004,0.000000e+000,3,9.924480e-001,0.000000e+000,,,,,,,,,,,,,,32,1,4.000000e+000,7.781982e-004,0.000000e+000,0,,0,
1524021347.342,,0.000000e+000,3.499950e+001,-1.995539e-004,0.000000e+000,3,9.926083e-001,0.000000e+000,,,,,,,,,,,,,,32,1,4.000000e+000,0.000000e+000,0.000000e+000,0,,0,
1524021360.005,,0.000000e+000,3.499950e+001,-1.995260e-004,0.000000e+000,3,9.925762e-001,0.000000e+000,,,,,,,,,,,,,,32,1,4.000000e+000,0.000000e+000,0.000000e+000,0,,0,
1524021372.728,,0.000000e+000,3.499950e+001,-1.995514e-004,0.000000e+000,3,9.925463e-001,0.000000e+000,,,,,,,,,,,,,,32,1,4.000000e+000,0.000000e+000,0.000000e+000,0,,0,
1524021385.380,,0.000000e+000,3.499833e+001,-1.995622e-004,0.000000e+000,3,9.925741e-001,0.000000e+000,,,,,,,,,,,,,,32,1,4.000000e+000,7.781982e-004,0.000000e+000,0,,0,
1524021398.058,,0.000000e+000,3.499911e+001,-1.995791e-004,0.000000e+000,3,9.926234e-001,0.000000e+000,,,,,,,,,,,,,,32,1,4.000000e+000,7.820129e-004,0.000000e+000,0,,0,
1524021410.783,,0.000000e+000,3.499833e+001,-1.996154e-004,0.000000e+000,3,9.926518e-001,0.000000e+000,,,,,,,,,,,,,,32,1,4.000000e+000,7.781982e-004,0.000000e+000,0,,0,
1524021423.481,,0.000000e+000,3.499950e+001,-1.995862e-004,0.000000e+000,3,9.926074e-001,0.000000e+000,,,,,,,,,,,,,,32,1,4.000000e+000,0.000000e+000,0.000000e+000,0,,0,
1524021436.174,,0.000000e+000,3.499950e+001,-1.996089e-004,0.000000e+000,3,9.925850e-001,0.000000e+000,,,,,,,,,,,,,,32,1,4.000000e+000,1.560211e-003,0.000000e+000,0,,0,
1524021448.831,,0.000000e+000,3.499911e+001,-1.996948e-004,0.000000e+000,3,9.926615e-001,0.000000e+000,,,,,,,,,,,,,,32,1,4.000000e+000,7.820129e-004,0.000000e+000,0,,0,
1524021462.074,,0.000000e+000,3.499911e+001,-1.997396e-004,0.000000e+000,3,9.925709e-001,0.000000e+000,,,,,,,,,,,,,,32,1,4.000000e+000,7.820129e-004,0.000000e+000,0,,0,
1524021474.357,,0.000000e+000,3.499872e+001,-1.997656e-004,0.000000e+000,3,9.925119e-001,0.000000e+000,,,,,,,,,,,,,,32,1,4.000000e+000,0.000000e+000,0.000000e+000,0,,0,
1524021486.934,,0.000000e+000,3.499911e+001,-1.997727e-004,0.000000e+000,3,9.927925e-001,0.000000e+000,,,,,,,,,,,,,,32,1,4.000000e+000,7.820129e-004,0.000000e+000,0,,0,
1524021499.617,,0.000000e+000,3.499872e+001,-1.997943e-004,0.000000e+000,3,9.926254e-001,0.000000e+000,,,,,,,,,,,,,,32,1,4.000000e+000,1.560211e-003,0.000000e+000,0,,0,
1524021512.292,,0.000000e+000,3.499911e+001,-1.998326e-004,0.000000e+000,3,9.926392e-001,0.000000e+000,,,,,,,,,,,,,,32,1,4.000000e+000,7.820129e-004,0.000000e+000,0,,0,
1524021524.735,,0.000000e+000,3.499833e+001,-1.998410e-004,0.000000e+000,3,9.925802e-001,0.000000e+000,,,,,,,,,,,,,,32,1,4.000000e+000,7.781982e-004,0.000000e+000,0,,0,
1524021537.005,,0.000000e+000,3.499833e+001,-1.998404e-004,0.000000e+000,3,9.926388e-001,0.000000e+000,,,,,,,,,,,,,,32,1,4.000000e+000,7.781982e-004,0.000000e+000,0,,0,
1524021549.443,,0.000000e+000,3.499989e+001,-1.998928e-004,0.000000e+000,3,9.926828e-001,0.000000e+000,,,,,,,,,,,,,,32,1,4.000000e+000,3.898621e-003,0.000000e+000,0,,0,
1524021562.423,,0.000000e+000,3.499833e+001,-1.998852e-004,0.000000e+000,3,9.927288e-001,0.000000e+000,,,,,,,,,,,,,,32,1,4.000000e+000,7.781982e-004,0.000000e+000,0,,0,
1524021574.873,,0.000000e+000,3.499911e+001,-1.998984e-004,0.000000e+000,3,9.926684e-001,0.000000e+000,,,,,,,,,,,,,,32,1,4.000000e+000,7.820129e-004,0.000000e+000,0,,0,
1524021587.081,,0.000000e+000,3.499911e+001,-1.999408e-004,0.000000e+000,3,9.925679e-001,0.000000e+000,,,,,,,,,,,,,,32,1,4.000000e+000,7.820129e-004,0.000000e+000,0,,0,
1524021599.788,,0.000000e+000,3.499911e+001,-1.999826e-004,0.000000e+000,3,9.926123e-001,0.000000e+000,,,,,,,,,,,,,,32,1,4.000000e+000,7.820129e-004,0.000000e+000,0,,0,
1524021612.904,,0.000000e+000,3.499911e+001,-2.000004e-004,0.000000e+000,3,9.925384e-001,0.000000e+000,,,,,,,,,,,,,,32,1,4.000000e+000,7.820129e-004,0.000000e+000,0,,0,
1524021625.599,,0.000000e+000,3.499911e+001,-2.000173e-004,0.000000e+000,3,9.924886e-001,0.000000e+000,,,,,,,,,,,,,,32,1,4.000000e+000,7.820129e-004,0.000000e+000,0,,0,
1524021637.836,,0.000000e+000,3.499950e+001,-2.000453e-004,0.000000e+000,3,9.924402e-001,0.000000e+000,,,,,,,,,,,,,,32,1,4.000000e+000,1.560211e-003,0.000000e+000,0,,0,
1524021650.307,,0.000000e+000,3.499911e+001,-2.000635e-004,0.000000e+000,3,9.925774e-001,0.000000e+000,,,,,,,,,,,,,,32,1,4.000000e+000,7.820129e-004,0.000000e+000,0,,0,
1524021662.542,,0.000000e+000,3.499833e+001,-2.000814e-004,0.000000e+000,3,9.926012e-001,0.000000e+000,,,,,,,,,,,,,,32,1,4.000000e+000,7.781982e-004,0.000000e+000,0,,0,
1524021675.074,,0.000000e+000,3.499950e+001,-2.000954e-004,0.000000e+000,3,9.925345e-001,0.000000e+000,,,,,,,,,,,,,,32,1,4.000000e+000,0.000000e+000,0.000000e+000,0,,0,
1524021687.787,,0.000000e+000,3.499911e+001,-2.001288e-004,0.000000e+000,3,9.925518e-001,0.000000e+000,,,,,,,,,,,,,,32,1,4.000000e+000,7.820129e-004,0.000000e+000,0,,0,
1524021700.495,,0.000000e+000,3.499911e+001,-2.001578e-004,0.000000e+000,3,9.926719e-001,0.000000e+000,,,,,,,,,,,,,,32,1,4.000000e+000,7.820129e-004,0.000000e+000,0,,0,
1524021713.125,,0.000000e+000,3.499872e+001,-2.002306e-004,0.000000e+000,3,9.927508e-001,0.000000e+000,,,,,,,,,,,,,,32,1,4.000000e+000,0.000000e+000,0.000000e+000,0,,0,
1524021725.820,,0.000000e+000,3.499911e+001,-2.002093e-004,0.000000e+000,3,9.925693e-001,0.000000e+000,,,,,,,,,,,,,,32,1,4.000000e+000,7.820129e-004,0.000000e+000,0,,0,
1524021738.515,,0.000000e+000,3.499872e+001,-2.002113e-004,0.000000e+000,3,9.925639e-001,0.000000e+000,,,,,,,,,,,,,,32,1,4.000000e+000,0.000000e+000,0.000000e+000,0,,0,
1524021751.233,,0.000000e+000,3.499911e+001,-2.002411e-004,0.000000e+000,3,9.925267e-001,0.000000e+000,,,,,,,,,,,,,,32,1,4.000000e+000,7.820129e-004,0.000000e+000,0,,0,
1524021763.918,,0.000000e+000,3.499950e+001,-2.002613e-004,0.000000e+000,3,9.925961e-001,0.000000e+000,,,,,,,,,,,,,,32,1,4.000000e+000,1.560211e-003,0.000000e+000,0,,0,
1524021776.578,,0.000000e+000,3.499872e+001,-2.002614e-004,0.000000e+000,3,9.925289e-001,0.000000e+000,,,,,,,,,,,,,,32,1,4.000000e+000,1.560211e-003,0.000000e+000,0,,0,
1524021789.241,,0.000000e+000,3.499950e+001,-2.002847e-004,0.000000e+000,3,9.925686e-001,0.000000e+000,,,,,,,,,,,,,,32,1,4.000000e+000,0.000000e+000,0.000000e+000,0,,0,
1524021801.964,,0.000000e+000,3.499950e+001,-2.003049e-004,0.000000e+000,3,9.926975e-001,0.000000e+000,,,,,,,,,,,,,,32,1,4.000000e+000,1.560211e-003,0.000000e+000,0,,0,
1524021814.612,,0.000000e+000,3.499872e+001,-2.003348e-004,0.000000e+000,3,9.925993e-001,0.000000e+000,,,,,,,,,,,,,,32,1,4.000000e+000,1.560211e-003,0.000000e+000,0,,0,
1524021827.344,,0.000000e+000,3.499872e+001,-2.003479e-004,0.000000e+000,3,9.926116e-001,0.000000e+000,,,,,,,,,,,,,,32,1,4.000000e+000,0.000000e+000,0.000000e+000,0,,0,
1524021840.002,,0.000000e+000,3.499833e+001,-2.003802e-004,0.000000e+000,3,9.926123e-001,0.000000e+000,,,,,,,,,,,,,,32,1,4.000000e+000,7.781982e-004,0.000000e+000,0,,0,
1524021852.685,,0.000000e+000,3.499833e+001,-2.004239e-004,0.000000e+000,3,9.925959e-001,0.000000e+000,,,,,,,,,,,,,,32,1,4.000000e+000,7.781982e-004,0.000000e+000,0,,0,
1524021865.375,,0.000000e+000,3.499872e+001,-2.004596e-004,0.000000e+000,3,9.926668e-001,0.000000e+000,,,,,,,,,,,,,,32,1,4.000000e+000,0.000000e+000,0.000000e+000,0,,0,
1524021878.057,,0.000000e+000,3.499833e+001,-2.004577e-004,0.000000e+000,3,9.926645e-001,0.000000e+000,,,,,,,,,,,,,,32,1,4.000000e+000,2.349854e-003,0.000000e+000,0,,0,
1524021890.548,,0.000000e+000,3.499950e+001,-2.005109e-004,0.000000e+000,3,9.925122e-001,0.000000e+000,,,,,,,,,,,,,,32,1,4.000000e+000,1.560211e-003,0.000000e+000,0,,0,
1524021903.400,,0.000000e+000,3.499989e+001,-2.005018e-004,0.000000e+000,3,9.926622e-001,0.000000e+000,,,,,,,,,,,,,,32,1,4.000000e+000,7.781982e-004,0.000000e+000,0,,0,
1524021916.095,,0.000000e+000,3.499833e+001,-2.005256e-004,0.000000e+000,3,9.926708e-001,0.000000e+000,,,,,,,,,,,,,,32,1,4.000000e+000,7.781982e-004,0.000000e+000,0,,0,
1524021928.771,,0.000000e+000,3.499950e+001,-2.006002e-004,0.000000e+000,3,9.925954e-001,0.000000e+000,,,,,,,,,,,,,,32,1,4.000000e+000,1.560211e-003,0.000000e+000,0,,0,
1524021941.453,,0.000000e+000,3.499833e+001,-2.004749e-004,0.000000e+000,3,9.926508e-001,0.000000e+000,,,,,,,,,,,,,,32,1,4.000000e+000,7.781982e-004,0.000000e+000,0,,0,
1524021954.146,,0.000000e+000,3.499833e+001,-2.006167e-004,0.000000e+000,3,9.925920e-001,0.000000e+000,,,,,,,,,,,,,,32,1,4.000000e+000,7.781982e-004,0.000000e+000,0,,0,
1524021966.831,,0.000000e+000,3.499833e+001,-2.006117e-004,0.000000e+000,3,9.926164e-001,0.000000e+000,,,,,,,,,,,,,,32,1,4.000000e+000,7.781982e-004,0.000000e+000,0,,0,
1524021979.526,,0.000000e+000,3.499872e+001,-2.006445e-004,0.000000e+000,3,9.926479e-001,0.000000e+000,,,,,,,,,,,,,,32,1,4.000000e+000,1.560211e-003,0.000000e+000,0,,0,
1524021992.817,,0.000000e+000,3.499833e+001,-2.007017e-004,0.000000e+000,3,9.927707e-001,0.000000e+000,,,,,,,,,,,,,,32,1,4.000000e+000,2.349854e-003,0.000000e+000,0,,0,
1524022004.909,,0.000000e+000,3.499911e+001,-2.006649e-004,0.000000e+000,3,9.926355e-001,0.000000e+000,,,,,,,,,,,,,,32,1,4.000000e+000,7.820129e-004,0.000000e+000,0,,0,
1524022017.667,,0.000000e+000,3.499911e+001,-2.006705e-004,0.000000e+000,3,9.927980e-001,0.000000e+000,,,,,,,,,,,,,,32,1,4.000000e+000,7.820129e-004,0.000000e+000,0,,0,
1524022030.127,,0.000000e+000,3.499989e+001,-2.006864e-004,0.000000e+000,3,9.925185e-001,0.000000e+000,,,,,,,,,,,,,,32,1,4.000000e+000,7.781982e-004,0.000000e+000,0,,0,
1524022042.642,,0.000000e+000,3.499950e+001,-2.007284e-004,0.000000e+000,3,9.925507e-001,0.000000e+000,,,,,,,,,,,,,,32,1,4.000000e+000,1.560211e-003,0.000000e+000,0,,0,
1524022055.175,,0.000000e+000,3.499911e+001,-2.007449e-004,0.000000e+000,3,9.925424e-001,0.000000e+000,,,,,,,,,,,,,,32,1,4.000000e+000,7.820129e-004,0.000000e+000,0,,0,
1524022067.870,,0.000000e+000,3.499872e+001,-2.007691e-004,0.000000e+000,3,9.925827e-001,0.000000e+000,,,,,,,,,,,,,,32,1,4.000000e+000,1.560211e-003,0.000000e+000,0,,0,
1524022080.535,,0.000000e+000,3.500028e+001,-2.008023e-004,0.000000e+000,3,9.926950e-001,0.000000e+000,,,,,,,,,,,,,,32,1,4.000000e+000,1.560211e-003,0.000000e+000,0,,0,
1524022093.241,,0.000000e+000,3.499833e+001,-2.007950e-004,0.000000e+000,3,9.926182e-001,0.000000e+000,,,,,,,,,,,,,,32,1,4.000000e+000,7.781982e-004,0.000000e+000,0,,0,
1524022105.891,,0.000000e+000,3.499989e+001,-2.008342e-004,0.000000e+000,3,9.927163e-001,0.000000e+000,,,,,,,,,,,,,,32,1,4.000000e+000,7.781982e-004,0.000000e+000,0,,0,
1524022118.609,,0.000000e+000,3.499950e+001,-2.008417e-004,0.000000e+000,3,9.927476e-001,0.000000e+000,,,,,,,,,,,,,,32,1,4.000000e+000,1.560211e-003,0.000000e+000,0,,0,
1524022131.296,,0.000000e+000,3.499989e+001,-2.008391e-004,0.000000e+000,3,9.925613e-001,0.000000e+000,,,,,,,,,,,,,,32,1,4.000000e+000,7.781982e-004,0.000000e+000,0,,0,
1524022144.051,,0.000000e+000,3.499911e+001,-2.008900e-004,0.000000e+000,3,9.924015e-001,0.000000e+000,,,,,,,,,,,,,,32,1,4.000000e+000,7.820129e-004,0.000000e+000,0,,0,
1524022156.632,,0.000000e+000,3.499911e+001,-2.008887e-004,0.000000e+000,3,9.925930e-001,0.000000e+000,,,,,,,,,,,,,,32,1,4.000000e+000,2.338409e-003,0.000000e+000,0,,0,
1524022169.354,,0.000000e+000,3.499754e+001,-2.009191e-004,0.000000e+000,3,9.922460e-001,0.000000e+000,,,,,,,,,,,,,,32,1,4.000000e+000,7.896423e-004,0.000000e+000,0,,0,
1524022182.094,,0.000000e+000,3.499833e+001,-2.009137e-004,0.000000e+000,3,9.925757e-001,0.000000e+000,,,,,,,,,,,,,,32,1,4.000000e+000,7.781982e-004,0.000000e+000,0,,0,
1524022194.335,,0.000000e+000,3.499989e+001,-2.009486e-004,0.000000e+000,3,9.924743e-001,0.000000e+000,,,,,,,,,,,,,,32,1,4.000000e+000,2.342224e-003,0.000000e+000,0,,0,
1524022206.985,,0.000000e+000,3.499911e+001,-2.009290e-004,0.000000e+000,3,9.927048e-001,0.000000e+000,,,,,,,,,,,,,,32,1,4.000000e+000,7.820129e-004,0.000000e+000,0,,0,
1524022219.543,,0.000000e+000,3.499950e+001,-2.009495e-004,0.000000e+000,3,9.926336e-001,0.000000e+000,,,,,,,,,,,,,,32,1,4.000000e+000,0.000000e+000,0.000000e+000,0,,0,
1524022232.015,,0.000000e+000,3.499911e+001,-2.009837e-004,0.000000e+000,3,9.927581e-001,0.000000e+000,,,,,,,,,,,,,,32,1,4.000000e+000,7.820129e-004,0.000000e+000,0,,0,
1524022244.273,,0.000000e+000,3.499793e+001,-2.010047e-004,0.000000e+000,3,9.926667e-001,0.000000e+000,,,,,,,,,,,,,,32,1,4.000000e+000,1.567841e-003,0.000000e+000,0,,0,
1524022256.728,,0.000000e+000,3.500106e+001,-2.010524e-004,0.000000e+000,3,9.926284e-001,0.000000e+000,,,,,,,,,,,,,,32,1,4.000000e+000,3.128052e-003,0.000000e+000,0,,0,
1524022269.386,,0.000000e+000,3.499950e+001,-2.010517e-004,0.000000e+000,3,9.927140e-001,0.000000e+000,,,,,,,,,,,,,,32,1,4.000000e+000,0.000000e+000,0.000000e+000,0,,0,
1524022281.433,,0.000000e+000,3.499950e+001,-2.010909e-004,0.000000e+000,3,9.925937e-001,0.000000e+000,,,,,,,,,,,,,,32,1,4.000000e+000,0.000000e+000,0.000000e+000,0,,0,
1524022293.711,,0.000000e+000,3.500067e+001,-2.010589e-004,0.000000e+000,3,9.925712e-001,0.000000e+000,,,,,,,,,,,,,,32,1,4.000000e+000,3.910065e-003,0.000000e+000,0,,0,
1524022306.214,,0.000000e+000,3.499872e+001,-2.011273e-004,0.000000e+000,3,9.926708e-001,0.000000e+000,,,,,,,,,,,,,,32,1,4.000000e+000,1.560211e-003,0.000000e+000,0,,0,
1524022318.934,,0.000000e+000,3.499872e+001,-2.011623e-004,0.000000e+000,3,9.927235e-001,0.000000e+000,,,,,,,,,,,,,,32,1,4.000000e+000,1.560211e-003,0.000000e+000,0,,0,
1524022331.589,,0.000000e+000,3.499950e+001,-2.011520e-004,0.000000e+000,3,9.926052e-001,0.000000e+000,,,,,,,,,,,,,,32,1,4.000000e+000,0.000000e+000,0.000000e+000,0,,0,
1524022344.297,,0.000000e+000,3.499833e+001,-2.011862e-004,0.000000e+000,3,9.925393e-001,0.000000e+000,,,,,,,,,,,,,,32,1,4.000000e+000,7.781982e-004,0.000000e+000,0,,0,
1524022356.972,,0.000000e+000,3.499793e+001,-2.011654e-004,0.000000e+000,3,9.925932e-001,0.000000e+000,,,,,,,,,,,,,,32,1,4.000000e+000,1.567841e-003,0.000000e+000,0,,0,
1524022369.660,,0.000000e+000,3.499950e+001,-2.011825e-004,0.000000e+000,3,9.925697e-001,0.000000e+000,,,,,,,,,,,,,,32,1,4.000000e+000,1.560211e-003,0.000000e+000,0,,0,
1524022382.372,,0.000000e+000,3.499911e+001,-2.012316e-004,0.000000e+000,3,9.926969e-001,0.000000e+000,,,,,,,,,,,,,,32,1,4.000000e+000,7.820129e-004,0.000000e+000,0,,0,
1524022395.058,,0.000000e+000,3.499911e+001,-2.012562e-004,0.000000e+000,3,9.923239e-001,0.000000e+000,,,,,,,,,,,,,,32,1,4.000000e+000,7.820129e-004,0.000000e+000,0,,0,
1524022407.518,,0.000000e+000,3.499989e+001,-2.012594e-004,0.000000e+000,3,9.925814e-001,0.000000e+000,,,,,,,,,,,,,,32,1,4.000000e+000,7.781982e-004,0.000000e+000,0,,0,
1524022420.365,,0.000000e+000,3.499950e+001,-2.012613e-004,0.000000e+000,3,9.926840e-001,0.000000e+000,,,,,,,,,,,,,,32,1,4.000000e+000,0.000000e+000,0.000000e+000,0,,0,
1524022433.053,,0.000000e+000,3.499911e+001,-2.012759e-004,0.000000e+000,3,9.926834e-001,0.000000e+000,,,,,,,,,,,,,,32,1,4.000000e+000,7.820129e-004,0.000000e+000,0,,0,
1524022446.333,,0.000000e+000,3.499833e+001,-2.012815e-004,0.000000e+000,3,9.925822e-001,0.000000e+000,,,,,,,,,,,,,,32,1,4.000000e+000,7.781982e-004,0.000000e+000,0,,0,
1524022458.421,,0.000000e+000,3.499872e+001,-2.013734e-004,0.000000e+000,3,9.926325e-001,0.000000e+000,,,,,,,,,,,,,,32,1,4.000000e+000,1.560211e-003,0.000000e+000,0,,0,
1524022471.706,,0.000000e+000,3.499911e+001,-2.013641e-004,0.000000e+000,3,9.926451e-001,0.000000e+000,,,,,,,,,,,,,,32,1,4.000000e+000,7.820129e-004,0.000000e+000,0,,0,
1524022484.394,,0.000000e+000,3.499833e+001,-2.014171e-004,0.000000e+000,3,9.926413e-001,0.000000e+000,,,,,,,,,,,,,,32,1,4.000000e+000,7.781982e-004,0.000000e+000,0,,0,
1524022497.084,,0.000000e+000,3.499872e+001,-2.013914e-004,0.000000e+000,3,9.926563e-001,0.000000e+000,,,,,,,,,,,,,,32,1,4.000000e+000,1.560211e-003,0.000000e+000,0,,0,
1524022509.782,,0.000000e+000,3.499872e+001,-2.014682e-004,0.000000e+000,3,9.928361e-001,0.000000e+000,,,,,,,,,,,,,,32,1,4.000000e+000,1.560211e-003,0.000000e+000,0,,0,
1524022522.452,,0.000000e+000,3.499911e+001,-2.014989e-004,0.000000e+000,3,9.927984e-001,0.000000e+000,,,,,,,,,,,,,,32,1,4.000000e+000,7.820129e-004,0.000000e+000,0,,0,
1524022534.252,,0.000000e+000,3.500028e+001,-2.014673e-004,0.000000e+000,3,9.925244e-001,0.000000e+000,,,,,,,,,,,,,,32,1,4.000000e+000,1.560211e-003,0.000000e+000,0,,0,
1524022546.890,,0.000000e+000,3.499989e+001,-2.014665e-004,0.000000e+000,3,9.925739e-001,0.000000e+000,,,,,,,,,,,,,,32,1,4.000000e+000,7.781982e-004,0.000000e+000,0,,0,
1524022559.447,,0.000000e+000,3.499911e+001,-2.014833e-004,0.000000e+000,3,9.927111e-001,0.000000e+000,,,,,,,,,,,,,,32,1,4.000000e+000,7.820129e-004,0.000000e+000,0,,0,
1524022572.668,,0.000000e+000,3.500067e+001,-2.014966e-004,0.000000e+000,3,9.926156e-001,0.000000e+000,,,,,,,,,,,,,,32,1,4.000000e+000,7.820129e-004,0.000000e+000,0,,0,
1524022584.955,,0.000000e+000,3.499950e+001,-2.015044e-004,0.000000e+000,3,9.925288e-001,0.000000e+000,,,,,,,,,,,,,,32,1,4.000000e+000,1.560211e-003,0.000000e+000,0,,0,
1524022597.503,,0.000000e+000,3.499911e+001,-2.015198e-004,0.000000e+000,3,9.926458e-001,0.000000e+000,,,,,,,,,,,,,,32,1,4.000000e+000,7.820129e-004,0.000000e+000,0,,0,
1524022610.201,,0.000000e+000,3.499911e+001,-2.015460e-004,0.000000e+000,3,9.926891e-001,0.000000e+000,,,,,,,,,,,,,,32,1,4.000000e+000,7.820129e-004,0.000000e+000,0,,0,
1524022622.838,,0.000000e+000,3.499833e+001,-2.016216e-004,0.000000e+000,3,9.928040e-001,0.000000e+000,,,,,,,,,,,,,,32,1,4.000000e+000,2.349854e-003,0.000000e+000,0,,0,
1524022635.619,,0.000000e+000,3.499872e+001,-2.015765e-004,0.000000e+000,3,9.925967e-001,0.000000e+000,,,,,,,,,,,,,,32,1,4.000000e+000,1.560211e-003,0.000000e+000,0,,0,
1524022648.321,,0.000000e+000,3.499871e+001,-2.016049e-004,0.000000e+000,3,9.925525e-001,0.000000e+000,,,,,,,,,,,,,,32,1,4.000000e+000,3.128052e-003,0.000000e+000,0,,0,
1524022660.939,,0.000000e+000,3.499950e+001,-2.016256e-004,0.000000e+000,3,9.926047e-001,0.000000e+000,,,,,,,,,,,,,,32,1,4.000000e+000,0.000000e+000,0.000000e+000,0,,0,
1524022673.622,,0.000000e+000,3.499872e+001,-2.016185e-004,0.000000e+000,3,9.925718e-001,0.000000e+000,,,,,,,,,,,,,,32,1,4.000000e+000,0.000000e+000,0.000000e+000,0,,0,
1524022686.299,,0.000000e+000,3.499911e+001,-2.016697e-004,0.000000e+000,3,9.927054e-001,0.000000e+000,,,,,,,,,,,,,,32,1,4.000000e+000,7.820129e-004,0.000000e+000,0,,0,
1524022698.740,,0.000000e+000,3.499950e+001,-2.016693e-004,0.000000e+000,3,9.926698e-001,0.000000e+000,,,,,,,,,,,,,,32,1,4.000000e+000,0.000000e+000,0.000000e+000,0,,0,
1524022711.622,,0.000000e+000,3.500028e+001,-2.016851e-004,0.000000e+000,3,9.927123e-001,0.000000e+000,,,,,,,,,,,,,,32,1,4.000000e+000,1.560211e-003,0.000000e+000,0,,0,
1524022724.315,,0.000000e+000,3.499911e+001,-2.016817e-004,0.000000e+000,3,9.926866e-001,0.000000e+000,,,,,,,,,,,,,,32,1,4.000000e+000,7.820129e-004,0.000000e+000,0,,0,
1524022737.090,,0.000000e+000,3.499950e+001,-2.016756e-004,0.000000e+000,3,9.924734e-001,0.000000e+000,,,,,,,,,,,,,,32,1,4.000000e+000,0.000000e+000,0.000000e+000,0,,0,
1524022749.723,,0.000000e+000,3.499872e+001,-2.017559e-004,0.000000e+000,3,9.925563e-001,0.000000e+000,,,,,,,,,,,,,,32,1,4.000000e+000,1.560211e-003,0.000000e+000,0,,0,
1524022762.405,,0.000000e+000,3.499871e+001,-2.017422e-004,0.000000e+000,3,9.926390e-001,0.000000e+000,,,,,,,,,,,,,,32,1,4.000000e+000,3.128052e-003,0.000000e+000,0,,0,
1524022775.096,,0.000000e+000,3.500106e+001,-2.018115e-004,0.000000e+000,3,9.927003e-001,0.000000e+000,,,,,,,,,,,,,,32,1,4.000000e+000,1.560211e-003,0.000000e+000,0,,0,
1524022787.773,,0.000000e+000,3.499872e+001,-2.017486e-004,0.000000e+000,3,9.925609e-001,0.000000e+000,,,,,,,,,,,,,,32,1,4.000000e+000,1.560211e-003,0.000000e+000,0,,0,
1524022800.574,,0.000000e+000,3.500185e+001,-2.018046e-004,0.000000e+000,3,9.925988e-001,0.000000e+000,,,,,,,,,,,,,,32,1,4.000000e+000,1.567841e-003,0.000000e+000,0,,0,
1524022813.106,,0.000000e+000,3.499911e+001,-2.017862e-004,0.000000e+000,3,9.926614e-001,0.000000e+000,,,,,,,,,,,,,,32,1,4.000000e+000,7.820129e-004,0.000000e+000,0,,0,
1524022825.804,,0.000000e+000,3.499872e+001,-2.018112e-004,0.000000e+000,3,9.927641e-001,0.000000e+000,,,,,,,,,,,,,,32,1,4.000000e+000,1.560211e-003,0.000000e+000,0,,0,
1524022838.484,,0.000000e+000,3.499872e+001,-2.018497e-004,0.000000e+000,3,9.928263e-001,0.000000e+000,,,,,,,,,,,,,,32,1,4.000000e+000,0.000000e+000,0.000000e+000,0,,0,
1524022851.162,,0.000000e+000,3.499989e+001,-2.018151e-004,0.000000e+000,3,9.925414e-001,0.000000e+000,,,,,,,,,,,,,,32,1,4.000000e+000,7.781982e-004,0.000000e+000,0,,0,
1524022863.892,,0.000000e+000,3.499872e+001,-2.018914e-004,0.000000e+000,3,9.926436e-001,0.000000e+000,,,,,,,,,,,,,,32,1,4.000000e+000,1.560211e-003,0.000000e+000,0,,0,
1524022876.367,,0.000000e+000,3.499754e+001,-2.019284e-004,0.000000e+000,3,9.926080e-001,0.000000e+000,,,,,,,,,,,,,,32,1,4.000000e+000,7.896423e-004,0.000000e+000,0,,0,
1524022888.765,,0.000000e+000,3.499715e+001,-2.019117e-004,0.000000e+000,3,9.926181e-001,0.000000e+000,,,,,,,,,,,,,,32,1,4.000000e+000,1.571655e-003,0.000000e+000,0,,0,
1524022901.425,,0.000000e+000,3.499911e+001,-2.019298e-004,0.000000e+000,3,9.926845e-001,0.000000e+000,,,,,,,,,,,,,,32,1,4.000000e+000,7.820129e-004,0.000000e+000,0,,0,
1524022914.105,,0.000000e+000,3.499950e+001,-2.019380e-004,0.000000e+000,3,9.927492e-001,0.000000e+000,,,,,,,,,,,,,,32,1,4.000000e+000,1.560211e-003,0.000000e+000,0,,0,
1524022926.818,,0.000000e+000,3.499950e+001,-2.019985e-004,0.000000e+000,3,9.926227e-001,0.000000e+000,,,,,,,,,,,,,,32,1,4.000000e+000,1.560211e-003,0.000000e+000,0,,0,
1524022939.486,,0.000000e+000,3.499950e+001,-2.019838e-004,0.000000e+000,3,9.926428e-001,0.000000e+000,,,,,,,,,,,,,,32,1,4.000000e+000,1.560211e-003,0.000000e+000,0,,0,
1524022952.128,,0.000000e+000,3.499754e+001,-2.020028e-004,0.000000e+000,3,9.926454e-001,0.000000e+000,,,,,,,,,,,,,,32,1,4.000000e+000,7.896423e-004,0.000000e+000,0,,0,
1524022964.856,,0.000000e+000,3.499989e+001,-2.020232e-004,0.000000e+000,3,9.926195e-001,0.000000e+000,,,,,,,,,,,,,,32,1,4.000000e+000,7.781982e-004,0.000000e+000,0,,0,
1524022977.489,,0.000000e+000,3.499911e+001,-2.019949e-004,0.000000e+000,3,9.926686e-001,0.000000e+000,,,,,,,,,,,,,,32,1,4.000000e+000,7.820129e-004,0.000000e+000,0,,0,
1524022990.171,,0.000000e+000,3.499950e+001,-2.020514e-004,0.000000e+000,3,9.926498e-001,0.000000e+000,,,,,,,,,,,,,,32,1,4.000000e+000,0.000000e+000,0.000000e+000,0,,0,
1524023002.511,,0.000000e+000,3.499871e+001,-2.020541e-004,0.000000e+000,3,9.926050e-001,0.000000e+000,,,,,,,,,,,,,,32,1,4.000000e+000,3.128052e-003,0.000000e+000,0,,0,
1524023015.062,,0.000000e+000,3.499950e+001,-2.020474e-004,0.000000e+000,3,9.925822e-001,0.000000e+000,,,,,,,,,,,,,,32,1,4.000000e+000,1.560211e-003,0.000000e+000,0,,0,
1524023027.874,,0.000000e+000,3.499911e+001,-2.020930e-004,0.000000e+000,3,9.927855e-001,0.000000e+000,,,,,,,,,,,,,,32,1,4.000000e+000,7.820129e-004,0.000000e+000,0,,0,
1524023040.449,,0.000000e+000,3.499911e+001,-2.021400e-004,0.000000e+000,3,9.927436e-001,0.000000e+000,,,,,,,,,,,,,,32,1,4.000000e+000,7.820129e-004,0.000000e+000,0,,0,
1524023053.127,,0.000000e+000,3.499833e+001,-2.021021e-004,0.000000e+000,3,9.926490e-001,0.000000e+000,,,,,,,,,,,,,,32,1,4.000000e+000,7.781982e-004,0.000000e+000,0,,0,
1524023065.922,,0.000000e+000,3.499872e+001,-2.021470e-004,0.000000e+000,3,9.927867e-001,0.000000e+000,,,,,,,,,,,,,,32,1,4.000000e+000,1.560211e-003,0.000000e+000,0,,0,
1524023078.505,,0.000000e+000,3.499872e+001,-2.021812e-004,0.000000e+000,3,9.926621e-001,0.000000e+000,,,,,,,,,,,,,,32,1,4.000000e+000,0.000000e+000,0.000000e+000,0,,0,
1524023091.720,,0.000000e+000,3.499911e+001,-2.021654e-004,0.000000e+000,3,9.927294e-001,0.000000e+000,,,,,,,,,,,,,,32,1,4.000000e+000,7.820129e-004,0.000000e+000,0,,0,
1524023104.008,,0.000000e+000,3.499872e+001,-2.021839e-004,0.000000e+000,3,9.926466e-001,0.000000e+000,,,,,,,,,,,,,,32,1,4.000000e+000,0.000000e+000,0.000000e+000,0,,0,
1524023116.558,,0.000000e+000,3.499793e+001,-2.021862e-004,0.000000e+000,3,9.925667e-001,0.000000e+000,,,,,,,,,,,,,,32,1,4.000000e+000,1.567841e-003,0.000000e+000,0,,0,
1524023129.438,,0.000000e+000,3.500067e+001,-2.021993e-004,0.000000e+000,3,9.925818e-001,0.000000e+000,,,,,,,,,,,,,,32,1,4.000000e+000,7.820129e-004,0.000000e+000,0,,0,
1524023141.929,,0.000000e+000,3.499833e+001,-2.022288e-004,0.000000e+000,3,9.926027e-001,0.000000e+000,,,,,,,,,,,,,,32,1,4.000000e+000,7.781982e-004,0.000000e+000,0,,0,
1524023154.584,,0.000000e+000,3.499950e+001,-2.022504e-004,0.000000e+000,3,9.926159e-001,0.000000e+000,,,,,,,,,,,,,,32,1,4.000000e+000,0.000000e+000,0.000000e+000,0,,0,
1524023167.296,,0.000000e+000,3.499911e+001,-2.022695e-004,0.000000e+000,3,9.927806e-001,0.000000e+000,,,,,,,,,,,,,,32,1,4.000000e+000,7.820129e-004,0.000000e+000,0,,0,
1524023179.977,,0.000000e+000,3.499989e+001,-2.022905e-004,0.000000e+000,3,9.925413e-001,0.000000e+000,,,,,,,,,,,,,,32,1,4.000000e+000,7.781982e-004,0.000000e+000,0,,0,
1524023193.212,,0.000000e+000,3.499950e+001,-2.023114e-004,0.000000e+000,3,9.927050e-001,0.000000e+000,,,,,,,,,,,,,,32,1,4.000000e+000,0.000000e+000,0.000000e+000,0,,0,
1524023205.002,,0.000000e+000,3.499872e+001,-2.023096e-004,0.000000e+000,3,9.926763e-001,0.000000e+000,,,,,,,,,,,,,,32,1,4.000000e+000,0.000000e+000,0.000000e+000,0,,0,
1524023217.697,,0.000000e+000,3.499872e+001,-2.023034e-004,0.000000e+000,3,9.926796e-001,0.000000e+000,,,,,,,,,,,,,,32,1,4.000000e+000,0.000000e+000,0.000000e+000,0,,0,
1524023230.675,,0.000000e+000,3.499950e+001,-2.022944e-004,0.000000e+000,3,9.926694e-001,0.000000e+000,,,,,,,,,,,,,,32,1,4.000000e+000,0.000000e+000,0.000000e+000,0,,0,
1524023243.367,,0.000000e+000,3.499872e+001,-2.023499e-004,0.000000e+000,3,9.926962e-001,0.000000e+000,,,,,,,,,,,,,,32,1,4.000000e+000,0.000000e+000,0.000000e+000,0,,0,
1524023256.045,,0.000000e+000,3.499911e+001,-2.023565e-004,0.000000e+000,3,9.925513e-001,0.000000e+000,,,,,,,,,,,,,,32,1,4.000000e+000,7.820129e-004,0.000000e+000,0,,0,
1524023268.528,,0.000000e+000,3.499911e+001,-2.024186e-004,0.000000e+000,3,9.925953e-001,0.000000e+000,,,,,,,,,,,,,,32,1,4.000000e+000,7.820129e-004,0.000000e+000,0,,0,
1524023280.948,,0.000000e+000,3.499872e+001,-2.024165e-004,0.000000e+000,3,9.926252e-001,0.000000e+000,,,,,,,,,,,,,,32,1,4.000000e+000,0.000000e+000,0.000000e+000,0,,0,
1524023294.171,,0.000000e+000,3.499911e+001,-2.025146e-004,0.000000e+000,3,9.923650e-001,0.000000e+000,,,,,,,,,,,,,,32,1,4.000000e+000,7.820129e-004,0.000000e+000,0,,0,
1524023306.433,,0.000000e+000,3.499872e+001,-2.024589e-004,0.000000e+000,3,9.925623e-001,0.000000e+000,,,,,,,,,,,,,,32,1,4.000000e+000,0.000000e+000,0.000000e+000,0,,0,
1524023319.001,,0.000000e+000,3.499872e+001,-2.024293e-004,0.000000e+000,3,9.927134e-001,0.000000e+000,,,,,,,,,,,,,,32,1,4.000000e+000,0.000000e+000,0.000000e+000,0,,0,
1524023331.446,,0.000000e+000,3.499911e+001,-2.024644e-004,0.000000e+000,3,9.926203e-001,0.000000e+000,,,,,,,,,,,,,,32,1,4.000000e+000,7.820129e-004,0.000000e+000,0,,0,
1524023344.316,,0.000000e+000,3.499911e+001,-2.024758e-004,0.000000e+000,3,9.925498e-001,0.000000e+000,,,,,,,,,,,,,,32,1,4.000000e+000,7.820129e-004,0.000000e+000,0,,0,
1524023357.607,,0.000000e+000,3.500028e+001,-2.024789e-004,0.000000e+000,3,9.927408e-001,0.000000e+000,,,,,,,,,,,,,,32,1,4.000000e+000,1.560211e-003,0.000000e+000,0,,0,
1524023369.439,,0.000000e+000,3.500028e+001,-2.025462e-004,0.000000e+000,3,9.925593e-001,0.000000e+000,,,,,,,,,,,,,,32,1,4.000000e+000,1.560211e-003,0.000000e+000,0,,0,
1524023381.877,,0.000000e+000,3.499911e+001,-2.024994e-004,0.000000e+000,3,9.926298e-001,0.000000e+000,,,,,,,,,,,,,,32,1,4.000000e+000,7.820129e-004,0.000000e+000,0,,0,
1524023394.307,,0.000000e+000,3.499793e+001,-2.025426e-004,0.000000e+000,3,9.925846e-001,0.000000e+000,,,,,,,,,,,,,,32,1,4.000000e+000,1.567841e-003,0.000000e+000,0,,0,
1524023407.230,,0.000000e+000,3.499911e+001,-2.025374e-004,0.000000e+000,3,9.926615e-001,0.000000e+000,,,,,,,,,,,,,,32,1,4.000000e+000,7.820129e-004,0.000000e+000,0,,0,
1524023419.628,,0.000000e+000,3.499872e+001,-2.025569e-004,0.000000e+000,3,9.927682e-001,0.000000e+000,,,,,,,,,,,,,,32,1,4.000000e+000,0.000000e+000,0.000000e+000,0,,0,
1524023433.185,,0.000000e+000,3.499989e+001,-2.025370e-004,0.000000e+000,3,9.927419e-001,0.000000e+000,,,,,,,,,,,,,,32,1,4.000000e+000,7.781982e-004,0.000000e+000,0,,0,
1524023445.295,,0.000000e+000,3.499911e+001,-2.025990e-004,0.000000e+000,3,9.927104e-001,0.000000e+000,,,,,,,,,,,,,,32,1,4.000000e+000,7.820129e-004,0.000000e+000,0,,0,
1524023457.983,,0.000000e+000,3.499911e+001,-2.026183e-004,0.000000e+000,3,9.925914e-001,0.000000e+000,,,,,,,,,,,,,,32,1,4.000000e+000,7.820129e-004,0.000000e+000,0,,0,
1524023470.348,,0.000000e+000,3.500028e+001,-2.026427e-004,0.000000e+000,3,9.925655e-001,0.000000e+000,,,,,,,,,,,,,,32,1,4.000000e+000,0.000000e+000,0.000000e+000,0,,0,
1524023482.859,,0.000000e+000,3.499950e+001,-2.026495e-004,0.000000e+000,3,9.927291e-001,0.000000e+000,,,,,,,,,,,,,,32,1,4.000000e+000,0.000000e+000,0.000000e+000,0,,0,
1524023495.536,,0.000000e+000,3.499911e+001,-2.026663e-004,0.000000e+000,3,9.926655e-001,0.000000e+000,,,,,,,,,,,,,,32,1,4.000000e+000,7.820129e-004,0.000000e+000,0,,0,
1524023508.231,,0.000000e+000,3.499911e+001,-2.026516e-004,0.000000e+000,3,9.926653e-001,0.000000e+000,,,,,,,,,,,,,,32,1,4.000000e+000,7.820129e-004,0.000000e+000,0,,0,
1524023520.959,,0.000000e+000,3.499950e+001,-2.027080e-004,0.000000e+000,3,9.922737e-001,0.000000e+000,,,,,,,,,,,,,,32,1,4.000000e+000,1.560211e-003,0.000000e+000,0,,0,
1524023533.589,,0.000000e+000,3.499872e+001,-2.026894e-004,0.000000e+000,3,9.927225e-001,0.000000e+000,,,,,,,,,,,,,,32,1,4.000000e+000,1.560211e-003,0.000000e+000,0,,0,
1524023546.297,,0.000000e+000,3.499872e+001,-2.026985e-004,0.000000e+000,3,9.926136e-001,0.000000e+000,,,,,,,,,,,,,,32,1,4.000000e+000,0.000000e+000,0.000000e+000,0,,0,
1524023559.535,,0.000000e+000,3.499911e+001,-2.027154e-004,0.000000e+000,3,9.925743e-001,0.000000e+000,,,,,,,,,,,,,,32,1,4.000000e+000,7.820129e-004,0.000000e+000,0,,0,
1524023571.825,,0.000000e+000,3.499950e+001,-2.027411e-004,0.000000e+000,3,9.925010e-001,0.000000e+000,,,,,,,,,,,,,,32,1,4.000000e+000,0.000000e+000,0.000000e+000,0,,0,
1524023584.368,,0.000000e+000,3.499911e+001,-2.027697e-004,0.000000e+000,3,9.926963e-001,0.000000e+000,,,,,,,,,,,,,,32,1,4.000000e+000,7.820129e-004,0.000000e+000,0,,0,
1524023596.815,,0.000000e+000,3.499911e+001,-2.027946e-004,0.000000e+000,3,9.925641e-001,0.000000e+000,,,,,,,,,,,,,,32,1,4.000000e+000,7.820129e-004,0.000000e+000,0,,0,
1524023610.240,,0.000000e+000,3.499950e+001,-2.027822e-004,0.000000e+000,3,9.926288e-001,0.000000e+000,,,,,,,,,,,,,,32,1,4.000000e+000,0.000000e+000,0.000000e+000,0,,0,
1524023622.961,,0.000000e+000,3.499911e+001,-2.028111e-004,0.000000e+000,3,9.927024e-001,0.000000e+000,,,,,,,,,,,,,,32,1,4.000000e+000,7.820129e-004,0.000000e+000,0,,0,
1524023635.646,,0.000000e+000,3.499989e+001,-2.027990e-004,0.000000e+000,3,9.926994e-001,0.000000e+000,,,,,,,,,,,,,,32,1,4.000000e+000,7.781982e-004,0.000000e+000,0,,0,
1524023648.411,,0.000000e+000,3.499989e+001,-2.028163e-004,0.000000e+000,3,9.926198e-001,0.000000e+000,,,,,,,,,,,,,,32,1,4.000000e+000,7.781982e-004,0.000000e+000,0,,0,
1524023661.154,,0.000000e+000,3.499872e+001,-2.028213e-004,0.000000e+000,3,9.926162e-001,0.000000e+000,,,,,,,,,,,,,,32,1,4.000000e+000,1.560211e-003,0.000000e+000,0,,0,
1524023673.834,,0.000000e+000,3.499989e+001,-2.028862e-004,0.000000e+000,3,9.926757e-001,0.000000e+000,,,,,,,,,,,,,,32,1,4.000000e+000,7.781982e-004,0.000000e+000,0,,0,
1524023686.512,,0.000000e+000,3.499911e+001,-2.028597e-004,0.000000e+000,3,9.926427e-001,0.000000e+000,,,,,,,,,,,,,,32,1,4.000000e+000,7.820129e-004,0.000000e+000,0,,0,
1524023699.222,,0.000000e+000,3.499950e+001,-2.029215e-004,0.000000e+000,3,9.927635e-001,0.000000e+000,,,,,,,,,,,,,,32,1,4.000000e+000,1.560211e-003,0.000000e+000,0,,0,
1524023712.394,,0.000000e+000,3.499989e+001,-2.028779e-004,0.000000e+000,3,9.926919e-001,0.000000e+000,,,,,,,,,,,,,,32,1,4.000000e+000,7.781982e-004,0.000000e+000,0,,0,
