[Header]
TITLE,MPMS DC Measurement
BYAPP,MPMS Measurement,2.1,Summary
FILEOPENTIME, 1524090253.290000 4/18/2018, 4:24:13 PM

INFO, APPNAME, MPMS MultiVu Application, Revision 1.61,  Build 082

INFO, NAME, TC04-12-01K
INFO, WEIGHT, 1.000
INFO, AREA, 1.000
INFO, LENGTH, 1.000
INFO, SHAPE, 0
INFO, COMMENT, 
INFO, SEQUENCE FILE: VRMac_55K_1500s_VRMde_55K.seq


INFO, BACKGROUND DATA FILE:, None


STARTUPAXIS,X,4,LINEAR,AUTO,0.000000,0.000000
STARTUPAXIS,Y1,5,LINEAR,AUTO,0.000000,0.000000


STARTUPGROUP,Longitudinal
FIELDGROUP,Longitudinal,1,2,3,4,5,6,7,8,9,15,16,17,18,27,28
FIELDGROUP,Transverse,1,2,3,4,10,11,12,13,14,19,20,21,22,27,28

PLOT_APPEARANCE,ALL,HORZ_GRID_ON,VERT_GRID_ON,MARKERS_AND_LINES

[Data]
Time,Comment,Field (Oe),Temperature (K),Long Moment (emu),Long Scan Std Dev,Long Algorithm,Long Reg Fit,Long Percent Error (%),Trans Moment (emu),Trans Scan Std Dev,Trans Algorithm,Trans Reg Fit,Trans Percent Error (%),Long Moment [w/o ABS] (emu),Long Scan Std Dev [w/o ABS],Long Reg Fit [w/o ABS],Long Percent Error [w/o ABS] (%),Trans Moment [w/o ABS] (emu),Trans Scan Std Dev [w/o ABS],Trans Reg Fit [w/o ABS],Trans Percent Error [w/o ABS] (%),Points per Scan,Scans per Measurement,Scan Length (cm),Delta Temp (K),Rot Position (deg),Error,EC Comp. Running,Using ABS,
1524090253.290,,0.000000e+000,5.499577e+001,-1.254101e-005,0.000000e+000,3,9.641700e-001,0.000000e+000,,,,,,,,,,,,,,32,1,4.000000e+000,7.888794e-003,0.000000e+000,0,,0,
1524090265.660,,0.000000e+000,5.499511e+001,-1.079366e-005,0.000000e+000,3,9.614832e-001,0.000000e+000,,,,,,,,,,,,,,32,1,4.000000e+000,1.319885e-003,0.000000e+000,0,,0,
1524090278.350,,0.000000e+000,5.500103e+001,-9.504884e-006,0.000000e+000,3,9.633191e-001,0.000000e+000,,,,,,,,,,,,,,32,1,4.000000e+000,2.639771e-003,0.000000e+000,0,,0,
1524090290.740,,0.000000e+000,5.500103e+001,-8.637910e-006,0.000000e+000,3,9.547045e-001,0.000000e+000,,,,,,,,,,,,,,32,1,4.000000e+000,5.279541e-003,0.000000e+000,0,,0,
1524090303.570,,0.000000e+000,5.499643e+001,-7.964979e-006,0.000000e+000,3,9.573739e-001,0.000000e+000,,,,,,,,,,,,,,32,1,4.000000e+000,6.568909e-003,0.000000e+000,0,,0,
1524090315.950,,0.000000e+000,5.499183e+001,-7.385481e-006,0.000000e+000,3,9.517201e-001,0.000000e+000,,,,,,,,,,,,,,32,1,4.000000e+000,2.632141e-003,0.000000e+000,0,,0,
1524090328.750,,0.000000e+000,5.499905e+001,-6.864685e-006,0.000000e+000,3,9.531267e-001,0.000000e+000,,,,,,,,,,,,,,32,1,4.000000e+000,1.319885e-003,0.000000e+000,0,,0,
1524090341.130,,0.000000e+000,5.500432e+001,-6.496158e-006,0.000000e+000,3,9.506093e-001,0.000000e+000,,,,,,,,,,,,,,32,1,4.000000e+000,1.300812e-003,0.000000e+000,0,,0,
1524090353.930,,0.000000e+000,5.499971e+001,-5.978593e-006,0.000000e+000,3,9.452818e-001,0.000000e+000,,,,,,,,,,,,,,32,1,4.000000e+000,2.639771e-003,0.000000e+000,0,,0,
1524090366.380,,0.000000e+000,5.500103e+001,-5.761700e-006,0.000000e+000,3,9.400527e-001,0.000000e+000,,,,,,,,,,,,,,32,1,4.000000e+000,5.279541e-003,0.000000e+000,0,,0,
1524090379.180,,0.000000e+000,5.499840e+001,-5.476445e-006,0.000000e+000,3,9.458357e-001,0.000000e+000,,,,,,,,,,,,,,32,1,4.000000e+000,5.260468e-003,0.000000e+000,0,,0,
1524090391.580,,0.000000e+000,5.499905e+001,-5.190931e-006,0.000000e+000,3,9.356932e-001,0.000000e+000,,,,,,,,,,,,,,32,1,4.000000e+000,3.948212e-003,0.000000e+000,0,,0,
1524090404.360,,0.000000e+000,5.500037e+001,-4.925203e-006,0.000000e+000,3,9.433092e-001,0.000000e+000,,,,,,,,,,,,,,32,1,4.000000e+000,1.319885e-003,0.000000e+000,0,,0,
1524090416.760,,0.000000e+000,5.498920e+001,-4.782976e-006,0.000000e+000,3,9.306384e-001,0.000000e+000,,,,,,,,,,,,,,32,1,4.000000e+000,7.892609e-003,0.000000e+000,0,,0,
1524090429.560,,0.000000e+000,5.499643e+001,-4.549546e-006,0.000000e+000,3,9.311343e-001,0.000000e+000,,,,,,,,,,,,,,32,1,4.000000e+000,1.312256e-003,0.000000e+000,0,,0,
1524090441.960,,0.000000e+000,5.499446e+001,-4.318860e-006,0.000000e+000,3,9.204307e-001,0.000000e+000,,,,,,,,,,,,,,32,1,4.000000e+000,1.842117e-002,0.000000e+000,0,,0,
1524090454.770,,0.000000e+000,5.499840e+001,-4.112345e-006,0.000000e+000,3,9.184333e-001,0.000000e+000,,,,,,,,,,,,,,32,1,4.000000e+000,2.628326e-003,0.000000e+000,0,,0,
1524090467.200,,0.000000e+000,5.499577e+001,-4.011115e-006,0.000000e+000,3,9.089152e-001,0.000000e+000,,,,,,,,,,,,,,32,1,4.000000e+000,2.632141e-003,0.000000e+000,0,,0,
1524090479.970,,0.000000e+000,5.499577e+001,-3.844238e-006,0.000000e+000,3,9.183094e-001,0.000000e+000,,,,,,,,,,,,,,32,1,4.000000e+000,0.000000e+000,0.000000e+000,0,,0,
1524090492.350,,0.000000e+000,5.500168e+001,-3.768402e-006,0.000000e+000,3,9.061953e-001,0.000000e+000,,,,,,,,,,,,,,32,1,4.000000e+000,6.580353e-003,0.000000e+000,0,,0,
1524090505.180,,0.000000e+000,5.499972e+001,-3.583019e-006,0.000000e+000,3,9.052007e-001,0.000000e+000,,,,,,,,,,,,,,32,1,4.000000e+000,5.268097e-003,0.000000e+000,0,,0,
1524090517.570,,0.000000e+000,5.500169e+001,-3.514807e-006,0.000000e+000,3,8.970700e-001,0.000000e+000,,,,,,,,,,,,,,32,1,4.000000e+000,3.959656e-003,0.000000e+000,0,,0,
1524090530.400,,0.000000e+000,5.499643e+001,-3.410664e-006,0.000000e+000,3,8.893372e-001,0.000000e+000,,,,,,,,,,,,,,32,1,4.000000e+000,6.568909e-003,0.000000e+000,0,,0,
1524090542.790,,0.000000e+000,5.499643e+001,-3.357847e-006,0.000000e+000,3,8.761907e-001,0.000000e+000,,,,,,,,,,,,,,32,1,4.000000e+000,1.312256e-003,0.000000e+000,0,,0,
1524090555.630,,0.000000e+000,5.499971e+001,-3.185663e-006,0.000000e+000,3,8.849714e-001,0.000000e+000,,,,,,,,,,,,,,32,1,4.000000e+000,2.639771e-003,0.000000e+000,0,,0,
1524090568.031,,0.000000e+000,5.499380e+001,-3.110535e-006,0.000000e+000,3,8.759496e-001,0.000000e+000,,,,,,,,,,,,,,32,1,4.000000e+000,1.446915e-002,0.000000e+000,0,,0,
1524090580.811,,0.000000e+000,5.499971e+001,-2.987984e-006,0.000000e+000,3,8.664712e-001,0.000000e+000,,,,,,,,,,,,,,32,1,4.000000e+000,2.639771e-003,0.000000e+000,0,,0,
1524090593.251,,0.000000e+000,5.500761e+001,-2.959824e-006,0.000000e+000,3,8.566318e-001,0.000000e+000,,,,,,,,,,,,,,32,1,4.000000e+000,0.000000e+000,0.000000e+000,0,,0,
1524090606.051,,0.000000e+000,5.500234e+001,-2.934614e-006,0.000000e+000,3,8.515429e-001,0.000000e+000,,,,,,,,,,,,,,32,1,4.000000e+000,7.900238e-003,0.000000e+000,0,,0,
1524090618.271,,0.000000e+000,5.500234e+001,-2.962461e-006,0.000000e+000,3,8.475448e-001,0.000000e+000,,,,,,,,,,,,,,32,1,4.000000e+000,7.900238e-003,0.000000e+000,0,,0,
1524090630.941,,0.000000e+000,5.499774e+001,-2.748982e-006,0.000000e+000,3,8.309234e-001,0.000000e+000,,,,,,,,,,,,,,32,1,4.000000e+000,3.940582e-003,0.000000e+000,0,,0,
1524090643.501,,0.000000e+000,5.499972e+001,-2.831144e-006,0.000000e+000,3,8.177579e-001,0.000000e+000,,,,,,,,,,,,,,32,1,4.000000e+000,1.314926e-002,0.000000e+000,0,,0,
1524090656.461,,0.000000e+000,5.499511e+001,-2.748847e-006,0.000000e+000,3,8.185801e-001,0.000000e+000,,,,,,,,,,,,,,32,1,4.000000e+000,3.940582e-003,0.000000e+000,0,,0,
1524090668.831,,0.000000e+000,5.499905e+001,-2.813957e-006,0.000000e+000,3,8.134803e-001,0.000000e+000,,,,,,,,,,,,,,32,1,4.000000e+000,3.948212e-003,0.000000e+000,0,,0,
1524090681.671,,0.000000e+000,5.499445e+001,-2.699785e-006,0.000000e+000,3,8.128709e-001,0.000000e+000,,,,,,,,,,,,,,32,1,4.000000e+000,0.000000e+000,0.000000e+000,0,,0,
1524090693.751,,0.000000e+000,5.499314e+001,-2.696027e-006,0.000000e+000,3,7.882959e-001,0.000000e+000,,,,,,,,,,,,,,32,1,4.000000e+000,5.260468e-003,0.000000e+000,0,,0,
1524090706.291,,0.000000e+000,5.499840e+001,-2.590671e-006,0.000000e+000,3,7.996707e-001,0.000000e+000,,,,,,,,,,,,,,32,1,4.000000e+000,5.260468e-003,0.000000e+000,0,,0,
1524090720.701,,0.000000e+000,5.500169e+001,-7.985793e-007,0.000000e+000,2,0.000000e+000,0.000000e+000,,,,,,,,,,,,,,32,1,4.000000e+000,1.319885e-003,0.000000e+000,0,,0,
1524090734.943,,0.000000e+000,5.500103e+001,-5.939218e-007,0.000000e+000,2,0.000000e+000,0.000000e+000,,,,,,,,,,,,,,32,1,4.000000e+000,0.000000e+000,0.000000e+000,0,,0,
1524090749.595,,0.000000e+000,5.499840e+001,-5.664226e-007,0.000000e+000,2,0.000000e+000,0.000000e+000,,,,,,,,,,,,,,32,1,4.000000e+000,2.628326e-003,0.000000e+000,0,,0,
1524090764.477,,0.000000e+000,5.499905e+001,-4.139943e-007,0.000000e+000,2,0.000000e+000,0.000000e+000,,,,,,,,,,,,,,32,1,4.000000e+000,3.948212e-003,0.000000e+000,0,,0,
1524090778.879,,0.000000e+000,5.499380e+001,-3.313362e-007,0.000000e+000,2,0.000000e+000,0.000000e+000,,,,,,,,,,,,,,32,1,4.000000e+000,3.948212e-003,0.000000e+000,0,,0,
1524090793.041,,0.000000e+000,5.499839e+001,-3.847147e-007,0.000000e+000,2,0.000000e+000,0.000000e+000,,,,,,,,,,,,,,32,1,4.000000e+000,0.000000e+000,0.000000e+000,0,,0,
1524090805.661,,0.000000e+000,5.499511e+001,2.685894e-006,0.000000e+000,3,6.498320e-001,0.000000e+000,,,,,,,,,,,,,,32,1,4.000000e+000,1.319885e-003,0.000000e+000,0,,0,
1524090818.241,,0.000000e+000,5.499773e+001,2.525519e-006,0.000000e+000,3,6.286022e-001,0.000000e+000,,,,,,,,,,,,,,32,1,4.000000e+000,1.308441e-003,0.000000e+000,0,,0,
1524090830.871,,0.000000e+000,5.499577e+001,2.582125e-006,0.000000e+000,3,6.312059e-001,0.000000e+000,,,,,,,,,,,,,,32,1,4.000000e+000,2.632141e-003,0.000000e+000,0,,0,
1524090843.451,,0.000000e+000,5.499182e+001,2.468665e-006,0.000000e+000,3,6.146502e-001,0.000000e+000,,,,,,,,,,,,,,32,1,4.000000e+000,1.052094e-002,0.000000e+000,0,,0,
1524090856.561,,0.000000e+000,5.499051e+001,2.559509e-006,0.000000e+000,3,6.530406e-001,0.000000e+000,,,,,,,,,,,,,,32,1,4.000000e+000,7.888794e-003,0.000000e+000,0,,0,
1524090868.661,,0.000000e+000,5.499708e+001,-2.680735e-006,0.000000e+000,3,7.667488e-001,0.000000e+000,,,,,,,,,,,,,,32,1,4.000000e+000,5.260468e-003,0.000000e+000,0,,0,
1524090883.303,,0.000000e+000,5.499708e+001,-3.572324e-008,0.000000e+000,2,0.000000e+000,0.000000e+000,,,,,,,,,,,,,,32,1,4.000000e+000,2.620697e-003,0.000000e+000,0,,0,
1524090895.193,,0.000000e+000,5.500235e+001,-2.736780e-006,0.000000e+000,3,7.421976e-001,0.000000e+000,,,,,,,,,,,,,,32,1,4.000000e+000,2.639771e-003,0.000000e+000,0,,0,
1524090907.723,,0.000000e+000,5.500037e+001,-2.570607e-006,0.000000e+000,3,7.370065e-001,0.000000e+000,,,,,,,,,,,,,,32,1,4.000000e+000,1.184082e-002,0.000000e+000,0,,0,
1524090920.043,,0.000000e+000,5.499380e+001,-2.657358e-006,0.000000e+000,3,7.292815e-001,0.000000e+000,,,,,,,,,,,,,,32,1,4.000000e+000,3.948212e-003,0.000000e+000,0,,0,
1524090932.583,,0.000000e+000,5.500103e+001,-2.595805e-006,0.000000e+000,3,7.361892e-001,0.000000e+000,,,,,,,,,,,,,,32,1,4.000000e+000,2.639771e-003,0.000000e+000,0,,0,
1524090945.043,,0.000000e+000,5.499380e+001,-2.717290e-006,0.000000e+000,3,7.492387e-001,0.000000e+000,,,,,,,,,,,,,,32,1,4.000000e+000,3.948212e-003,0.000000e+000,0,,0,
1524090959.835,,0.000000e+000,5.499972e+001,3.289913e-007,0.000000e+000,2,0.000000e+000,0.000000e+000,,,,,,,,,,,,,,32,1,4.000000e+000,5.268097e-003,0.000000e+000,0,,0,
1524090973.857,,0.000000e+000,5.499380e+001,3.283633e-007,0.000000e+000,2,0.000000e+000,0.000000e+000,,,,,,,,,,,,,,32,1,4.000000e+000,1.308441e-003,0.000000e+000,0,,0,
1524090987.839,,0.000000e+000,5.500761e+001,4.508759e-007,0.000000e+000,2,0.000000e+000,0.000000e+000,,,,,,,,,,,,,,32,1,4.000000e+000,5.268097e-003,0.000000e+000,0,,0,
1524091001.851,,0.000000e+000,5.500431e+001,5.205647e-007,0.000000e+000,2,0.000000e+000,0.000000e+000,,,,,,,,,,,,,,32,1,4.000000e+000,9.208679e-003,0.000000e+000,0,,0,
1524091016.383,,0.000000e+000,5.499774e+001,5.746193e-007,0.000000e+000,2,0.000000e+000,0.000000e+000,,,,,,,,,,,,,,32,1,4.000000e+000,6.580353e-003,0.000000e+000,0,,0,
1524091030.845,,0.000000e+000,5.500301e+001,6.084591e-007,0.000000e+000,2,0.000000e+000,0.000000e+000,,,,,,,,,,,,,,32,1,4.000000e+000,1.319885e-003,0.000000e+000,0,,0,
1524091045.617,,0.000000e+000,5.499971e+001,6.495463e-007,0.000000e+000,2,0.000000e+000,0.000000e+000,,,,,,,,,,,,,,32,1,4.000000e+000,1.052094e-002,0.000000e+000,0,,0,
1524091060.329,,0.000000e+000,5.500037e+001,7.064940e-007,0.000000e+000,2,0.000000e+000,0.000000e+000,,,,,,,,,,,,,,32,1,4.000000e+000,6.587982e-003,0.000000e+000,0,,0,
1524091072.719,,0.000000e+000,5.499643e+001,2.331455e-006,0.000000e+000,3,6.811986e-001,0.000000e+000,,,,,,,,,,,,,,32,1,4.000000e+000,6.568909e-003,0.000000e+000,0,,0,
1524091087.601,,0.000000e+000,5.499577e+001,6.604305e-007,0.000000e+000,2,0.000000e+000,0.000000e+000,,,,,,,,,,,,,,32,1,4.000000e+000,5.249023e-003,0.000000e+000,0,,0,
1524091099.561,,0.000000e+000,5.500037e+001,2.572136e-006,0.000000e+000,3,7.249319e-001,0.000000e+000,,,,,,,,,,,,,,32,1,4.000000e+000,1.319885e-003,0.000000e+000,0,,0,
1524091112.241,,0.000000e+000,5.499905e+001,2.360672e-006,0.000000e+000,3,7.158487e-001,0.000000e+000,,,,,,,,,,,,,,32,1,4.000000e+000,1.319885e-003,0.000000e+000,0,,0,
1524091126.383,,0.000000e+000,5.499445e+001,7.765746e-007,0.000000e+000,2,0.000000e+000,0.000000e+000,,,,,,,,,,,,,,32,1,4.000000e+000,7.881165e-003,0.000000e+000,0,,0,
1524091138.223,,0.000000e+000,5.499577e+001,2.373710e-006,0.000000e+000,3,7.076929e-001,0.000000e+000,,,,,,,,,,,,,,32,1,4.000000e+000,1.052094e-002,0.000000e+000,0,,0,
1524091150.843,,0.000000e+000,5.499643e+001,2.380808e-006,0.000000e+000,3,7.034910e-001,0.000000e+000,,,,,,,,,,,,,,32,1,4.000000e+000,1.312256e-003,0.000000e+000,0,,0,
1524091163.593,,0.000000e+000,5.499577e+001,2.395692e-006,0.000000e+000,3,6.956205e-001,0.000000e+000,,,,,,,,,,,,,,32,1,4.000000e+000,0.000000e+000,0.000000e+000,0,,0,
1524091176.503,,0.000000e+000,5.499708e+001,2.348814e-006,0.000000e+000,3,7.140589e-001,0.000000e+000,,,,,,,,,,,,,,32,1,4.000000e+000,2.620697e-003,0.000000e+000,0,,0,
1524091188.443,,0.000000e+000,5.500365e+001,2.351880e-006,0.000000e+000,3,6.952764e-001,0.000000e+000,,,,,,,,,,,,,,32,1,4.000000e+000,1.052856e-002,0.000000e+000,0,,0,
1524091200.573,,0.000000e+000,5.500103e+001,2.445472e-006,0.000000e+000,3,7.277508e-001,0.000000e+000,,,,,,,,,,,,,,32,1,4.000000e+000,1.052094e-002,0.000000e+000,0,,0,
1524091213.153,,0.000000e+000,5.499972e+001,2.432445e-006,0.000000e+000,3,7.420488e-001,0.000000e+000,,,,,,,,,,,,,,32,1,4.000000e+000,5.268097e-003,0.000000e+000,0,,0,
1524091225.793,,0.000000e+000,5.500301e+001,2.513058e-006,0.000000e+000,3,7.428988e-001,0.000000e+000,,,,,,,,,,,,,,32,1,4.000000e+000,1.319885e-003,0.000000e+000,0,,0,
1524091238.083,,0.000000e+000,5.499839e+001,2.434534e-006,0.000000e+000,3,7.431182e-001,0.000000e+000,,,,,,,,,,,,,,32,1,4.000000e+000,0.000000e+000,0.000000e+000,0,,0,
1524091250.583,,0.000000e+000,5.500169e+001,2.539225e-006,0.000000e+000,3,7.249372e-001,0.000000e+000,,,,,,,,,,,,,,32,1,4.000000e+000,1.319885e-003,0.000000e+000,0,,0,
1524091263.523,,0.000000e+000,5.499971e+001,2.435178e-006,0.000000e+000,3,7.293981e-001,0.000000e+000,,,,,,,,,,,,,,32,1,4.000000e+000,0.000000e+000,0.000000e+000,0,,0,
1524091275.903,,0.000000e+000,5.499708e+001,2.498839e-006,0.000000e+000,3,7.581261e-001,0.000000e+000,,,,,,,,,,,,,,32,1,4.000000e+000,5.260468e-003,0.000000e+000,0,,0,
1524091288.514,,0.000000e+000,5.499709e+001,2.526966e-006,0.000000e+000,3,7.390825e-001,0.000000e+000,,,,,,,,,,,,,,32,1,4.000000e+000,7.888794e-003,0.000000e+000,0,,0,
1524091301.544,,0.000000e+000,5.500366e+001,2.469036e-006,0.000000e+000,3,7.713381e-001,0.000000e+000,,,,,,,,,,,,,,32,1,4.000000e+000,2.620697e-003,0.000000e+000,0,,0,
1524091313.794,,0.000000e+000,5.500103e+001,2.612949e-006,0.000000e+000,3,7.564699e-001,0.000000e+000,,,,,,,,,,,,,,32,1,4.000000e+000,7.888794e-003,0.000000e+000,0,,0,
1524091326.554,,0.000000e+000,5.499708e+001,2.440332e-006,0.000000e+000,3,7.523934e-001,0.000000e+000,,,,,,,,,,,,,,32,1,4.000000e+000,2.620697e-003,0.000000e+000,0,,0,
1524091339.224,,0.000000e+000,5.499971e+001,2.512031e-006,0.000000e+000,3,7.689443e-001,0.000000e+000,,,,,,,,,,,,,,32,1,4.000000e+000,0.000000e+000,0.000000e+000,0,,0,
1524091351.954,,0.000000e+000,5.499643e+001,2.430964e-006,0.000000e+000,3,7.603838e-001,0.000000e+000,,,,,,,,,,,,,,32,1,4.000000e+000,1.312256e-003,0.000000e+000,0,,0,
1524091364.704,,0.000000e+000,5.500169e+001,2.471539e-006,0.000000e+000,3,7.785890e-001,0.000000e+000,,,,,,,,,,,,,,32,1,4.000000e+000,3.959656e-003,0.000000e+000,0,,0,
1524091377.884,,0.000000e+000,5.499708e+001,2.537544e-006,0.000000e+000,3,7.645292e-001,0.000000e+000,,,,,,,,,,,,,,32,1,4.000000e+000,5.260468e-003,0.000000e+000,0,,0,
1524091390.554,,0.000000e+000,5.499445e+001,2.481000e-006,0.000000e+000,3,7.616581e-001,0.000000e+000,,,,,,,,,,,,,,32,1,4.000000e+000,0.000000e+000,0.000000e+000,0,,0,
1524091403.724,,0.000000e+000,5.499906e+001,2.573126e-006,0.000000e+000,3,7.727070e-001,0.000000e+000,,,,,,,,,,,,,,32,1,4.000000e+000,9.220123e-003,0.000000e+000,0,,0,
1524091415.654,,0.000000e+000,5.500037e+001,2.514956e-006,0.000000e+000,3,7.579985e-001,0.000000e+000,,,,,,,,,,,,,,32,1,4.000000e+000,6.587982e-003,0.000000e+000,0,,0,
1524091428.134,,0.000000e+000,5.499708e+001,2.551969e-006,0.000000e+000,3,7.842258e-001,0.000000e+000,,,,,,,,,,,,,,32,1,4.000000e+000,0.000000e+000,0.000000e+000,0,,0,
1524091440.734,,0.000000e+000,5.499841e+001,2.511423e-006,0.000000e+000,3,7.691641e-001,0.000000e+000,,,,,,,,,,,,,,32,1,4.000000e+000,1.052856e-002,0.000000e+000,0,,0,
1524091453.824,,0.000000e+000,5.499773e+001,2.506558e-006,0.000000e+000,3,7.847714e-001,0.000000e+000,,,,,,,,,,,,,,32,1,4.000000e+000,1.308441e-003,0.000000e+000,0,,0,
1524091465.724,,0.000000e+000,5.499642e+001,2.574000e-006,0.000000e+000,3,7.769144e-001,0.000000e+000,,,,,,,,,,,,,,32,1,4.000000e+000,3.940582e-003,0.000000e+000,0,,0,
1524091478.684,,0.000000e+000,5.499840e+001,2.550068e-006,0.000000e+000,3,8.007287e-001,0.000000e+000,,,,,,,,,,,,,,32,1,4.000000e+000,7.900238e-003,0.000000e+000,0,,0,
1524091491.414,,0.000000e+000,5.499971e+001,2.636033e-006,0.000000e+000,3,7.659969e-001,0.000000e+000,,,,,,,,,,,,,,32,1,4.000000e+000,0.000000e+000,0.000000e+000,0,,0,
1524091504.284,,0.000000e+000,5.499905e+001,2.493395e-006,0.000000e+000,3,7.968194e-001,0.000000e+000,,,,,,,,,,,,,,32,1,4.000000e+000,1.319885e-003,0.000000e+000,0,,0,
1524091516.644,,0.000000e+000,5.499971e+001,2.626074e-006,0.000000e+000,3,7.753505e-001,0.000000e+000,,,,,,,,,,,,,,32,1,4.000000e+000,2.639771e-003,0.000000e+000,0,,0,
1524091529.384,,0.000000e+000,5.499840e+001,2.544943e-006,0.000000e+000,3,7.987329e-001,0.000000e+000,,,,,,,,,,,,,,32,1,4.000000e+000,7.900238e-003,0.000000e+000,0,,0,
1524091541.794,,0.000000e+000,5.499972e+001,2.685867e-006,0.000000e+000,3,8.057567e-001,0.000000e+000,,,,,,,,,,,,,,32,1,4.000000e+000,5.268097e-003,0.000000e+000,0,,0,
1524091554.554,,0.000000e+000,5.500037e+001,2.669826e-006,0.000000e+000,3,7.778963e-001,0.000000e+000,,,,,,,,,,,,,,32,1,4.000000e+000,3.959656e-003,0.000000e+000,0,,0,
1524091567.204,,0.000000e+000,5.499906e+001,2.581507e-006,0.000000e+000,3,8.136574e-001,0.000000e+000,,,,,,,,,,,,,,32,1,4.000000e+000,6.580353e-003,0.000000e+000,0,,0,
1524091579.344,,0.000000e+000,5.499840e+001,2.665522e-006,0.000000e+000,3,7.873084e-001,0.000000e+000,,,,,,,,,,,,,,32,1,4.000000e+000,5.260468e-003,0.000000e+000,0,,0,
1524091591.964,,0.000000e+000,5.499971e+001,2.678133e-006,0.000000e+000,3,8.005007e-001,0.000000e+000,,,,,,,,,,,,,,32,1,4.000000e+000,2.639771e-003,0.000000e+000,0,,0,
1524091604.704,,0.000000e+000,5.499708e+001,2.622997e-006,0.000000e+000,3,7.948120e-001,0.000000e+000,,,,,,,,,,,,,,32,1,4.000000e+000,2.620697e-003,0.000000e+000,0,,0,
1524091617.164,,0.000000e+000,5.499380e+001,2.688925e-006,0.000000e+000,3,8.017043e-001,0.000000e+000,,,,,,,,,,,,,,32,1,4.000000e+000,3.948212e-003,0.000000e+000,0,,0,
1524091629.754,,0.000000e+000,5.499643e+001,2.684631e-006,0.000000e+000,3,7.923758e-001,0.000000e+000,,,,,,,,,,,,,,32,1,4.000000e+000,9.208679e-003,0.000000e+000,0,,0,
1524091642.844,,0.000000e+000,5.499445e+001,2.686561e-006,0.000000e+000,3,8.144882e-001,0.000000e+000,,,,,,,,,,,,,,32,1,4.000000e+000,7.881165e-003,0.000000e+000,0,,0,
1524091654.944,,0.000000e+000,5.499839e+001,2.712583e-006,0.000000e+000,3,8.016182e-001,0.000000e+000,,,,,,,,,,,,,,32,1,4.000000e+000,0.000000e+000,0.000000e+000,0,,0,
1524091667.564,,0.000000e+000,5.499708e+001,2.727005e-006,0.000000e+000,3,8.077960e-001,0.000000e+000,,,,,,,,,,,,,,32,1,4.000000e+000,2.620697e-003,0.000000e+000,0,,0,
1524091680.154,,0.000000e+000,5.499708e+001,2.717454e-006,0.000000e+000,3,8.022875e-001,0.000000e+000,,,,,,,,,,,,,,32,1,4.000000e+000,2.620697e-003,0.000000e+000,0,,0,
1524091692.764,,0.000000e+000,5.499380e+001,2.718491e-006,0.000000e+000,3,8.220657e-001,0.000000e+000,,,,,,,,,,,,,,32,1,4.000000e+000,3.948212e-003,0.000000e+000,0,,0,
1524091705.354,,0.000000e+000,5.499380e+001,2.700596e-006,0.000000e+000,3,8.176799e-001,0.000000e+000,,,,,,,,,,,,,,32,1,4.000000e+000,1.308441e-003,0.000000e+000,0,,0,
1524091718.154,,0.000000e+000,5.499841e+001,2.743981e-006,0.000000e+000,3,8.198064e-001,0.000000e+000,,,,,,,,,,,,,,32,1,4.000000e+000,1.052856e-002,0.000000e+000,0,,0,
1524091730.364,,0.000000e+000,5.499511e+001,2.719784e-006,0.000000e+000,3,8.195285e-001,0.000000e+000,,,,,,,,,,,,,,32,1,4.000000e+000,1.319885e-003,0.000000e+000,0,,0,
1524091742.494,,0.000000e+000,5.499972e+001,2.839780e-006,0.000000e+000,3,8.123487e-001,0.000000e+000,,,,,,,,,,,,,,32,1,4.000000e+000,5.268097e-003,0.000000e+000,0,,0,
1524091754.834,,0.000000e+000,5.500037e+001,2.746090e-006,0.000000e+000,3,8.222553e-001,0.000000e+000,,,,,,,,,,,,,,32,1,4.000000e+000,6.587982e-003,0.000000e+000,0,,0,
1524091767.084,,0.000000e+000,5.499643e+001,2.857039e-006,0.000000e+000,3,8.155620e-001,0.000000e+000,,,,,,,,,,,,,,32,1,4.000000e+000,1.312256e-003,0.000000e+000,0,,0,
1524091780.474,,0.000000e+000,5.499445e+001,2.748402e-006,0.000000e+000,3,8.040653e-001,0.000000e+000,,,,,,,,,,,,,,32,1,4.000000e+000,2.628326e-003,0.000000e+000,0,,0,
1524091792.964,,0.000000e+000,5.499905e+001,2.819613e-006,0.000000e+000,3,8.356954e-001,0.000000e+000,,,,,,,,,,,,,,32,1,4.000000e+000,3.948212e-003,0.000000e+000,0,,0,
1524091805.394,,0.000000e+000,5.499708e+001,2.869989e-006,0.000000e+000,3,8.224093e-001,0.000000e+000,,,,,,,,,,,,,,32,1,4.000000e+000,2.620697e-003,0.000000e+000,0,,0,
1524091818.104,,0.000000e+000,5.499642e+001,2.806689e-006,0.000000e+000,3,8.291464e-001,0.000000e+000,,,,,,,,,,,,,,32,1,4.000000e+000,3.940582e-003,0.000000e+000,0,,0,
1524091830.394,,0.000000e+000,5.500235e+001,2.840135e-006,0.000000e+000,3,8.192695e-001,0.000000e+000,,,,,,,,,,,,,,32,1,4.000000e+000,1.052856e-002,0.000000e+000,0,,0,
1524091842.854,,0.000000e+000,5.500695e+001,2.791159e-006,0.000000e+000,3,8.499287e-001,0.000000e+000,,,,,,,,,,,,,,32,1,4.000000e+000,1.319885e-003,0.000000e+000,0,,0,
1524091855.494,,0.000000e+000,5.500234e+001,2.878937e-006,0.000000e+000,3,8.211259e-001,0.000000e+000,,,,,,,,,,,,,,32,1,4.000000e+000,7.900238e-003,0.000000e+000,0,,0,
1524091867.994,,0.000000e+000,5.499773e+001,2.839752e-006,0.000000e+000,3,8.321926e-001,0.000000e+000,,,,,,,,,,,,,,32,1,4.000000e+000,1.308441e-003,0.000000e+000,0,,0,
1524091880.474,,0.000000e+000,5.500234e+001,2.861533e-006,0.000000e+000,3,8.247724e-001,0.000000e+000,,,,,,,,,,,,,,32,1,4.000000e+000,7.900238e-003,0.000000e+000,0,,0,
1524091892.604,,0.000000e+000,5.499643e+001,2.863531e-006,0.000000e+000,3,8.477945e-001,0.000000e+000,,,,,,,,,,,,,,32,1,4.000000e+000,1.312256e-003,0.000000e+000,0,,0,
1524091905.234,,0.000000e+000,5.499775e+001,2.977718e-006,0.000000e+000,3,8.303657e-001,0.000000e+000,,,,,,,,,,,,,,32,1,4.000000e+000,9.208679e-003,0.000000e+000,0,,0,
1524091917.744,,0.000000e+000,5.500037e+001,2.871469e-006,0.000000e+000,3,8.334150e-001,0.000000e+000,,,,,,,,,,,,,,32,1,4.000000e+000,6.587982e-003,0.000000e+000,0,,0,
1524091930.394,,0.000000e+000,5.499577e+001,2.973257e-006,0.000000e+000,3,8.390321e-001,0.000000e+000,,,,,,,,,,,,,,32,1,4.000000e+000,2.632141e-003,0.000000e+000,0,,0,
1524091942.614,,0.000000e+000,5.499313e+001,2.872509e-006,0.000000e+000,3,8.466809e-001,0.000000e+000,,,,,,,,,,,,,,32,1,4.000000e+000,2.628326e-003,0.000000e+000,0,,0,
1524091955.804,,0.000000e+000,5.499839e+001,2.929979e-006,0.000000e+000,3,8.419372e-001,0.000000e+000,,,,,,,,,,,,,,32,1,4.000000e+000,0.000000e+000,0.000000e+000,0,,0,
1524091968.294,,0.000000e+000,5.499708e+001,2.956602e-006,0.000000e+000,3,8.137816e-001,0.000000e+000,,,,,,,,,,,,,,32,1,4.000000e+000,0.000000e+000,0.000000e+000,0,,0,
1524091980.634,,0.000000e+000,5.500037e+001,2.898139e-006,0.000000e+000,3,8.489739e-001,0.000000e+000,,,,,,,,,,,,,,32,1,4.000000e+000,6.587982e-003,0.000000e+000,0,,0,
1524091993.035,,0.000000e+000,5.500169e+001,2.988488e-006,0.000000e+000,3,8.255274e-001,0.000000e+000,,,,,,,,,,,,,,32,1,4.000000e+000,1.319885e-003,0.000000e+000,0,,0,
1524092005.985,,0.000000e+000,5.499773e+001,2.958561e-006,0.000000e+000,3,8.509178e-001,0.000000e+000,,,,,,,,,,,,,,32,1,4.000000e+000,1.308441e-003,0.000000e+000,0,,0,
1524092018.365,,0.000000e+000,5.499773e+001,2.984696e-006,0.000000e+000,3,8.285896e-001,0.000000e+000,,,,,,,,,,,,,,32,1,4.000000e+000,1.308441e-003,0.000000e+000,0,,0,
1524092031.165,,0.000000e+000,5.500432e+001,2.952565e-006,0.000000e+000,3,8.437049e-001,0.000000e+000,,,,,,,,,,,,,,32,1,4.000000e+000,3.940582e-003,0.000000e+000,0,,0,
1524092043.755,,0.000000e+000,5.499839e+001,3.038844e-006,0.000000e+000,3,8.517349e-001,0.000000e+000,,,,,,,,,,,,,,32,1,4.000000e+000,0.000000e+000,0.000000e+000,0,,0,
1524092056.385,,0.000000e+000,5.500103e+001,3.038538e-006,0.000000e+000,3,8.601053e-001,0.000000e+000,,,,,,,,,,,,,,32,1,4.000000e+000,7.888794e-003,0.000000e+000,0,,0,
1524092068.905,,0.000000e+000,5.499905e+001,3.013497e-006,0.000000e+000,3,8.380932e-001,0.000000e+000,,,,,,,,,,,,,,32,1,4.000000e+000,3.948212e-003,0.000000e+000,0,,0,
1524092081.615,,0.000000e+000,5.500103e+001,3.051548e-006,0.000000e+000,3,8.571261e-001,0.000000e+000,,,,,,,,,,,,,,32,1,4.000000e+000,0.000000e+000,0.000000e+000,0,,0,
1524092094.695,,0.000000e+000,5.499840e+001,3.082405e-006,0.000000e+000,3,8.334790e-001,0.000000e+000,,,,,,,,,,,,,,32,1,4.000000e+000,5.260468e-003,0.000000e+000,0,,0,
1524092107.295,,0.000000e+000,5.499380e+001,3.010442e-006,0.000000e+000,3,8.399463e-001,0.000000e+000,,,,,,,,,,,,,,32,1,4.000000e+000,3.948212e-003,0.000000e+000,0,,0,
1524092119.815,,0.000000e+000,5.500235e+001,3.052470e-006,0.000000e+000,3,8.610802e-001,0.000000e+000,,,,,,,,,,,,,,32,1,4.000000e+000,1.052856e-002,0.000000e+000,0,,0,
1524092132.135,,0.000000e+000,5.499971e+001,2.951978e-006,0.000000e+000,3,8.329100e-001,0.000000e+000,,,,,,,,,,,,,,32,1,4.000000e+000,0.000000e+000,0.000000e+000,0,,0,
1524092144.505,,0.000000e+000,5.499445e+001,3.070872e-006,0.000000e+000,3,8.513219e-001,0.000000e+000,,,,,,,,,,,,,,32,1,4.000000e+000,0.000000e+000,0.000000e+000,0,,0,
1524092157.185,,0.000000e+000,5.499905e+001,2.996983e-006,0.000000e+000,3,8.518878e-001,0.000000e+000,,,,,,,,,,,,,,32,1,4.000000e+000,1.319885e-003,0.000000e+000,0,,0,
1524092169.875,,0.000000e+000,5.499445e+001,3.107225e-006,0.000000e+000,3,8.521072e-001,0.000000e+000,,,,,,,,,,,,,,32,1,4.000000e+000,5.260468e-003,0.000000e+000,0,,0,
1524092182.585,,0.000000e+000,5.499775e+001,3.016924e-006,0.000000e+000,3,8.452458e-001,0.000000e+000,,,,,,,,,,,,,,32,1,4.000000e+000,1.184845e-002,0.000000e+000,0,,0,
1524092195.345,,0.000000e+000,5.500168e+001,3.017060e-006,0.000000e+000,3,8.563337e-001,0.000000e+000,,,,,,,,,,,,,,32,1,4.000000e+000,6.580353e-003,0.000000e+000,0,,0,
1524092208.515,,0.000000e+000,5.499971e+001,3.042569e-006,0.000000e+000,3,8.507050e-001,0.000000e+000,,,,,,,,,,,,,,32,1,4.000000e+000,2.639771e-003,0.000000e+000,0,,0,
1524092221.335,,0.000000e+000,5.499313e+001,2.984037e-006,0.000000e+000,3,8.444241e-001,0.000000e+000,,,,,,,,,,,,,,32,1,4.000000e+000,7.892609e-003,0.000000e+000,0,,0,
1524092233.785,,0.000000e+000,5.499380e+001,3.116261e-006,0.000000e+000,3,8.372938e-001,0.000000e+000,,,,,,,,,,,,,,32,1,4.000000e+000,6.572723e-003,0.000000e+000,0,,0,
1524092246.525,,0.000000e+000,5.499906e+001,3.083584e-006,0.000000e+000,3,8.488889e-001,0.000000e+000,,,,,,,,,,,,,,32,1,4.000000e+000,6.580353e-003,0.000000e+000,0,,0,
1524092259.015,,0.000000e+000,5.500037e+001,3.145662e-006,0.000000e+000,3,8.372344e-001,0.000000e+000,,,,,,,,,,,,,,32,1,4.000000e+000,6.587982e-003,0.000000e+000,0,,0,
1524092271.715,,0.000000e+000,5.499577e+001,3.104683e-006,0.000000e+000,3,8.599990e-001,0.000000e+000,,,,,,,,,,,,,,32,1,4.000000e+000,5.249023e-003,0.000000e+000,0,,0,
1524092284.165,,0.000000e+000,5.499840e+001,3.149898e-006,0.000000e+000,3,8.326566e-001,0.000000e+000,,,,,,,,,,,,,,32,1,4.000000e+000,5.260468e-003,0.000000e+000,0,,0,
1524092296.925,,0.000000e+000,5.499905e+001,3.096178e-006,0.000000e+000,3,8.661310e-001,0.000000e+000,,,,,,,,,,,,,,32,1,4.000000e+000,1.319885e-003,0.000000e+000,0,,0,
1524092309.375,,0.000000e+000,5.500037e+001,3.189356e-006,0.000000e+000,3,8.434602e-001,0.000000e+000,,,,,,,,,,,,,,32,1,4.000000e+000,1.319885e-003,0.000000e+000,0,,0,
1524092322.145,,0.000000e+000,5.500037e+001,3.150727e-006,0.000000e+000,3,8.559284e-001,0.000000e+000,,,,,,,,,,,,,,32,1,4.000000e+000,1.319885e-003,0.000000e+000,0,,0,
1524092334.285,,0.000000e+000,5.499577e+001,3.192886e-006,0.000000e+000,3,8.391516e-001,0.000000e+000,,,,,,,,,,,,,,32,1,4.000000e+000,5.249023e-003,0.000000e+000,0,,0,
1524092346.805,,0.000000e+000,5.499774e+001,3.137440e-006,0.000000e+000,3,8.768263e-001,0.000000e+000,,,,,,,,,,,,,,32,1,4.000000e+000,3.940582e-003,0.000000e+000,0,,0,
1524092359.345,,0.000000e+000,5.499839e+001,3.210222e-006,0.000000e+000,3,8.551768e-001,0.000000e+000,,,,,,,,,,,,,,32,1,4.000000e+000,0.000000e+000,0.000000e+000,0,,0,
1524092372.055,,0.000000e+000,5.499972e+001,3.150949e-006,0.000000e+000,3,8.548895e-001,0.000000e+000,,,,,,,,,,,,,,32,1,4.000000e+000,5.268097e-003,0.000000e+000,0,,0,
1524092384.655,,0.000000e+000,5.499708e+001,3.155229e-006,0.000000e+000,3,8.567582e-001,0.000000e+000,,,,,,,,,,,,,,32,1,4.000000e+000,2.620697e-003,0.000000e+000,0,,0,
1524092397.305,,0.000000e+000,5.499511e+001,3.118480e-006,0.000000e+000,3,8.504822e-001,0.000000e+000,,,,,,,,,,,,,,32,1,4.000000e+000,3.940582e-003,0.000000e+000,0,,0,
1524092409.615,,0.000000e+000,5.499708e+001,3.222021e-006,0.000000e+000,3,8.641866e-001,0.000000e+000,,,,,,,,,,,,,,32,1,4.000000e+000,0.000000e+000,0.000000e+000,0,,0,
1524092422.725,,0.000000e+000,5.499511e+001,3.103097e-006,0.000000e+000,3,8.575384e-001,0.000000e+000,,,,,,,,,,,,,,32,1,4.000000e+000,3.940582e-003,0.000000e+000,0,,0,
1524092435.335,,0.000000e+000,5.499840e+001,3.161513e-006,0.000000e+000,3,8.487260e-001,0.000000e+000,,,,,,,,,,,,,,32,1,4.000000e+000,7.900238e-003,0.000000e+000,0,,0,
1524092447.565,,0.000000e+000,5.499708e+001,3.247755e-006,0.000000e+000,3,8.492050e-001,0.000000e+000,,,,,,,,,,,,,,32,1,4.000000e+000,2.620697e-003,0.000000e+000,0,,0,
1524092459.995,,0.000000e+000,5.499708e+001,3.128765e-006,0.000000e+000,3,8.618443e-001,0.000000e+000,,,,,,,,,,,,,,32,1,4.000000e+000,2.620697e-003,0.000000e+000,0,,0,
1524092472.685,,0.000000e+000,5.499905e+001,3.295286e-006,0.000000e+000,3,8.443758e-001,0.000000e+000,,,,,,,,,,,,,,32,1,4.000000e+000,1.319885e-003,0.000000e+000,0,,0,
1524092485.315,,0.000000e+000,5.500037e+001,3.178720e-006,0.000000e+000,3,8.637525e-001,0.000000e+000,,,,,,,,,,,,,,32,1,4.000000e+000,1.319885e-003,0.000000e+000,0,,0,
1524092497.515,,0.000000e+000,5.499775e+001,3.287969e-006,0.000000e+000,3,8.512697e-001,0.000000e+000,,,,,,,,,,,,,,32,1,4.000000e+000,9.208679e-003,0.000000e+000,0,,0,
1524092510.095,,0.000000e+000,5.499971e+001,3.169769e-006,0.000000e+000,3,8.671064e-001,0.000000e+000,,,,,,,,,,,,,,32,1,4.000000e+000,1.052094e-002,0.000000e+000,0,,0,
1524092522.405,,0.000000e+000,5.500300e+001,3.268262e-006,0.000000e+000,3,8.451914e-001,0.000000e+000,,,,,,,,,,,,,,32,1,4.000000e+000,6.580353e-003,0.000000e+000,0,,0,
1524092535.465,,0.000000e+000,5.500169e+001,3.175406e-006,0.000000e+000,3,8.632888e-001,0.000000e+000,,,,,,,,,,,,,,32,1,4.000000e+000,9.208679e-003,0.000000e+000,0,,0,
1524092547.825,,0.000000e+000,5.499774e+001,3.257509e-006,0.000000e+000,3,8.551823e-001,0.000000e+000,,,,,,,,,,,,,,32,1,4.000000e+000,6.580353e-003,0.000000e+000,0,,0,
1524092560.505,,0.000000e+000,5.499183e+001,3.208622e-006,0.000000e+000,3,8.655125e-001,0.000000e+000,,,,,,,,,,,,,,32,1,4.000000e+000,7.888794e-003,0.000000e+000,0,,0,
1524092572.895,,0.000000e+000,5.499511e+001,3.231747e-006,0.000000e+000,3,8.457266e-001,0.000000e+000,,,,,,,,,,,,,,32,1,4.000000e+000,1.319885e-003,0.000000e+000,0,,0,
1524092585.725,,0.000000e+000,5.499314e+001,3.246591e-006,0.000000e+000,3,8.643069e-001,0.000000e+000,,,,,,,,,,,,,,32,1,4.000000e+000,1.578140e-002,0.000000e+000,0,,0,
1524092598.155,,0.000000e+000,5.499971e+001,3.291517e-006,0.000000e+000,3,8.534786e-001,0.000000e+000,,,,,,,,,,,,,,32,1,4.000000e+000,2.639771e-003,0.000000e+000,0,,0,
1524092610.705,,0.000000e+000,5.499380e+001,3.245584e-006,0.000000e+000,3,8.584771e-001,0.000000e+000,,,,,,,,,,,,,,32,1,4.000000e+000,3.948212e-003,0.000000e+000,0,,0,
1524092623.165,,0.000000e+000,5.499773e+001,3.329712e-006,0.000000e+000,3,8.602960e-001,0.000000e+000,,,,,,,,,,,,,,32,1,4.000000e+000,1.308441e-003,0.000000e+000,0,,0,
1524092636.085,,0.000000e+000,5.499577e+001,3.248576e-006,0.000000e+000,3,8.597705e-001,0.000000e+000,,,,,,,,,,,,,,32,1,4.000000e+000,5.249023e-003,0.000000e+000,0,,0,
1524092648.755,,0.000000e+000,5.500234e+001,3.311264e-006,0.000000e+000,3,8.692734e-001,0.000000e+000,,,,,,,,,,,,,,32,1,4.000000e+000,7.900238e-003,0.000000e+000,0,,0,
1524092661.475,,0.000000e+000,5.499708e+001,3.268762e-006,0.000000e+000,3,8.652821e-001,0.000000e+000,,,,,,,,,,,,,,32,1,4.000000e+000,0.000000e+000,0.000000e+000,0,,0,
1524092674.615,,0.000000e+000,5.500169e+001,3.305314e-006,0.000000e+000,3,8.620514e-001,0.000000e+000,,,,,,,,,,,,,,32,1,4.000000e+000,1.319885e-003,0.000000e+000,0,,0,
1524092686.925,,0.000000e+000,5.500169e+001,3.317314e-006,0.000000e+000,3,8.540854e-001,0.000000e+000,,,,,,,,,,,,,,32,1,4.000000e+000,1.319885e-003,0.000000e+000,0,,0,
1524092699.275,,0.000000e+000,5.499906e+001,3.239981e-006,0.000000e+000,3,8.656747e-001,0.000000e+000,,,,,,,,,,,,,,32,1,4.000000e+000,6.580353e-003,0.000000e+000,0,,0,
1524092711.876,,0.000000e+000,5.499906e+001,3.287473e-006,0.000000e+000,3,8.589023e-001,0.000000e+000,,,,,,,,,,,,,,32,1,4.000000e+000,6.580353e-003,0.000000e+000,0,,0,
1524092724.626,,0.000000e+000,5.500037e+001,3.307550e-006,0.000000e+000,3,8.746225e-001,0.000000e+000,,,,,,,,,,,,,,32,1,4.000000e+000,1.319885e-003,0.000000e+000,0,,0,
1524092737.376,,0.000000e+000,5.500169e+001,3.261203e-006,0.000000e+000,3,8.673967e-001,0.000000e+000,,,,,,,,,,,,,,32,1,4.000000e+000,3.959656e-003,0.000000e+000,0,,0,
1524092750.616,,0.000000e+000,5.500103e+001,3.241049e-006,0.000000e+000,3,8.621678e-001,0.000000e+000,,,,,,,,,,,,,,32,1,4.000000e+000,0.000000e+000,0.000000e+000,0,,0,
1524092763.076,,0.000000e+000,5.500037e+001,3.394032e-006,0.000000e+000,3,8.675503e-001,0.000000e+000,,,,,,,,,,,,,,32,1,4.000000e+000,1.319885e-003,0.000000e+000,0,,0,
1524092775.616,,0.000000e+000,5.500037e+001,3.332847e-006,0.000000e+000,3,8.624550e-001,0.000000e+000,,,,,,,,,,,,,,32,1,4.000000e+000,1.319885e-003,0.000000e+000,0,,0,
1524092788.046,,0.000000e+000,5.499445e+001,3.305570e-006,0.000000e+000,3,8.642337e-001,0.000000e+000,,,,,,,,,,,,,,32,1,4.000000e+000,1.314926e-002,0.000000e+000,0,,0,
1524092800.626,,0.000000e+000,5.500103e+001,3.281870e-006,0.000000e+000,3,8.533265e-001,0.000000e+000,,,,,,,,,,,,,,32,1,4.000000e+000,7.888794e-003,0.000000e+000,0,,0,
1524092813.376,,0.000000e+000,5.499840e+001,3.280252e-006,0.000000e+000,3,8.710903e-001,0.000000e+000,,,,,,,,,,,,,,32,1,4.000000e+000,5.260468e-003,0.000000e+000,0,,0,
1524092826.056,,0.000000e+000,5.500235e+001,3.384869e-006,0.000000e+000,3,8.606170e-001,0.000000e+000,,,,,,,,,,,,,,32,1,4.000000e+000,2.639771e-003,0.000000e+000,0,,0,
1524092838.576,,0.000000e+000,5.500169e+001,3.310324e-006,0.000000e+000,3,8.677466e-001,0.000000e+000,,,,,,,,,,,,,,32,1,4.000000e+000,1.184082e-002,0.000000e+000,0,,0,
1524092851.136,,0.000000e+000,5.499972e+001,3.363114e-006,0.000000e+000,3,8.628892e-001,0.000000e+000,,,,,,,,,,,,,,32,1,4.000000e+000,7.900238e-003,0.000000e+000,0,,0,
1524092863.586,,0.000000e+000,5.499972e+001,3.289444e-006,0.000000e+000,3,8.721689e-001,0.000000e+000,,,,,,,,,,,,,,32,1,4.000000e+000,7.900238e-003,0.000000e+000,0,,0,
1524092876.176,,0.000000e+000,5.499906e+001,3.402450e-006,0.000000e+000,3,8.549179e-001,0.000000e+000,,,,,,,,,,,,,,32,1,4.000000e+000,1.710129e-002,0.000000e+000,0,,0,
1524092888.766,,0.000000e+000,5.499971e+001,3.363523e-006,0.000000e+000,3,8.764828e-001,0.000000e+000,,,,,,,,,,,,,,32,1,4.000000e+000,1.840973e-002,0.000000e+000,0,,0,
1524092900.866,,0.000000e+000,5.500300e+001,3.342933e-006,0.000000e+000,3,8.740177e-001,0.000000e+000,,,,,,,,,,,,,,32,1,4.000000e+000,1.183701e-002,0.000000e+000,0,,0,
1524092913.646,,0.000000e+000,5.499708e+001,3.324587e-006,0.000000e+000,3,8.738227e-001,0.000000e+000,,,,,,,,,,,,,,32,1,4.000000e+000,0.000000e+000,0.000000e+000,0,,0,
1524092926.176,,0.000000e+000,5.499905e+001,3.419601e-006,0.000000e+000,3,8.653214e-001,0.000000e+000,,,,,,,,,,,,,,32,1,4.000000e+000,3.948212e-003,0.000000e+000,0,,0,
1524092938.836,,0.000000e+000,5.499709e+001,3.337849e-006,0.000000e+000,3,8.784577e-001,0.000000e+000,,,,,,,,,,,,,,32,1,4.000000e+000,7.888794e-003,0.000000e+000,0,,0,
1524092952.036,,0.000000e+000,5.499445e+001,3.455233e-006,0.000000e+000,3,8.697640e-001,0.000000e+000,,,,,,,,,,,,,,32,1,4.000000e+000,2.628326e-003,0.000000e+000,0,,0,
1524092964.956,,0.000000e+000,5.499972e+001,3.402793e-006,0.000000e+000,3,8.743066e-001,0.000000e+000,,,,,,,,,,,,,,32,1,4.000000e+000,7.900238e-003,0.000000e+000,0,,0,
1524092978.206,,0.000000e+000,5.500498e+001,3.386524e-006,0.000000e+000,3,8.795469e-001,0.000000e+000,,,,,,,,,,,,,,32,1,4.000000e+000,2.620697e-003,0.000000e+000,0,,0,
1524092990.656,,0.000000e+000,5.500037e+001,3.428909e-006,0.000000e+000,3,8.543811e-001,0.000000e+000,,,,,,,,,,,,,,32,1,4.000000e+000,1.319885e-003,0.000000e+000,0,,0,
1524093003.276,,0.000000e+000,5.500497e+001,3.331729e-006,0.000000e+000,3,8.849608e-001,0.000000e+000,,,,,,,,,,,,,,32,1,4.000000e+000,7.888794e-003,0.000000e+000,0,,0,
1524093015.626,,0.000000e+000,5.499642e+001,3.429800e-006,0.000000e+000,3,8.602173e-001,0.000000e+000,,,,,,,,,,,,,,32,1,4.000000e+000,3.940582e-003,0.000000e+000,0,,0,
1524093028.336,,0.000000e+000,5.499577e+001,3.403749e-006,0.000000e+000,3,8.822055e-001,0.000000e+000,,,,,,,,,,,,,,32,1,4.000000e+000,0.000000e+000,0.000000e+000,0,,0,
1524093040.846,,0.000000e+000,5.499708e+001,3.481183e-006,0.000000e+000,3,8.683878e-001,0.000000e+000,,,,,,,,,,,,,,32,1,4.000000e+000,2.620697e-003,0.000000e+000,0,,0,
1524093053.566,,0.000000e+000,5.499774e+001,3.437245e-006,0.000000e+000,3,8.673350e-001,0.000000e+000,,,,,,,,,,,,,,32,1,4.000000e+000,3.940582e-003,0.000000e+000,0,,0,
1524093065.976,,0.000000e+000,5.499905e+001,3.481552e-006,0.000000e+000,3,8.662096e-001,0.000000e+000,,,,,,,,,,,,,,32,1,4.000000e+000,3.948212e-003,0.000000e+000,0,,0,
1524093078.746,,0.000000e+000,5.500103e+001,3.454076e-006,0.000000e+000,3,8.754415e-001,0.000000e+000,,,,,,,,,,,,,,32,1,4.000000e+000,5.279541e-003,0.000000e+000,0,,0,
1524093091.206,,0.000000e+000,5.500169e+001,3.467877e-006,0.000000e+000,3,8.635954e-001,0.000000e+000,,,,,,,,,,,,,,32,1,4.000000e+000,3.959656e-003,0.000000e+000,0,,0,
1524093103.966,,0.000000e+000,5.500235e+001,3.443219e-006,0.000000e+000,3,8.840700e-001,0.000000e+000,,,,,,,,,,,,,,32,1,4.000000e+000,2.639771e-003,0.000000e+000,0,,0,
1524093116.426,,0.000000e+000,5.499773e+001,3.518698e-006,0.000000e+000,3,8.633873e-001,0.000000e+000,,,,,,,,,,,,,,32,1,4.000000e+000,1.308441e-003,0.000000e+000,0,,0,
1524093129.166,,0.000000e+000,5.500103e+001,3.440476e-006,0.000000e+000,3,8.747231e-001,0.000000e+000,,,,,,,,,,,,,,32,1,4.000000e+000,0.000000e+000,0.000000e+000,0,,0,
1524093141.606,,0.000000e+000,5.500169e+001,3.481200e-006,0.000000e+000,3,8.600153e-001,0.000000e+000,,,,,,,,,,,,,,32,1,4.000000e+000,1.319885e-003,0.000000e+000,0,,0,
1524093154.406,,0.000000e+000,5.500103e+001,3.439826e-006,0.000000e+000,3,8.678163e-001,0.000000e+000,,,,,,,,,,,,,,32,1,4.000000e+000,1.577759e-002,0.000000e+000,0,,0,
1524093167.046,,0.000000e+000,5.500629e+001,3.548484e-006,0.000000e+000,3,8.870736e-001,0.000000e+000,,,,,,,,,,,,,,32,1,4.000000e+000,7.888794e-003,0.000000e+000,0,,0,
1524093179.776,,0.000000e+000,5.499380e+001,3.428843e-006,0.000000e+000,3,8.727674e-001,0.000000e+000,,,,,,,,,,,,,,32,1,4.000000e+000,3.948212e-003,0.000000e+000,0,,0,
1524093192.806,,0.000000e+000,5.499248e+001,3.419288e-006,0.000000e+000,3,8.785731e-001,0.000000e+000,,,,,,,,,,,,,,32,1,4.000000e+000,6.580353e-003,0.000000e+000,0,,0,
1524093204.926,,0.000000e+000,5.499379e+001,3.424058e-006,0.000000e+000,3,8.721199e-001,0.000000e+000,,,,,,,,,,,,,,32,1,4.000000e+000,9.201050e-003,0.000000e+000,0,,0,
1524093217.306,,0.000000e+000,5.500037e+001,3.499739e-006,0.000000e+000,3,8.785684e-001,0.000000e+000,,,,,,,,,,,,,,32,1,4.000000e+000,1.319885e-003,0.000000e+000,0,,0,
1524093230.116,,0.000000e+000,5.500037e+001,3.546381e-006,0.000000e+000,3,8.789196e-001,0.000000e+000,,,,,,,,,,,,,,32,1,4.000000e+000,9.201050e-003,0.000000e+000,0,,0,
1524093243.136,,0.000000e+000,5.499248e+001,3.408266e-006,0.000000e+000,3,8.918272e-001,0.000000e+000,,,,,,,,,,,,,,32,1,4.000000e+000,6.580353e-003,0.000000e+000,0,,0,
1524093255.716,,0.000000e+000,5.499182e+001,3.559780e-006,0.000000e+000,3,8.637809e-001,0.000000e+000,,,,,,,,,,,,,,32,1,4.000000e+000,5.260468e-003,0.000000e+000,0,,0,
1524093269.036,,0.000000e+000,5.499380e+001,3.477739e-006,0.000000e+000,3,8.802786e-001,0.000000e+000,,,,,,,,,,,,,,32,1,4.000000e+000,1.308441e-003,0.000000e+000,0,,0,
1524093281.366,,0.000000e+000,5.499642e+001,3.542683e-006,0.000000e+000,3,8.682643e-001,0.000000e+000,,,,,,,,,,,,,,32,1,4.000000e+000,3.940582e-003,0.000000e+000,0,,0,
1524093294.066,,0.000000e+000,5.500169e+001,3.513903e-006,0.000000e+000,3,8.884662e-001,0.000000e+000,,,,,,,,,,,,,,32,1,4.000000e+000,9.208679e-003,0.000000e+000,0,,0,
1524093306.526,,0.000000e+000,5.499840e+001,3.572146e-006,0.000000e+000,3,8.647988e-001,0.000000e+000,,,,,,,,,,,,,,32,1,4.000000e+000,2.628326e-003,0.000000e+000,0,,0,
1524093319.286,,0.000000e+000,5.499905e+001,3.505186e-006,0.000000e+000,3,8.771289e-001,0.000000e+000,,,,,,,,,,,,,,32,1,4.000000e+000,1.319885e-003,0.000000e+000,0,,0,
1524093331.426,,0.000000e+000,5.499971e+001,3.551743e-006,0.000000e+000,3,8.644535e-001,0.000000e+000,,,,,,,,,,,,,,32,1,4.000000e+000,1.052094e-002,0.000000e+000,0,,0,
1524093343.936,,0.000000e+000,5.499905e+001,3.498135e-006,0.000000e+000,3,8.833379e-001,0.000000e+000,,,,,,,,,,,,,,32,1,4.000000e+000,1.319885e-003,0.000000e+000,0,,0,
1524093356.386,,0.000000e+000,5.499840e+001,3.557164e-006,0.000000e+000,3,8.629256e-001,0.000000e+000,,,,,,,,,,,,,,32,1,4.000000e+000,2.628326e-003,0.000000e+000,0,,0,
1524093369.146,,0.000000e+000,5.500235e+001,3.498089e-006,0.000000e+000,3,8.808421e-001,0.000000e+000,,,,,,,,,,,,,,32,1,4.000000e+000,2.639771e-003,0.000000e+000,0,,0,
1524093381.466,,0.000000e+000,5.499774e+001,3.533879e-006,0.000000e+000,3,8.624633e-001,0.000000e+000,,,,,,,,,,,,,,32,1,4.000000e+000,3.940582e-003,0.000000e+000,0,,0,
1524093393.956,,0.000000e+000,5.499840e+001,3.510083e-006,0.000000e+000,3,8.766076e-001,0.000000e+000,,,,,,,,,,,,,,32,1,4.000000e+000,2.628326e-003,0.000000e+000,0,,0,
1524093406.466,,0.000000e+000,5.499972e+001,3.563060e-006,0.000000e+000,3,8.837273e-001,0.000000e+000,,,,,,,,,,,,,,32,1,4.000000e+000,5.268097e-003,0.000000e+000,0,,0,
1524093419.296,,0.000000e+000,5.499643e+001,3.557212e-006,0.000000e+000,3,8.681859e-001,0.000000e+000,,,,,,,,,,,,,,32,1,4.000000e+000,1.312256e-003,0.000000e+000,0,,0,
1524093431.917,,0.000000e+000,5.499971e+001,3.525864e-006,0.000000e+000,3,8.776782e-001,0.000000e+000,,,,,,,,,,,,,,32,1,4.000000e+000,2.639771e-003,0.000000e+000,0,,0,
1524093444.517,,0.000000e+000,5.499971e+001,3.594846e-006,0.000000e+000,3,8.670979e-001,0.000000e+000,,,,,,,,,,,,,,32,1,4.000000e+000,0.000000e+000,0.000000e+000,0,,0,
1524093457.417,,0.000000e+000,5.499577e+001,3.522825e-006,0.000000e+000,3,8.907594e-001,0.000000e+000,,,,,,,,,,,,,,32,1,4.000000e+000,5.249023e-003,0.000000e+000,0,,0,
1524093470.317,,0.000000e+000,5.499642e+001,3.568316e-006,0.000000e+000,3,8.753866e-001,0.000000e+000,,,,,,,,,,,,,,32,1,4.000000e+000,3.940582e-003,0.000000e+000,0,,0,
1524093482.997,,0.000000e+000,5.499511e+001,3.562295e-006,0.000000e+000,3,8.831724e-001,0.000000e+000,,,,,,,,,,,,,,32,1,4.000000e+000,1.319885e-003,0.000000e+000,0,,0,
1524093495.507,,0.000000e+000,5.500169e+001,3.506896e-006,0.000000e+000,3,8.776518e-001,0.000000e+000,,,,,,,,,,,,,,32,1,4.000000e+000,1.184082e-002,0.000000e+000,0,,0,
1524093508.027,,0.000000e+000,5.500432e+001,3.541591e-006,0.000000e+000,3,8.856122e-001,0.000000e+000,,,,,,,,,,,,,,32,1,4.000000e+000,6.580353e-003,0.000000e+000,0,,0,
1524093520.537,,0.000000e+000,5.499905e+001,3.607233e-006,0.000000e+000,3,9.003672e-001,0.000000e+000,,,,,,,,,,,,,,32,1,4.000000e+000,1.446915e-002,0.000000e+000,0,,0,
1524093533.127,,0.000000e+000,5.499905e+001,3.595817e-006,0.000000e+000,3,8.762270e-001,0.000000e+000,,,,,,,,,,,,,,32,1,4.000000e+000,1.446915e-002,0.000000e+000,0,,0,
1524093546.197,,0.000000e+000,5.500037e+001,3.484803e-006,0.000000e+000,3,8.895198e-001,0.000000e+000,,,,,,,,,,,,,,32,1,4.000000e+000,1.184082e-002,0.000000e+000,0,,0,
1524093558.737,,0.000000e+000,5.499511e+001,3.518061e-006,0.000000e+000,3,8.766254e-001,0.000000e+000,,,,,,,,,,,,,,32,1,4.000000e+000,1.319885e-003,0.000000e+000,0,,0,
1524093572.017,,0.000000e+000,5.499380e+001,3.497045e-006,0.000000e+000,3,8.859643e-001,0.000000e+000,,,,,,,,,,,,,,32,1,4.000000e+000,3.948212e-003,0.000000e+000,0,,0,
1524093584.547,,0.000000e+000,5.499840e+001,3.639136e-006,0.000000e+000,3,8.880233e-001,0.000000e+000,,,,,,,,,,,,,,32,1,4.000000e+000,7.900238e-003,0.000000e+000,0,,0,
1524093597.227,,0.000000e+000,5.500301e+001,3.421357e-006,0.000000e+000,3,8.898978e-001,0.000000e+000,,,,,,,,,,,,,,32,1,4.000000e+000,1.319885e-003,0.000000e+000,0,,0,
1524093609.757,,0.000000e+000,5.499906e+001,3.559936e-006,0.000000e+000,3,8.817283e-001,0.000000e+000,,,,,,,,,,,,,,32,1,4.000000e+000,9.220123e-003,0.000000e+000,0,,0,
1524093622.827,,0.000000e+000,5.499511e+001,3.450480e-006,0.000000e+000,3,8.847827e-001,0.000000e+000,,,,,,,,,,,,,,32,1,4.000000e+000,9.201050e-003,0.000000e+000,0,,0,
1524093635.797,,0.000000e+000,5.499182e+001,3.543508e-006,0.000000e+000,3,8.924269e-001,0.000000e+000,,,,,,,,,,,,,,32,1,4.000000e+000,5.260468e-003,0.000000e+000,0,,0,
1524093648.327,,0.000000e+000,5.499906e+001,3.510287e-006,0.000000e+000,3,8.740611e-001,0.000000e+000,,,,,,,,,,,,,,32,1,4.000000e+000,6.580353e-003,0.000000e+000,0,,0,
1524093661.317,,0.000000e+000,5.499511e+001,3.624713e-006,0.000000e+000,3,9.092771e-001,0.000000e+000,,,,,,,,,,,,,,32,1,4.000000e+000,1.184082e-002,0.000000e+000,0,,0,
1524093673.687,,0.000000e+000,5.499773e+001,3.658371e-006,0.000000e+000,3,8.832133e-001,0.000000e+000,,,,,,,,,,,,,,32,1,4.000000e+000,1.308441e-003,0.000000e+000,0,,0,
1524093686.367,,0.000000e+000,5.499774e+001,3.597736e-006,0.000000e+000,3,8.867521e-001,0.000000e+000,,,,,,,,,,,,,,32,1,4.000000e+000,6.580353e-003,0.000000e+000,0,,0,
1524093698.877,,0.000000e+000,5.499445e+001,3.685703e-006,0.000000e+000,3,8.747967e-001,0.000000e+000,,,,,,,,,,,,,,32,1,4.000000e+000,5.260468e-003,0.000000e+000,0,,0,
1524093711.547,,0.000000e+000,5.499643e+001,3.605557e-006,0.000000e+000,3,8.827407e-001,0.000000e+000,,,,,,,,,,,,,,32,1,4.000000e+000,1.312256e-003,0.000000e+000,0,,0,
1524093724.127,,0.000000e+000,5.500103e+001,3.685358e-006,0.000000e+000,3,8.663984e-001,0.000000e+000,,,,,,,,,,,,,,32,1,4.000000e+000,0.000000e+000,0.000000e+000,0,,0,
1524093736.677,,0.000000e+000,5.499708e+001,3.549195e-006,0.000000e+000,3,8.847134e-001,0.000000e+000,,,,,,,,,,,,,,32,1,4.000000e+000,2.620697e-003,0.000000e+000,0,,0,
1524093749.227,,0.000000e+000,5.500169e+001,3.645620e-006,0.000000e+000,3,8.748605e-001,0.000000e+000,,,,,,,,,,,,,,32,1,4.000000e+000,1.319885e-003,0.000000e+000,0,,0,
1524093761.977,,0.000000e+000,5.499840e+001,3.591913e-006,0.000000e+000,3,8.891559e-001,0.000000e+000,,,,,,,,,,,,,,32,1,4.000000e+000,2.628326e-003,0.000000e+000,0,,0,
1524093774.437,,0.000000e+000,5.499971e+001,3.618316e-006,0.000000e+000,3,8.682621e-001,0.000000e+000,,,,,,,,,,,,,,32,1,4.000000e+000,0.000000e+000,0.000000e+000,0,,0,
1524093787.187,,0.000000e+000,5.499577e+001,3.644984e-006,0.000000e+000,3,8.849114e-001,0.000000e+000,,,,,,,,,,,,,,32,1,4.000000e+000,2.632141e-003,0.000000e+000,0,,0,
1524093799.607,,0.000000e+000,5.499840e+001,3.673440e-006,0.000000e+000,3,8.741685e-001,0.000000e+000,,,,,,,,,,,,,,32,1,4.000000e+000,5.260468e-003,0.000000e+000,0,,0,
1524093812.417,,0.000000e+000,5.499708e+001,3.611294e-006,0.000000e+000,3,8.894675e-001,0.000000e+000,,,,,,,,,,,,,,32,1,4.000000e+000,2.620697e-003,0.000000e+000,0,,0,
1524093825.057,,0.000000e+000,5.499577e+001,3.705634e-006,0.000000e+000,3,8.987190e-001,0.000000e+000,,,,,,,,,,,,,,32,1,4.000000e+000,5.249023e-003,0.000000e+000,0,,0,
1524093837.777,,0.000000e+000,5.500168e+001,3.615304e-006,0.000000e+000,3,8.860555e-001,0.000000e+000,,,,,,,,,,,,,,32,1,4.000000e+000,6.580353e-003,0.000000e+000,0,,0,
1524093850.227,,0.000000e+000,5.500234e+001,3.649077e-006,0.000000e+000,3,8.894078e-001,0.000000e+000,,,,,,,,,,,,,,32,1,4.000000e+000,5.260468e-003,0.000000e+000,0,,0,
1524093862.977,,0.000000e+000,5.499117e+001,3.606662e-006,0.000000e+000,3,8.876784e-001,0.000000e+000,,,,,,,,,,,,,,32,1,4.000000e+000,3.952026e-003,0.000000e+000,0,,0,
1524093875.717,,0.000000e+000,5.499182e+001,3.647620e-006,0.000000e+000,3,8.908970e-001,0.000000e+000,,,,,,,,,,,,,,32,1,4.000000e+000,5.260468e-003,0.000000e+000,0,,0,
1524093888.307,,0.000000e+000,5.499577e+001,3.701858e-006,0.000000e+000,3,8.806387e-001,0.000000e+000,,,,,,,,,,,,,,32,1,4.000000e+000,2.632141e-003,0.000000e+000,0,,0,
1524093900.907,,0.000000e+000,5.499577e+001,3.654751e-006,0.000000e+000,3,8.903289e-001,0.000000e+000,,,,,,,,,,,,,,32,1,4.000000e+000,2.632141e-003,0.000000e+000,0,,0,
1524093913.527,,0.000000e+000,5.499708e+001,3.727385e-006,0.000000e+000,3,8.793156e-001,0.000000e+000,,,,,,,,,,,,,,32,1,4.000000e+000,5.260468e-003,0.000000e+000,0,,0,
1524093926.117,,0.000000e+000,5.499905e+001,3.602356e-006,0.000000e+000,3,8.876837e-001,0.000000e+000,,,,,,,,,,,,,,32,1,4.000000e+000,1.319885e-003,0.000000e+000,0,,0,
1524093938.807,,0.000000e+000,5.499642e+001,3.674345e-006,0.000000e+000,3,8.840172e-001,0.000000e+000,,,,,,,,,,,,,,32,1,4.000000e+000,3.940582e-003,0.000000e+000,0,,0,
1524093951.127,,0.000000e+000,5.499117e+001,3.572307e-006,0.000000e+000,3,8.912843e-001,0.000000e+000,,,,,,,,,,,,,,32,1,4.000000e+000,6.568909e-003,0.000000e+000,0,,0,
1524093963.497,,0.000000e+000,5.499577e+001,3.681210e-006,0.000000e+000,3,8.739218e-001,0.000000e+000,,,,,,,,,,,,,,32,1,4.000000e+000,1.578903e-002,0.000000e+000,0,,0,
1524093976.567,,0.000000e+000,5.499775e+001,3.712153e-006,0.000000e+000,3,8.891836e-001,0.000000e+000,,,,,,,,,,,,,,32,1,4.000000e+000,1.184845e-002,0.000000e+000,0,,0,
1524093988.947,,0.000000e+000,5.499445e+001,3.647798e-006,0.000000e+000,3,8.967164e-001,0.000000e+000,,,,,,,,,,,,,,32,1,4.000000e+000,5.260468e-003,0.000000e+000,0,,0,
1524094001.967,,0.000000e+000,5.499708e+001,3.654361e-006,0.000000e+000,3,8.809976e-001,0.000000e+000,,,,,,,,,,,,,,32,1,4.000000e+000,0.000000e+000,0.000000e+000,0,,0,
1524094015.267,,0.000000e+000,5.499840e+001,3.654966e-006,0.000000e+000,3,8.898314e-001,0.000000e+000,,,,,,,,,,,,,,32,1,4.000000e+000,2.628326e-003,0.000000e+000,0,,0,
1524094027.627,,0.000000e+000,5.499971e+001,3.721789e-006,0.000000e+000,3,8.801255e-001,0.000000e+000,,,,,,,,,,,,,,32,1,4.000000e+000,2.639771e-003,0.000000e+000,0,,0,
1524094040.287,,0.000000e+000,5.499905e+001,3.618557e-006,0.000000e+000,3,8.926845e-001,0.000000e+000,,,,,,,,,,,,,,32,1,4.000000e+000,1.319885e-003,0.000000e+000,0,,0,
1524094052.767,,0.000000e+000,5.499839e+001,3.714802e-006,0.000000e+000,3,8.810639e-001,0.000000e+000,,,,,,,,,,,,,,32,1,4.000000e+000,0.000000e+000,0.000000e+000,0,,0,
1524094065.497,,0.000000e+000,5.499905e+001,3.691968e-006,0.000000e+000,3,8.983919e-001,0.000000e+000,,,,,,,,,,,,,,32,1,4.000000e+000,3.948212e-003,0.000000e+000,0,,0,
1524094077.907,,0.000000e+000,5.500235e+001,3.706808e-006,0.000000e+000,3,8.786432e-001,0.000000e+000,,,,,,,,,,,,,,32,1,4.000000e+000,1.052856e-002,0.000000e+000,0,,0,
1524094090.677,,0.000000e+000,5.499708e+001,3.712705e-006,0.000000e+000,3,8.924875e-001,0.000000e+000,,,,,,,,,,,,,,32,1,4.000000e+000,0.000000e+000,0.000000e+000,0,,0,
1524094103.157,,0.000000e+000,5.499708e+001,3.767913e-006,0.000000e+000,3,8.759784e-001,0.000000e+000,,,,,,,,,,,,,,32,1,4.000000e+000,0.000000e+000,0.000000e+000,0,,0,
1524094115.917,,0.000000e+000,5.500235e+001,3.705132e-006,0.000000e+000,3,8.938688e-001,0.000000e+000,,,,,,,,,,,,,,32,1,4.000000e+000,2.639771e-003,0.000000e+000,0,,0,
1524094128.387,,0.000000e+000,5.499840e+001,3.730940e-006,0.000000e+000,3,8.761117e-001,0.000000e+000,,,,,,,,,,,,,,32,1,4.000000e+000,2.628326e-003,0.000000e+000,0,,0,
1524094141.098,,0.000000e+000,5.499445e+001,3.713696e-006,0.000000e+000,3,8.968873e-001,0.000000e+000,,,,,,,,,,,,,,32,1,4.000000e+000,2.628326e-003,0.000000e+000,0,,0,
1524094153.538,,0.000000e+000,5.499906e+001,3.718775e-006,0.000000e+000,3,8.838049e-001,0.000000e+000,,,,,,,,,,,,,,32,1,4.000000e+000,6.580353e-003,0.000000e+000,0,,0,
1524094166.458,,0.000000e+000,5.499972e+001,3.739413e-006,0.000000e+000,3,8.993707e-001,0.000000e+000,,,,,,,,,,,,,,32,1,4.000000e+000,7.900238e-003,0.000000e+000,0,,0,
1524094179.698,,0.000000e+000,5.500169e+001,3.693493e-006,0.000000e+000,3,8.944322e-001,0.000000e+000,,,,,,,,,,,,,,32,1,4.000000e+000,1.319885e-003,0.000000e+000,0,,0,
1524094192.308,,0.000000e+000,5.499511e+001,3.740799e-006,0.000000e+000,3,8.765147e-001,0.000000e+000,,,,,,,,,,,,,,32,1,4.000000e+000,1.319885e-003,0.000000e+000,0,,0,
1524094205.188,,0.000000e+000,5.499511e+001,3.672909e-006,0.000000e+000,3,8.956919e-001,0.000000e+000,,,,,,,,,,,,,,32,1,4.000000e+000,2.236176e-002,0.000000e+000,0,,0,
1524094217.478,,0.000000e+000,5.500366e+001,3.742299e-006,0.000000e+000,3,8.782415e-001,0.000000e+000,,,,,,,,,,,,,,32,1,4.000000e+000,5.260468e-003,0.000000e+000,0,,0,
1524094229.948,,0.000000e+000,5.499643e+001,3.729042e-006,0.000000e+000,3,9.138045e-001,0.000000e+000,,,,,,,,,,,,,,32,1,4.000000e+000,6.568909e-003,0.000000e+000,0,,0,
1524094242.328,,0.000000e+000,5.499840e+001,3.739682e-006,0.000000e+000,3,8.832245e-001,0.000000e+000,,,,,,,,,,,,,,32,1,4.000000e+000,5.260468e-003,0.000000e+000,0,,0,
1524094255.068,,0.000000e+000,5.500498e+001,3.732728e-006,0.000000e+000,3,8.916789e-001,0.000000e+000,,,,,,,,,,,,,,32,1,4.000000e+000,2.620697e-003,0.000000e+000,0,,0,
1524094267.198,,0.000000e+000,5.499840e+001,3.778229e-006,0.000000e+000,3,8.882596e-001,0.000000e+000,,,,,,,,,,,,,,32,1,4.000000e+000,7.900238e-003,0.000000e+000,0,,0,
1524094279.718,,0.000000e+000,5.499774e+001,3.718755e-006,0.000000e+000,3,8.919818e-001,0.000000e+000,,,,,,,,,,,,,,32,1,4.000000e+000,6.580353e-003,0.000000e+000,0,,0,
1524094291.958,,0.000000e+000,5.499577e+001,3.796618e-006,0.000000e+000,3,8.819908e-001,0.000000e+000,,,,,,,,,,,,,,32,1,4.000000e+000,2.632141e-003,0.000000e+000,0,,0,
1524094304.358,,0.000000e+000,5.499906e+001,3.695272e-006,0.000000e+000,3,9.000022e-001,0.000000e+000,,,,,,,,,,,,,,32,1,4.000000e+000,6.580353e-003,0.000000e+000,0,,0,
1524094316.938,,0.000000e+000,5.500169e+001,3.759719e-006,0.000000e+000,3,8.793678e-001,0.000000e+000,,,,,,,,,,,,,,32,1,4.000000e+000,1.446915e-002,0.000000e+000,0,,0,
1524094329.558,,0.000000e+000,5.499840e+001,3.736168e-006,0.000000e+000,3,9.017119e-001,0.000000e+000,,,,,,,,,,,,,,32,1,4.000000e+000,5.260468e-003,0.000000e+000,0,,0,
1524094341.988,,0.000000e+000,5.500169e+001,3.774124e-006,0.000000e+000,3,8.850026e-001,0.000000e+000,,,,,,,,,,,,,,32,1,4.000000e+000,1.319885e-003,0.000000e+000,0,,0,
