[Header]
TITLE,MPMS DC Measurement
BYAPP,MPMS Measurement,2.1,Summary
FILEOPENTIME, 1524226577.055000 4/20/2018, 6:16:17 AM

INFO, APPNAME, MPMS MultiVu Application, Revision 1.61,  Build 082

INFO, NAME, TC04-12-01K
INFO, WEIGHT, 1.000
INFO, AREA, 1.000
INFO, LENGTH, 1.000
INFO, SHAPE, 0
INFO, COMMENT, 
INFO, SEQUENCE FILE: VRMac_54K_6000s_VRMde_55K.seq


INFO, BACKGROUND DATA FILE:, None


STARTUPAXIS,X,4,LINEAR,AUTO,0.000000,0.000000
STARTUPAXIS,Y1,5,LINEAR,AUTO,0.000000,0.000000


STARTUPGROUP,Longitudinal
FIELDGROUP,Longitudinal,1,2,3,4,5,6,7,8,9,15,16,17,18,27,28
FIELDGROUP,Transverse,1,2,3,4,10,11,12,13,14,19,20,21,22,27,28

PLOT_APPEARANCE,ALL,HORZ_GRID_ON,VERT_GRID_ON,MARKERS_AND_LINES

[Data]
Time,Comment,Field (Oe),Temperature (K),Long Moment (emu),Long Scan Std Dev,Long Algorithm,Long Reg Fit,Long Percent Error (%),Trans Moment (emu),Trans Scan Std Dev,Trans Algorithm,Trans Reg Fit,Trans Percent Error (%),Long Moment [w/o ABS] (emu),Long Scan Std Dev [w/o ABS],Long Reg Fit [w/o ABS],Long Percent Error [w/o ABS] (%),Trans Moment [w/o ABS] (emu),Trans Scan Std Dev [w/o ABS],Trans Reg Fit [w/o ABS],Trans Percent Error [w/o ABS] (%),Points per Scan,Scans per Measurement,Scan Length (cm),Delta Temp (K),Rot Position (deg),Error,EC Comp. Running,Using ABS,
1524226577.055,,0.000000e+000,5.407163e+001,-5.209752e-005,0.000000e+000,3,9.700508e-001,0.000000e+000,,,,,,,,,,,,,,32,1,4.000000e+000,1.913071e-002,0.000000e+000,0,,0,
1524226590.215,,0.000000e+000,5.404611e+001,-5.460372e-005,0.000000e+000,3,9.715464e-001,0.000000e+000,,,,,,,,,,,,,,32,1,4.000000e+000,1.147079e-002,0.000000e+000,0,,0,
1524226602.415,,0.000000e+000,5.403974e+001,-5.611252e-005,0.000000e+000,3,9.705307e-001,0.000000e+000,,,,,,,,,,,,,,32,1,4.000000e+000,1.270294e-003,0.000000e+000,0,,0,
1524226615.245,,0.000000e+000,5.403719e+001,-5.728838e-005,0.000000e+000,3,9.713764e-001,0.000000e+000,,,,,,,,,,,,,,32,1,4.000000e+000,3.837585e-003,0.000000e+000,0,,0,
1524226628.425,,0.000000e+000,5.403336e+001,-5.807442e-005,0.000000e+000,3,9.697312e-001,0.000000e+000,,,,,,,,,,,,,,32,1,4.000000e+000,3.810883e-003,0.000000e+000,0,,0,
1524226641.145,,0.000000e+000,5.402444e+001,-5.879773e-005,0.000000e+000,3,9.703627e-001,0.000000e+000,,,,,,,,,,,,,,32,1,4.000000e+000,3.829956e-003,0.000000e+000,0,,0,
1524226653.435,,0.000000e+000,5.401489e+001,-5.949981e-005,0.000000e+000,3,9.697753e-001,0.000000e+000,,,,,,,,,,,,,,32,1,4.000000e+000,5.100250e-003,0.000000e+000,0,,0,
1524226666.145,,0.000000e+000,5.401170e+001,-5.998868e-005,0.000000e+000,3,9.703640e-001,0.000000e+000,,,,,,,,,,,,,,32,1,4.000000e+000,6.370544e-003,0.000000e+000,0,,0,
1524226678.335,,0.000000e+000,5.401170e+001,-6.042243e-005,0.000000e+000,3,9.696491e-001,0.000000e+000,,,,,,,,,,,,,,32,1,4.000000e+000,6.370544e-003,0.000000e+000,0,,0,
1524226716.325,,0.000000e+000,5.399961e+001,-6.159499e-005,0.000000e+000,3,9.702843e-001,0.000000e+000,,,,,,,,,,,,,,32,1,4.000000e+000,2.540588e-003,0.000000e+000,0,,0,
1524226728.685,,0.000000e+000,5.400216e+001,-6.188347e-005,0.000000e+000,3,9.703363e-001,0.000000e+000,,,,,,,,,,,,,,32,1,4.000000e+000,0.000000e+000,0.000000e+000,0,,0,
1524226741.975,,0.000000e+000,5.400089e+001,-6.217640e-005,0.000000e+000,3,9.705361e-001,0.000000e+000,,,,,,,,,,,,,,32,1,4.000000e+000,5.088806e-003,0.000000e+000,0,,0,
1524226754.435,,0.000000e+000,5.399898e+001,-6.251032e-005,0.000000e+000,3,9.707539e-001,0.000000e+000,,,,,,,,,,,,,,32,1,4.000000e+000,1.270294e-003,0.000000e+000,0,,0,
1524226766.705,,0.000000e+000,5.399579e+001,-6.285073e-005,0.000000e+000,3,9.704223e-001,0.000000e+000,,,,,,,,,,,,,,32,1,4.000000e+000,1.018143e-002,0.000000e+000,0,,0,
1524226779.075,,0.000000e+000,5.399898e+001,-6.301000e-005,0.000000e+000,3,9.700357e-001,0.000000e+000,,,,,,,,,,,,,,32,1,4.000000e+000,1.270294e-003,0.000000e+000,0,,0,
1524226792.035,,0.000000e+000,5.399961e+001,-6.310287e-005,0.000000e+000,3,9.717224e-001,0.000000e+000,,,,,,,,,,,,,,32,1,4.000000e+000,0.000000e+000,0.000000e+000,0,,0,
1524226804.675,,0.000000e+000,5.399961e+001,-6.345587e-005,0.000000e+000,3,9.715271e-001,0.000000e+000,,,,,,,,,,,,,,32,1,4.000000e+000,5.088806e-003,0.000000e+000,0,,0,
1524226816.955,,0.000000e+000,5.399834e+001,-6.366320e-005,0.000000e+000,3,9.706624e-001,0.000000e+000,,,,,,,,,,,,,,32,1,4.000000e+000,0.000000e+000,0.000000e+000,0,,0,
1524226829.295,,0.000000e+000,5.399770e+001,-6.379873e-005,0.000000e+000,3,9.698687e-001,0.000000e+000,,,,,,,,,,,,,,32,1,4.000000e+000,8.918762e-003,0.000000e+000,0,,0,
1524226842.265,,0.000000e+000,5.399580e+001,-6.398858e-005,0.000000e+000,3,9.717577e-001,0.000000e+000,,,,,,,,,,,,,,32,1,4.000000e+000,2.552032e-003,0.000000e+000,0,,0,
1524226854.895,,0.000000e+000,5.399834e+001,-6.422541e-005,0.000000e+000,3,9.716671e-001,0.000000e+000,,,,,,,,,,,,,,32,1,4.000000e+000,2.540588e-003,0.000000e+000,0,,0,
1524226867.765,,0.000000e+000,5.400216e+001,-6.429973e-005,0.000000e+000,3,9.709557e-001,0.000000e+000,,,,,,,,,,,,,,32,1,4.000000e+000,1.018143e-002,0.000000e+000,0,,0,
1524226880.635,,0.000000e+000,5.400471e+001,-6.450809e-005,0.000000e+000,3,9.708489e-001,0.000000e+000,,,,,,,,,,,,,,32,1,4.000000e+000,5.092621e-003,0.000000e+000,0,,0,
1524226893.415,,0.000000e+000,5.399961e+001,-6.470193e-005,0.000000e+000,3,9.706304e-001,0.000000e+000,,,,,,,,,,,,,,32,1,4.000000e+000,5.088806e-003,0.000000e+000,0,,0,
1524226905.715,,0.000000e+000,5.400025e+001,-6.478748e-005,0.000000e+000,3,9.716504e-001,0.000000e+000,,,,,,,,,,,,,,32,1,4.000000e+000,6.359100e-003,0.000000e+000,0,,0,
1524226918.175,,0.000000e+000,5.400216e+001,-6.492936e-005,0.000000e+000,3,9.702218e-001,0.000000e+000,,,,,,,,,,,,,,32,1,4.000000e+000,2.548218e-003,0.000000e+000,0,,0,
1524226930.565,,0.000000e+000,5.399898e+001,-6.515782e-005,0.000000e+000,3,9.713772e-001,0.000000e+000,,,,,,,,,,,,,,32,1,4.000000e+000,3.810883e-003,0.000000e+000,0,,0,
1524226943.155,,0.000000e+000,5.399770e+001,-6.514526e-005,0.000000e+000,3,9.694694e-001,0.000000e+000,,,,,,,,,,,,,,32,1,4.000000e+000,1.270294e-003,0.000000e+000,0,,0,
1524226955.845,,0.000000e+000,5.400152e+001,-6.531197e-005,0.000000e+000,3,9.706303e-001,0.000000e+000,,,,,,,,,,,,,,32,1,4.000000e+000,1.146317e-002,0.000000e+000,0,,0,
1524226968.355,,0.000000e+000,5.399389e+001,-6.558240e-005,0.000000e+000,3,9.705918e-001,0.000000e+000,,,,,,,,,,,,,,32,1,4.000000e+000,3.807068e-003,0.000000e+000,0,,0,
1524226981.216,,0.000000e+000,5.399961e+001,-6.561221e-005,0.000000e+000,3,9.715698e-001,0.000000e+000,,,,,,,,,,,,,,32,1,4.000000e+000,0.000000e+000,0.000000e+000,0,,0,
1524226993.356,,0.000000e+000,5.399770e+001,-6.575466e-005,0.000000e+000,3,9.711941e-001,0.000000e+000,,,,,,,,,,,,,,32,1,4.000000e+000,1.270294e-003,0.000000e+000,0,,0,
1524227006.036,,0.000000e+000,5.399770e+001,-6.591323e-005,0.000000e+000,3,9.714088e-001,0.000000e+000,,,,,,,,,,,,,,32,1,4.000000e+000,1.270294e-003,0.000000e+000,0,,0,
1524227018.546,,0.000000e+000,5.399961e+001,-6.599442e-005,0.000000e+000,3,9.704871e-001,0.000000e+000,,,,,,,,,,,,,,32,1,4.000000e+000,1.018143e-002,0.000000e+000,0,,0,
1524227031.546,,0.000000e+000,5.399898e+001,-6.610283e-005,0.000000e+000,3,9.716663e-001,0.000000e+000,,,,,,,,,,,,,,32,1,4.000000e+000,1.270294e-003,0.000000e+000,0,,0,
1524227044.176,,0.000000e+000,5.400153e+001,-6.626766e-005,0.000000e+000,3,9.724628e-001,0.000000e+000,,,,,,,,,,,,,,32,1,4.000000e+000,8.911133e-003,0.000000e+000,0,,0,
1524227057.276,,0.000000e+000,5.399516e+001,-6.639933e-005,0.000000e+000,3,9.712515e-001,0.000000e+000,,,,,,,,,,,,,,32,1,4.000000e+000,3.829956e-003,0.000000e+000,0,,0,
1524227069.916,,0.000000e+000,5.400216e+001,-6.642890e-005,0.000000e+000,3,9.718612e-001,0.000000e+000,,,,,,,,,,,,,,32,1,4.000000e+000,5.088806e-003,0.000000e+000,0,,0,
1524227082.666,,0.000000e+000,5.400152e+001,-6.648542e-005,0.000000e+000,3,9.704035e-001,0.000000e+000,,,,,,,,,,,,,,32,1,4.000000e+000,6.359100e-003,0.000000e+000,0,,0,
1524227095.016,,0.000000e+000,5.399961e+001,-6.659866e-005,0.000000e+000,3,9.712156e-001,0.000000e+000,,,,,,,,,,,,,,32,1,4.000000e+000,2.540588e-003,0.000000e+000,0,,0,
1524227107.626,,0.000000e+000,5.400025e+001,-6.666573e-005,0.000000e+000,3,9.699324e-001,0.000000e+000,,,,,,,,,,,,,,32,1,4.000000e+000,6.359100e-003,0.000000e+000,0,,0,
1524227120.496,,0.000000e+000,5.399834e+001,-6.681404e-005,0.000000e+000,3,9.716635e-001,0.000000e+000,,,,,,,,,,,,,,32,1,4.000000e+000,2.540588e-003,0.000000e+000,0,,0,
1524227132.846,,0.000000e+000,5.399961e+001,-6.693535e-005,0.000000e+000,3,9.700337e-001,0.000000e+000,,,,,,,,,,,,,,32,1,4.000000e+000,0.000000e+000,0.000000e+000,0,,0,
1524227145.666,,0.000000e+000,5.399389e+001,-6.692312e-005,0.000000e+000,3,9.718214e-001,0.000000e+000,,,,,,,,,,,,,,32,1,4.000000e+000,3.807068e-003,0.000000e+000,0,,0,
1524227157.876,,0.000000e+000,5.399770e+001,-6.698417e-005,0.000000e+000,3,9.704475e-001,0.000000e+000,,,,,,,,,,,,,,32,1,4.000000e+000,3.822327e-003,0.000000e+000,0,,0,
1524227170.586,,0.000000e+000,5.400279e+001,-6.714951e-005,0.000000e+000,3,9.712783e-001,0.000000e+000,,,,,,,,,,,,,,32,1,4.000000e+000,1.270294e-003,0.000000e+000,0,,0,
1524227182.796,,0.000000e+000,5.399325e+001,-6.725550e-005,0.000000e+000,3,9.714312e-001,0.000000e+000,,,,,,,,,,,,,,32,1,4.000000e+000,1.527023e-002,0.000000e+000,0,,0,
1524227195.396,,0.000000e+000,5.400279e+001,-6.726113e-005,0.000000e+000,3,9.710743e-001,0.000000e+000,,,,,,,,,,,,,,32,1,4.000000e+000,1.270294e-003,0.000000e+000,0,,0,
1524227207.526,,0.000000e+000,5.399898e+001,-6.738018e-005,0.000000e+000,3,9.712648e-001,0.000000e+000,,,,,,,,,,,,,,32,1,4.000000e+000,1.270294e-003,0.000000e+000,0,,0,
1524227220.226,,0.000000e+000,5.399961e+001,-6.743746e-005,0.000000e+000,3,9.715086e-001,0.000000e+000,,,,,,,,,,,,,,32,1,4.000000e+000,2.540588e-003,0.000000e+000,0,,0,
1524227232.386,,0.000000e+000,5.399897e+001,-6.759367e-005,0.000000e+000,3,9.710316e-001,0.000000e+000,,,,,,,,,,,,,,32,1,4.000000e+000,6.370544e-003,0.000000e+000,0,,0,
1524227245.076,,0.000000e+000,5.400152e+001,-6.762996e-005,0.000000e+000,3,9.711503e-001,0.000000e+000,,,,,,,,,,,,,,32,1,4.000000e+000,1.277924e-003,0.000000e+000,0,,0,
1524227257.226,,0.000000e+000,5.399707e+001,-6.769221e-005,0.000000e+000,3,9.705943e-001,0.000000e+000,,,,,,,,,,,,,,32,1,4.000000e+000,0.000000e+000,0.000000e+000,0,,0,
1524227269.886,,0.000000e+000,5.399452e+001,-6.771801e-005,0.000000e+000,3,9.717488e-001,0.000000e+000,,,,,,,,,,,,,,32,1,4.000000e+000,0.000000e+000,0.000000e+000,0,,0,
1524227282.046,,0.000000e+000,5.400343e+001,-6.778996e-005,0.000000e+000,3,9.709983e-001,0.000000e+000,,,,,,,,,,,,,,32,1,4.000000e+000,2.540588e-003,0.000000e+000,0,,0,
1524227294.686,,0.000000e+000,5.399643e+001,-6.783022e-005,0.000000e+000,3,9.714115e-001,0.000000e+000,,,,,,,,,,,,,,32,1,4.000000e+000,3.822327e-003,0.000000e+000,0,,0,
1524227306.906,,0.000000e+000,5.399643e+001,-6.795848e-005,0.000000e+000,3,9.718527e-001,0.000000e+000,,,,,,,,,,,,,,32,1,4.000000e+000,1.281738e-003,0.000000e+000,0,,0,
1524227319.486,,0.000000e+000,5.400661e+001,-6.807955e-005,0.000000e+000,3,9.718567e-001,0.000000e+000,,,,,,,,,,,,,,32,1,4.000000e+000,6.359100e-003,0.000000e+000,0,,0,
1524227332.036,,0.000000e+000,5.399770e+001,-6.808843e-005,0.000000e+000,3,9.703175e-001,0.000000e+000,,,,,,,,,,,,,,32,1,4.000000e+000,1.270294e-003,0.000000e+000,0,,0,
1524227345.036,,0.000000e+000,5.400089e+001,-6.810015e-005,0.000000e+000,3,9.721370e-001,0.000000e+000,,,,,,,,,,,,,,32,1,4.000000e+000,1.019287e-002,0.000000e+000,0,,0,
1524227357.086,,0.000000e+000,5.399706e+001,-6.828442e-005,0.000000e+000,3,9.715111e-001,0.000000e+000,,,,,,,,,,,,,,32,1,4.000000e+000,5.092621e-003,0.000000e+000,0,,0,
1524227369.906,,0.000000e+000,5.399961e+001,-6.829833e-005,0.000000e+000,3,9.719046e-001,0.000000e+000,,,,,,,,,,,,,,32,1,4.000000e+000,2.540588e-003,0.000000e+000,0,,0,
1524227382.176,,0.000000e+000,5.399643e+001,-6.835358e-005,0.000000e+000,3,9.709885e-001,0.000000e+000,,,,,,,,,,,,,,32,1,4.000000e+000,1.281738e-003,0.000000e+000,0,,0,
1524227394.936,,0.000000e+000,5.399324e+001,-6.838200e-005,0.000000e+000,3,9.721518e-001,0.000000e+000,,,,,,,,,,,,,,32,1,4.000000e+000,5.088806e-003,0.000000e+000,0,,0,
1524227407.186,,0.000000e+000,5.399770e+001,-6.847348e-005,0.000000e+000,3,9.708363e-001,0.000000e+000,,,,,,,,,,,,,,32,1,4.000000e+000,1.270294e-003,0.000000e+000,0,,0,
1524227419.996,,0.000000e+000,5.399898e+001,-6.853529e-005,0.000000e+000,3,9.715739e-001,0.000000e+000,,,,,,,,,,,,,,32,1,4.000000e+000,1.270294e-003,0.000000e+000,0,,0,
1524227432.136,,0.000000e+000,5.399834e+001,-6.858328e-005,0.000000e+000,3,9.713958e-001,0.000000e+000,,,,,,,,,,,,,,32,1,4.000000e+000,0.000000e+000,0.000000e+000,0,,0,
1524227444.846,,0.000000e+000,5.400279e+001,-6.863011e-005,0.000000e+000,3,9.708946e-001,0.000000e+000,,,,,,,,,,,,,,32,1,4.000000e+000,3.818512e-003,0.000000e+000,0,,0,
1524227457.206,,0.000000e+000,5.399389e+001,-6.875981e-005,0.000000e+000,3,9.719540e-001,0.000000e+000,,,,,,,,,,,,,,32,1,4.000000e+000,6.370544e-003,0.000000e+000,0,,0,
1524227470.456,,0.000000e+000,5.399452e+001,-6.873960e-005,0.000000e+000,3,9.712666e-001,0.000000e+000,,,,,,,,,,,,,,32,1,4.000000e+000,7.640839e-003,0.000000e+000,0,,0,
1524227483.836,,0.000000e+000,5.399389e+001,-6.878052e-005,0.000000e+000,3,9.717888e-001,0.000000e+000,,,,,,,,,,,,,,32,1,4.000000e+000,6.370544e-003,0.000000e+000,0,,0,
1524227496.536,,0.000000e+000,5.399070e+001,-6.882615e-005,0.000000e+000,3,9.708854e-001,0.000000e+000,,,,,,,,,,,,,,32,1,4.000000e+000,5.088806e-003,0.000000e+000,0,,0,
1524227509.256,,0.000000e+000,5.399706e+001,-6.894201e-005,0.000000e+000,3,9.717687e-001,0.000000e+000,,,,,,,,,,,,,,32,1,4.000000e+000,7.640839e-003,0.000000e+000,0,,0,
1524227521.586,,0.000000e+000,5.400024e+001,-6.894110e-005,0.000000e+000,3,9.709610e-001,0.000000e+000,,,,,,,,,,,,,,32,1,4.000000e+000,1.270294e-003,0.000000e+000,0,,0,
1524227534.216,,0.000000e+000,5.399643e+001,-6.901096e-005,0.000000e+000,3,9.716292e-001,0.000000e+000,,,,,,,,,,,,,,32,1,4.000000e+000,1.281738e-003,0.000000e+000,0,,0,
1524227546.736,,0.000000e+000,5.399516e+001,-6.901785e-005,0.000000e+000,3,9.708382e-001,0.000000e+000,,,,,,,,,,,,,,32,1,4.000000e+000,3.829956e-003,0.000000e+000,0,,0,
1524227559.686,,0.000000e+000,5.399261e+001,-6.910625e-005,0.000000e+000,3,9.718805e-001,0.000000e+000,,,,,,,,,,,,,,32,1,4.000000e+000,1.258850e-003,0.000000e+000,0,,0,
1524227572.336,,0.000000e+000,5.400025e+001,-6.918716e-005,0.000000e+000,3,9.724721e-001,0.000000e+000,,,,,,,,,,,,,,32,1,4.000000e+000,6.359100e-003,0.000000e+000,0,,0,
1524227584.576,,0.000000e+000,5.399961e+001,-6.918965e-005,0.000000e+000,3,9.723688e-001,0.000000e+000,,,,,,,,,,,,,,32,1,4.000000e+000,5.088806e-003,0.000000e+000,0,,0,
1524227596.936,,0.000000e+000,5.399197e+001,-6.930271e-005,0.000000e+000,3,9.725707e-001,0.000000e+000,,,,,,,,,,,,,,32,1,4.000000e+000,5.096436e-003,0.000000e+000,0,,0,
1524227609.406,,0.000000e+000,5.400216e+001,-6.934274e-005,0.000000e+000,3,9.722451e-001,0.000000e+000,,,,,,,,,,,,,,32,1,4.000000e+000,2.548218e-003,0.000000e+000,0,,0,
1524227622.606,,0.000000e+000,5.399516e+001,-6.939301e-005,0.000000e+000,3,9.732983e-001,0.000000e+000,,,,,,,,,,,,,,32,1,4.000000e+000,1.270294e-003,0.000000e+000,0,,0,
1524227634.426,,0.000000e+000,5.399580e+001,-6.943188e-005,0.000000e+000,3,9.707575e-001,0.000000e+000,,,,,,,,,,,,,,32,1,4.000000e+000,2.552032e-003,0.000000e+000,0,,0,
1524227647.296,,0.000000e+000,5.400024e+001,-6.952944e-005,0.000000e+000,3,9.721504e-001,0.000000e+000,,,,,,,,,,,,,,32,1,4.000000e+000,1.270294e-003,0.000000e+000,0,,0,
1524227659.366,,0.000000e+000,5.400152e+001,-6.947097e-005,0.000000e+000,3,9.707624e-001,0.000000e+000,,,,,,,,,,,,,,32,1,4.000000e+000,3.818512e-003,0.000000e+000,0,,0,
1524227672.036,,0.000000e+000,5.399770e+001,-6.969166e-005,0.000000e+000,3,9.716991e-001,0.000000e+000,,,,,,,,,,,,,,32,1,4.000000e+000,1.144791e-002,0.000000e+000,0,,0,
1524227684.786,,0.000000e+000,5.399706e+001,-6.959815e-005,0.000000e+000,3,9.705616e-001,0.000000e+000,,,,,,,,,,,,,,32,1,4.000000e+000,5.092621e-003,0.000000e+000,0,,0,
1524227697.467,,0.000000e+000,5.399898e+001,-6.962965e-005,0.000000e+000,3,9.714723e-001,0.000000e+000,,,,,,,,,,,,,,32,1,4.000000e+000,1.270294e-003,0.000000e+000,0,,0,
1524227709.837,,0.000000e+000,5.399451e+001,-6.974030e-005,0.000000e+000,3,9.711663e-001,0.000000e+000,,,,,,,,,,,,,,32,1,4.000000e+000,1.018906e-002,0.000000e+000,0,,0,
1524227722.417,,0.000000e+000,5.399706e+001,-6.974532e-005,0.000000e+000,3,9.715291e-001,0.000000e+000,,,,,,,,,,,,,,32,1,4.000000e+000,7.640839e-003,0.000000e+000,0,,0,
1524227734.977,,0.000000e+000,5.399516e+001,-6.973891e-005,0.000000e+000,3,9.719321e-001,0.000000e+000,,,,,,,,,,,,,,32,1,4.000000e+000,6.359100e-003,0.000000e+000,0,,0,
1524227747.797,,0.000000e+000,5.399961e+001,-6.984837e-005,0.000000e+000,3,9.713802e-001,0.000000e+000,,,,,,,,,,,,,,32,1,4.000000e+000,0.000000e+000,0.000000e+000,0,,0,
1524227759.957,,0.000000e+000,5.399707e+001,-6.987715e-005,0.000000e+000,3,9.701892e-001,0.000000e+000,,,,,,,,,,,,,,32,1,4.000000e+000,0.000000e+000,0.000000e+000,0,,0,
1524227772.617,,0.000000e+000,5.399643e+001,-6.988522e-005,0.000000e+000,3,9.715859e-001,0.000000e+000,,,,,,,,,,,,,,32,1,4.000000e+000,1.145935e-002,0.000000e+000,0,,0,
1524227785.157,,0.000000e+000,5.400152e+001,-6.993966e-005,0.000000e+000,3,9.711858e-001,0.000000e+000,,,,,,,,,,,,,,32,1,4.000000e+000,6.359100e-003,0.000000e+000,0,,0,
1524227798.117,,0.000000e+000,5.399389e+001,-6.999066e-005,0.000000e+000,3,9.723735e-001,0.000000e+000,,,,,,,,,,,,,,32,1,4.000000e+000,6.370544e-003,0.000000e+000,0,,0,
1524227810.187,,0.000000e+000,5.399834e+001,-7.007815e-005,0.000000e+000,3,9.727983e-001,0.000000e+000,,,,,,,,,,,,,,32,1,4.000000e+000,2.540588e-003,0.000000e+000,0,,0,
1524227822.687,,0.000000e+000,5.399579e+001,-7.003862e-005,0.000000e+000,3,9.726557e-001,0.000000e+000,,,,,,,,,,,,,,32,1,4.000000e+000,0.000000e+000,0.000000e+000,0,,0,
1524227834.817,,0.000000e+000,5.400597e+001,-7.017347e-005,0.000000e+000,3,9.705007e-001,0.000000e+000,,,,,,,,,,,,,,32,1,4.000000e+000,5.088806e-003,0.000000e+000,0,,0,
1524227847.677,,0.000000e+000,5.399834e+001,-7.015203e-005,0.000000e+000,3,9.715828e-001,0.000000e+000,,,,,,,,,,,,,,32,1,4.000000e+000,0.000000e+000,0.000000e+000,0,,0,
1524227859.787,,0.000000e+000,5.399897e+001,-7.017419e-005,0.000000e+000,3,9.709280e-001,0.000000e+000,,,,,,,,,,,,,,32,1,4.000000e+000,6.370544e-003,0.000000e+000,0,,0,
1524227872.457,,0.000000e+000,5.399834e+001,-7.025824e-005,0.000000e+000,3,9.710111e-001,0.000000e+000,,,,,,,,,,,,,,32,1,4.000000e+000,7.640839e-003,0.000000e+000,0,,0,
1524227885.037,,0.000000e+000,5.399452e+001,-7.029381e-005,0.000000e+000,3,9.706404e-001,0.000000e+000,,,,,,,,,,,,,,32,1,4.000000e+000,0.000000e+000,0.000000e+000,0,,0,
1524227897.897,,0.000000e+000,5.399643e+001,-7.033358e-005,0.000000e+000,3,9.709898e-001,0.000000e+000,,,,,,,,,,,,,,32,1,4.000000e+000,6.370544e-003,0.000000e+000,0,,0,
1524227910.527,,0.000000e+000,5.399388e+001,-7.043348e-005,0.000000e+000,3,9.724469e-001,0.000000e+000,,,,,,,,,,,,,,32,1,4.000000e+000,1.277924e-003,0.000000e+000,0,,0,
1524227922.917,,0.000000e+000,5.399134e+001,-7.043751e-005,0.000000e+000,3,9.725837e-001,0.000000e+000,,,,,,,,,,,,,,32,1,4.000000e+000,1.281738e-003,0.000000e+000,0,,0,
1524227935.537,,0.000000e+000,5.399580e+001,-7.041006e-005,0.000000e+000,3,9.725379e-001,0.000000e+000,,,,,,,,,,,,,,32,1,4.000000e+000,7.629395e-003,0.000000e+000,0,,0,
1524227948.347,,0.000000e+000,5.400025e+001,-7.052226e-005,0.000000e+000,3,9.720955e-001,0.000000e+000,,,,,,,,,,,,,,32,1,4.000000e+000,1.146317e-002,0.000000e+000,0,,0,
1524227961.557,,0.000000e+000,5.398880e+001,-7.053468e-005,0.000000e+000,3,9.719544e-001,0.000000e+000,,,,,,,,,,,,,,32,1,4.000000e+000,6.370544e-003,0.000000e+000,0,,0,
1524227973.887,,0.000000e+000,5.398688e+001,-7.054811e-005,0.000000e+000,3,9.718322e-001,0.000000e+000,,,,,,,,,,,,,,32,1,4.000000e+000,2.540588e-003,0.000000e+000,0,,0,
1524227986.857,,0.000000e+000,5.399388e+001,-7.067436e-005,0.000000e+000,3,9.723685e-001,0.000000e+000,,,,,,,,,,,,,,32,1,4.000000e+000,1.145935e-002,0.000000e+000,0,,0,
1524227999.177,,0.000000e+000,5.399898e+001,-7.062979e-005,0.000000e+000,3,9.708743e-001,0.000000e+000,,,,,,,,,,,,,,32,1,4.000000e+000,1.270294e-003,0.000000e+000,0,,0,
1524228012.157,,0.000000e+000,5.399898e+001,-7.065517e-005,0.000000e+000,3,9.714806e-001,0.000000e+000,,,,,,,,,,,,,,32,1,4.000000e+000,1.270294e-003,0.000000e+000,0,,0,
1524228024.707,,0.000000e+000,5.399770e+001,-7.067816e-005,0.000000e+000,3,9.711187e-001,0.000000e+000,,,,,,,,,,,,,,32,1,4.000000e+000,8.918762e-003,0.000000e+000,0,,0,
1524228037.557,,0.000000e+000,5.399516e+001,-7.074139e-005,0.000000e+000,3,9.718570e-001,0.000000e+000,,,,,,,,,,,,,,32,1,4.000000e+000,1.270294e-003,0.000000e+000,0,,0,
1524228049.697,,0.000000e+000,5.399770e+001,-7.076441e-005,0.000000e+000,3,9.715531e-001,0.000000e+000,,,,,,,,,,,,,,32,1,4.000000e+000,1.270294e-003,0.000000e+000,0,,0,
1524228062.407,,0.000000e+000,5.400025e+001,-7.076390e-005,0.000000e+000,3,9.722561e-001,0.000000e+000,,,,,,,,,,,,,,32,1,4.000000e+000,3.818512e-003,0.000000e+000,0,,0,
1524228074.547,,0.000000e+000,5.400534e+001,-7.081880e-005,0.000000e+000,3,9.713941e-001,0.000000e+000,,,,,,,,,,,,,,32,1,4.000000e+000,1.145935e-002,0.000000e+000,0,,0,
1524228087.207,,0.000000e+000,5.399834e+001,-7.087217e-005,0.000000e+000,3,9.712983e-001,0.000000e+000,,,,,,,,,,,,,,32,1,4.000000e+000,2.540588e-003,0.000000e+000,0,,0,
1524228099.357,,0.000000e+000,5.399834e+001,-7.092478e-005,0.000000e+000,3,9.717112e-001,0.000000e+000,,,,,,,,,,,,,,32,1,4.000000e+000,5.092621e-003,0.000000e+000,0,,0,
1524228112.027,,0.000000e+000,5.399643e+001,-7.090955e-005,0.000000e+000,3,9.718036e-001,0.000000e+000,,,,,,,,,,,,,,32,1,4.000000e+000,6.370544e-003,0.000000e+000,0,,0,
1524228124.227,,0.000000e+000,5.400407e+001,-7.092411e-005,0.000000e+000,3,9.725226e-001,0.000000e+000,,,,,,,,,,,,,,32,1,4.000000e+000,1.655197e-002,0.000000e+000,0,,0,
1524228136.667,,0.000000e+000,5.399643e+001,-7.097733e-005,0.000000e+000,3,9.720413e-001,0.000000e+000,,,,,,,,,,,,,,32,1,4.000000e+000,1.281738e-003,0.000000e+000,0,,0,
1524228148.947,,0.000000e+000,5.399643e+001,-7.104903e-005,0.000000e+000,3,9.714429e-001,0.000000e+000,,,,,,,,,,,,,,32,1,4.000000e+000,1.281738e-003,0.000000e+000,0,,0,
1524228161.487,,0.000000e+000,5.399643e+001,-7.101548e-005,0.000000e+000,3,9.720178e-001,0.000000e+000,,,,,,,,,,,,,,32,1,4.000000e+000,1.281738e-003,0.000000e+000,0,,0,
1524228173.737,,0.000000e+000,5.400024e+001,-7.110025e-005,0.000000e+000,3,9.711369e-001,0.000000e+000,,,,,,,,,,,,,,32,1,4.000000e+000,8.911133e-003,0.000000e+000,0,,0,
1524228186.497,,0.000000e+000,5.400088e+001,-7.110539e-005,0.000000e+000,3,9.718617e-001,0.000000e+000,,,,,,,,,,,,,,32,1,4.000000e+000,0.000000e+000,0.000000e+000,0,,0,
1524228198.697,,0.000000e+000,5.399898e+001,-7.115368e-005,0.000000e+000,3,9.712888e-001,0.000000e+000,,,,,,,,,,,,,,32,1,4.000000e+000,1.270294e-003,0.000000e+000,0,,0,
1524228211.147,,0.000000e+000,5.399516e+001,-7.114320e-005,0.000000e+000,3,9.719641e-001,0.000000e+000,,,,,,,,,,,,,,32,1,4.000000e+000,3.829956e-003,0.000000e+000,0,,0,
1524228223.427,,0.000000e+000,5.399897e+001,-7.124682e-005,0.000000e+000,3,9.716504e-001,0.000000e+000,,,,,,,,,,,,,,32,1,4.000000e+000,8.911133e-003,0.000000e+000,0,,0,
1524228236.157,,0.000000e+000,5.399707e+001,-7.121570e-005,0.000000e+000,3,9.719666e-001,0.000000e+000,,,,,,,,,,,,,,32,1,4.000000e+000,0.000000e+000,0.000000e+000,0,,0,
1524228248.357,,0.000000e+000,5.399834e+001,-7.126977e-005,0.000000e+000,3,9.713534e-001,0.000000e+000,,,,,,,,,,,,,,32,1,4.000000e+000,2.540588e-003,0.000000e+000,0,,0,
1524228261.017,,0.000000e+000,5.399898e+001,-7.126981e-005,0.000000e+000,3,9.716852e-001,0.000000e+000,,,,,,,,,,,,,,32,1,4.000000e+000,1.270294e-003,0.000000e+000,0,,0,
1524228273.187,,0.000000e+000,5.399898e+001,-7.127378e-005,0.000000e+000,3,9.716831e-001,0.000000e+000,,,,,,,,,,,,,,32,1,4.000000e+000,3.810883e-003,0.000000e+000,0,,0,
1524228285.797,,0.000000e+000,5.400089e+001,-7.134287e-005,0.000000e+000,3,9.725319e-001,0.000000e+000,,,,,,,,,,,,,,32,1,4.000000e+000,1.019287e-002,0.000000e+000,0,,0,
1524228298.347,,0.000000e+000,5.399515e+001,-7.138278e-005,0.000000e+000,3,9.702209e-001,0.000000e+000,,,,,,,,,,,,,,32,1,4.000000e+000,1.145935e-002,0.000000e+000,0,,0,
1524228311.227,,0.000000e+000,5.399643e+001,-7.144318e-005,0.000000e+000,3,9.723796e-001,0.000000e+000,,,,,,,,,,,,,,32,1,4.000000e+000,1.281738e-003,0.000000e+000,0,,0,
1524228323.407,,0.000000e+000,5.399579e+001,-7.137027e-005,0.000000e+000,3,9.709789e-001,0.000000e+000,,,,,,,,,,,,,,32,1,4.000000e+000,0.000000e+000,0.000000e+000,0,,0,
1524228336.047,,0.000000e+000,5.399770e+001,-7.142182e-005,0.000000e+000,3,9.711438e-001,0.000000e+000,,,,,,,,,,,,,,32,1,4.000000e+000,1.270294e-003,0.000000e+000,0,,0,
1524228348.247,,0.000000e+000,5.399834e+001,-7.145211e-005,0.000000e+000,3,9.711331e-001,0.000000e+000,,,,,,,,,,,,,,32,1,4.000000e+000,2.540588e-003,0.000000e+000,0,,0,
1524228360.907,,0.000000e+000,5.400088e+001,-7.151916e-005,0.000000e+000,3,9.712156e-001,0.000000e+000,,,,,,,,,,,,,,32,1,4.000000e+000,0.000000e+000,0.000000e+000,0,,0,
1524228373.067,,0.000000e+000,5.399580e+001,-7.151561e-005,0.000000e+000,3,9.716880e-001,0.000000e+000,,,,,,,,,,,,,,32,1,4.000000e+000,2.552032e-003,0.000000e+000,0,,0,
1524228385.757,,0.000000e+000,5.399770e+001,-7.155094e-005,0.000000e+000,3,9.714668e-001,0.000000e+000,,,,,,,,,,,,,,32,1,4.000000e+000,1.270294e-003,0.000000e+000,0,,0,
1524228397.897,,0.000000e+000,5.399961e+001,-7.157806e-005,0.000000e+000,3,9.716096e-001,0.000000e+000,,,,,,,,,,,,,,32,1,4.000000e+000,2.540588e-003,0.000000e+000,0,,0,
1524228410.558,,0.000000e+000,5.399452e+001,-7.161628e-005,0.000000e+000,3,9.719317e-001,0.000000e+000,,,,,,,,,,,,,,32,1,4.000000e+000,2.035904e-002,0.000000e+000,0,,0,
1524228422.758,,0.000000e+000,5.399834e+001,-7.169421e-005,0.000000e+000,3,9.716480e-001,0.000000e+000,,,,,,,,,,,,,,32,1,4.000000e+000,5.092621e-003,0.000000e+000,0,,0,
1524228435.228,,0.000000e+000,5.399961e+001,-7.163487e-005,0.000000e+000,3,9.717426e-001,0.000000e+000,,,,,,,,,,,,,,32,1,4.000000e+000,2.540588e-003,0.000000e+000,0,,0,
1524228447.508,,0.000000e+000,5.399961e+001,-7.171805e-005,0.000000e+000,3,9.709306e-001,0.000000e+000,,,,,,,,,,,,,,32,1,4.000000e+000,5.088806e-003,0.000000e+000,0,,0,
1524228460.258,,0.000000e+000,5.399643e+001,-7.173427e-005,0.000000e+000,3,9.716077e-001,0.000000e+000,,,,,,,,,,,,,,32,1,4.000000e+000,1.145935e-002,0.000000e+000,0,,0,
1524228472.418,,0.000000e+000,5.399770e+001,-7.176032e-005,0.000000e+000,3,9.717004e-001,0.000000e+000,,,,,,,,,,,,,,32,1,4.000000e+000,3.822327e-003,0.000000e+000,0,,0,
1524228485.078,,0.000000e+000,5.400215e+001,-7.174761e-005,0.000000e+000,3,9.716305e-001,0.000000e+000,,,,,,,,,,,,,,32,1,4.000000e+000,1.272964e-002,0.000000e+000,0,,0,
1524228497.288,,0.000000e+000,5.399961e+001,-7.182291e-005,0.000000e+000,3,9.722458e-001,0.000000e+000,,,,,,,,,,,,,,32,1,4.000000e+000,2.540588e-003,0.000000e+000,0,,0,
1524228509.938,,0.000000e+000,5.399770e+001,-7.184724e-005,0.000000e+000,3,9.715446e-001,0.000000e+000,,,,,,,,,,,,,,32,1,4.000000e+000,1.655960e-002,0.000000e+000,0,,0,
1524228522.128,,0.000000e+000,5.399706e+001,-7.179990e-005,0.000000e+000,3,9.719699e-001,0.000000e+000,,,,,,,,,,,,,,32,1,4.000000e+000,2.552032e-003,0.000000e+000,0,,0,
1524228534.818,,0.000000e+000,5.399898e+001,-7.183589e-005,0.000000e+000,3,9.729165e-001,0.000000e+000,,,,,,,,,,,,,,32,1,4.000000e+000,1.270294e-003,0.000000e+000,0,,0,
1524228547.408,,0.000000e+000,5.400025e+001,-7.188599e-005,0.000000e+000,3,9.710335e-001,0.000000e+000,,,,,,,,,,,,,,32,1,4.000000e+000,6.359100e-003,0.000000e+000,0,,0,
1524228560.148,,0.000000e+000,5.400089e+001,-7.194337e-005,0.000000e+000,3,9.715825e-001,0.000000e+000,,,,,,,,,,,,,,32,1,4.000000e+000,5.088806e-003,0.000000e+000,0,,0,
1524228572.428,,0.000000e+000,5.399706e+001,-7.191915e-005,0.000000e+000,3,9.711483e-001,0.000000e+000,,,,,,,,,,,,,,32,1,4.000000e+000,2.552032e-003,0.000000e+000,0,,0,
1524228584.818,,0.000000e+000,5.399706e+001,-7.203200e-005,0.000000e+000,3,9.726455e-001,0.000000e+000,,,,,,,,,,,,,,32,1,4.000000e+000,2.552032e-003,0.000000e+000,0,,0,
1524228597.198,,0.000000e+000,5.399897e+001,-7.195080e-005,0.000000e+000,3,9.712749e-001,0.000000e+000,,,,,,,,,,,,,,32,1,4.000000e+000,1.145935e-002,0.000000e+000,0,,0,
1524228609.878,,0.000000e+000,5.400024e+001,-7.202753e-005,0.000000e+000,3,9.714590e-001,0.000000e+000,,,,,,,,,,,,,,32,1,4.000000e+000,8.911133e-003,0.000000e+000,0,,0,
1524228622.398,,0.000000e+000,5.400279e+001,-7.205309e-005,0.000000e+000,3,9.714175e-001,0.000000e+000,,,,,,,,,,,,,,32,1,4.000000e+000,1.144791e-002,0.000000e+000,0,,0,
1524228634.808,,0.000000e+000,5.400089e+001,-7.206303e-005,0.000000e+000,3,9.715918e-001,0.000000e+000,,,,,,,,,,,,,,32,1,4.000000e+000,2.548218e-003,0.000000e+000,0,,0,
1524228647.758,,0.000000e+000,5.399643e+001,-7.211426e-005,0.000000e+000,3,9.712037e-001,0.000000e+000,,,,,,,,,,,,,,32,1,4.000000e+000,1.281738e-003,0.000000e+000,0,,0,
1524228660.658,,0.000000e+000,5.399834e+001,-7.216610e-005,0.000000e+000,3,9.713801e-001,0.000000e+000,,,,,,,,,,,,,,32,1,4.000000e+000,7.640839e-003,0.000000e+000,0,,0,
1524228673.238,,0.000000e+000,5.399580e+001,-7.211928e-005,0.000000e+000,3,9.725066e-001,0.000000e+000,,,,,,,,,,,,,,32,1,4.000000e+000,2.552032e-003,0.000000e+000,0,,0,
1524228685.508,,0.000000e+000,5.399643e+001,-7.215825e-005,0.000000e+000,3,9.729427e-001,0.000000e+000,,,,,,,,,,,,,,32,1,4.000000e+000,3.822327e-003,0.000000e+000,0,,0,
1524228698.238,,0.000000e+000,5.399516e+001,-7.219266e-005,0.000000e+000,3,9.723732e-001,0.000000e+000,,,,,,,,,,,,,,32,1,4.000000e+000,6.359100e-003,0.000000e+000,0,,0,
1524228711.108,,0.000000e+000,5.400025e+001,-7.228568e-005,0.000000e+000,3,9.728286e-001,0.000000e+000,,,,,,,,,,,,,,32,1,4.000000e+000,3.818512e-003,0.000000e+000,0,,0,
1524228723.578,,0.000000e+000,5.400534e+001,-7.221941e-005,0.000000e+000,3,9.726425e-001,0.000000e+000,,,,,,,,,,,,,,32,1,4.000000e+000,6.359100e-003,0.000000e+000,0,,0,
1524228735.828,,0.000000e+000,5.400089e+001,-7.222559e-005,0.000000e+000,3,9.720258e-001,0.000000e+000,,,,,,,,,,,,,,32,1,4.000000e+000,7.629395e-003,0.000000e+000,0,,0,
1524228748.218,,0.000000e+000,5.399961e+001,-7.227249e-005,0.000000e+000,3,9.716927e-001,0.000000e+000,,,,,,,,,,,,,,32,1,4.000000e+000,1.018143e-002,0.000000e+000,0,,0,
1524228760.388,,0.000000e+000,5.399580e+001,-7.227282e-005,0.000000e+000,3,9.715495e-001,0.000000e+000,,,,,,,,,,,,,,32,1,4.000000e+000,2.552032e-003,0.000000e+000,0,,0,
1524228773.628,,0.000000e+000,5.399770e+001,-7.241606e-005,0.000000e+000,3,9.734150e-001,0.000000e+000,,,,,,,,,,,,,,32,1,4.000000e+000,1.270294e-003,0.000000e+000,0,,0,
1524228786.138,,0.000000e+000,5.399516e+001,-7.232756e-005,0.000000e+000,3,9.712207e-001,0.000000e+000,,,,,,,,,,,,,,32,1,4.000000e+000,1.270294e-003,0.000000e+000,0,,0,
1524228799.188,,0.000000e+000,5.399770e+001,-7.233259e-005,0.000000e+000,3,9.720500e-001,0.000000e+000,,,,,,,,,,,,,,32,1,4.000000e+000,1.270294e-003,0.000000e+000,0,,0,
1524228812.018,,0.000000e+000,5.400216e+001,-7.241365e-005,0.000000e+000,3,9.712608e-001,0.000000e+000,,,,,,,,,,,,,,32,1,4.000000e+000,5.088806e-003,0.000000e+000,0,,0,
1524228825.178,,0.000000e+000,5.399453e+001,-7.248210e-005,0.000000e+000,3,9.717746e-001,0.000000e+000,,,,,,,,,,,,,,32,1,4.000000e+000,5.088806e-003,0.000000e+000,0,,0,
1524228837.468,,0.000000e+000,5.399451e+001,-7.252056e-005,0.000000e+000,3,9.727728e-001,0.000000e+000,,,,,,,,,,,,,,32,1,4.000000e+000,1.272964e-002,0.000000e+000,0,,0,
1524228850.098,,0.000000e+000,5.399834e+001,-7.250266e-005,0.000000e+000,3,9.728047e-001,0.000000e+000,,,,,,,,,,,,,,32,1,4.000000e+000,0.000000e+000,0.000000e+000,0,,0,
1524228862.128,,0.000000e+000,5.400024e+001,-7.251320e-005,0.000000e+000,3,9.726368e-001,0.000000e+000,,,,,,,,,,,,,,32,1,4.000000e+000,1.270294e-003,0.000000e+000,0,,0,
1524228874.628,,0.000000e+000,5.399516e+001,-7.244395e-005,0.000000e+000,3,9.729022e-001,0.000000e+000,,,,,,,,,,,,,,32,1,4.000000e+000,1.270294e-003,0.000000e+000,0,,0,
1524228887.078,,0.000000e+000,5.400216e+001,-7.254004e-005,0.000000e+000,3,9.712800e-001,0.000000e+000,,,,,,,,,,,,,,32,1,4.000000e+000,5.088806e-003,0.000000e+000,0,,0,
1524228899.558,,0.000000e+000,5.400024e+001,-7.247261e-005,0.000000e+000,3,9.728873e-001,0.000000e+000,,,,,,,,,,,,,,32,1,4.000000e+000,1.270294e-003,0.000000e+000,0,,0,
1524228912.008,,0.000000e+000,5.399706e+001,-7.255071e-005,0.000000e+000,3,9.714477e-001,0.000000e+000,,,,,,,,,,,,,,32,1,4.000000e+000,2.552032e-003,0.000000e+000,0,,0,
1524228924.488,,0.000000e+000,5.400343e+001,-7.255931e-005,0.000000e+000,3,9.723485e-001,0.000000e+000,,,,,,,,,,,,,,32,1,4.000000e+000,1.017761e-002,0.000000e+000,0,,0,
1524228937.018,,0.000000e+000,5.400152e+001,-7.263807e-005,0.000000e+000,3,9.708018e-001,0.000000e+000,,,,,,,,,,,,,,32,1,4.000000e+000,6.359100e-003,0.000000e+000,0,,0,
1524228949.998,,0.000000e+000,5.399580e+001,-7.259445e-005,0.000000e+000,3,9.727730e-001,0.000000e+000,,,,,,,,,,,,,,32,1,4.000000e+000,2.552032e-003,0.000000e+000,0,,0,
1524228962.008,,0.000000e+000,5.399961e+001,-7.264930e-005,0.000000e+000,3,9.725884e-001,0.000000e+000,,,,,,,,,,,,,,32,1,4.000000e+000,2.540588e-003,0.000000e+000,0,,0,
1524228974.818,,0.000000e+000,5.399580e+001,-7.270186e-005,0.000000e+000,3,9.724001e-001,0.000000e+000,,,,,,,,,,,,,,32,1,4.000000e+000,2.552032e-003,0.000000e+000,0,,0,
1524228986.858,,0.000000e+000,5.399706e+001,-7.273447e-005,0.000000e+000,3,9.726820e-001,0.000000e+000,,,,,,,,,,,,,,32,1,4.000000e+000,5.092621e-003,0.000000e+000,0,,0,
1524228999.338,,0.000000e+000,5.399516e+001,-7.269227e-005,0.000000e+000,3,9.731629e-001,0.000000e+000,,,,,,,,,,,,,,32,1,4.000000e+000,8.911133e-003,0.000000e+000,0,,0,
1524229011.708,,0.000000e+000,5.399770e+001,-7.280183e-005,0.000000e+000,3,9.724188e-001,0.000000e+000,,,,,,,,,,,,,,32,1,4.000000e+000,3.822327e-003,0.000000e+000,0,,0,
1524229024.508,,0.000000e+000,5.399516e+001,-7.276375e-005,0.000000e+000,3,9.725180e-001,0.000000e+000,,,,,,,,,,,,,,32,1,4.000000e+000,6.359100e-003,0.000000e+000,0,,0,
1524229036.568,,0.000000e+000,5.399834e+001,-7.278341e-005,0.000000e+000,3,9.727295e-001,0.000000e+000,,,,,,,,,,,,,,32,1,4.000000e+000,5.092621e-003,0.000000e+000,0,,0,
1524229049.368,,0.000000e+000,5.399643e+001,-7.278600e-005,0.000000e+000,3,9.727373e-001,0.000000e+000,,,,,,,,,,,,,,32,1,4.000000e+000,3.822327e-003,0.000000e+000,0,,0,
1524229061.408,,0.000000e+000,5.399706e+001,-7.283589e-005,0.000000e+000,3,9.717702e-001,0.000000e+000,,,,,,,,,,,,,,32,1,4.000000e+000,2.552032e-003,0.000000e+000,0,,0,
1524229073.988,,0.000000e+000,5.398878e+001,-7.284756e-005,0.000000e+000,3,9.728041e-001,0.000000e+000,,,,,,,,,,,,,,32,1,4.000000e+000,1.270294e-003,0.000000e+000,0,,0,
1524229086.898,,0.000000e+000,5.400152e+001,-7.285424e-005,0.000000e+000,3,9.712236e-001,0.000000e+000,,,,,,,,,,,,,,32,1,4.000000e+000,1.277924e-003,0.000000e+000,0,,0,
1524229099.578,,0.000000e+000,5.399579e+001,-7.285386e-005,0.000000e+000,3,9.729084e-001,0.000000e+000,,,,,,,,,,,,,,32,1,4.000000e+000,5.100250e-003,0.000000e+000,0,,0,
1524229111.598,,0.000000e+000,5.399643e+001,-7.290234e-005,0.000000e+000,3,9.725114e-001,0.000000e+000,,,,,,,,,,,,,,32,1,4.000000e+000,3.822327e-003,0.000000e+000,0,,0,
1524229124.099,,0.000000e+000,5.399898e+001,-7.291363e-005,0.000000e+000,3,9.728300e-001,0.000000e+000,,,,,,,,,,,,,,32,1,4.000000e+000,3.810883e-003,0.000000e+000,0,,0,
1524229136.559,,0.000000e+000,5.399134e+001,-7.291903e-005,0.000000e+000,3,9.715511e-001,0.000000e+000,,,,,,,,,,,,,,32,1,4.000000e+000,1.145935e-002,0.000000e+000,0,,0,
1524229149.739,,0.000000e+000,5.399834e+001,-7.289359e-005,0.000000e+000,3,9.717139e-001,0.000000e+000,,,,,,,,,,,,,,32,1,4.000000e+000,1.271820e-002,0.000000e+000,0,,0,
1524229162.399,,0.000000e+000,5.399770e+001,-7.295893e-005,0.000000e+000,3,9.724171e-001,0.000000e+000,,,,,,,,,,,,,,32,1,4.000000e+000,1.270294e-003,0.000000e+000,0,,0,
1524229174.639,,0.000000e+000,5.399707e+001,-7.296557e-005,0.000000e+000,3,9.719980e-001,0.000000e+000,,,,,,,,,,,,,,32,1,4.000000e+000,0.000000e+000,0.000000e+000,0,,0,
1524229186.789,,0.000000e+000,5.399834e+001,-7.295725e-005,0.000000e+000,3,9.720352e-001,0.000000e+000,,,,,,,,,,,,,,32,1,4.000000e+000,2.540588e-003,0.000000e+000,0,,0,
1524229199.329,,0.000000e+000,5.400343e+001,-7.299989e-005,0.000000e+000,3,9.723935e-001,0.000000e+000,,,,,,,,,,,,,,32,1,4.000000e+000,2.540588e-003,0.000000e+000,0,,0,
1524229211.919,,0.000000e+000,5.399261e+001,-7.306124e-005,0.000000e+000,3,9.707673e-001,0.000000e+000,,,,,,,,,,,,,,32,1,4.000000e+000,3.818512e-003,0.000000e+000,0,,0,
1524229224.879,,0.000000e+000,5.399898e+001,-7.301390e-005,0.000000e+000,3,9.728161e-001,0.000000e+000,,,,,,,,,,,,,,32,1,4.000000e+000,1.270294e-003,0.000000e+000,0,,0,
1524229236.959,,0.000000e+000,5.399516e+001,-7.306960e-005,0.000000e+000,3,9.729657e-001,0.000000e+000,,,,,,,,,,,,,,32,1,4.000000e+000,6.359100e-003,0.000000e+000,0,,0,
1524229249.639,,0.000000e+000,5.400024e+001,-7.307591e-005,0.000000e+000,3,9.726843e-001,0.000000e+000,,,,,,,,,,,,,,32,1,4.000000e+000,1.270294e-003,0.000000e+000,0,,0,
1524229261.809,,0.000000e+000,5.399707e+001,-7.311927e-005,0.000000e+000,3,9.718812e-001,0.000000e+000,,,,,,,,,,,,,,32,1,4.000000e+000,0.000000e+000,0.000000e+000,0,,0,
1524229274.489,,0.000000e+000,5.399834e+001,-7.314646e-005,0.000000e+000,3,9.717208e-001,0.000000e+000,,,,,,,,,,,,,,32,1,4.000000e+000,2.540588e-003,0.000000e+000,0,,0,
1524229286.609,,0.000000e+000,5.399516e+001,-7.312567e-005,0.000000e+000,3,9.717127e-001,0.000000e+000,,,,,,,,,,,,,,32,1,4.000000e+000,6.359100e-003,0.000000e+000,0,,0,
1524229299.259,,0.000000e+000,5.400025e+001,-7.315685e-005,0.000000e+000,3,9.717296e-001,0.000000e+000,,,,,,,,,,,,,,32,1,4.000000e+000,6.359100e-003,0.000000e+000,0,,0,
1524229311.449,,0.000000e+000,5.399898e+001,-7.316636e-005,0.000000e+000,3,9.715432e-001,0.000000e+000,,,,,,,,,,,,,,32,1,4.000000e+000,3.810883e-003,0.000000e+000,0,,0,
1524229323.909,,0.000000e+000,5.399706e+001,-7.319402e-005,0.000000e+000,3,9.716647e-001,0.000000e+000,,,,,,,,,,,,,,32,1,4.000000e+000,2.552032e-003,0.000000e+000,0,,0,
1524229336.209,,0.000000e+000,5.399261e+001,-7.324058e-005,0.000000e+000,3,9.714646e-001,0.000000e+000,,,,,,,,,,,,,,32,1,4.000000e+000,8.918762e-003,0.000000e+000,0,,0,
1524229348.989,,0.000000e+000,5.399961e+001,-7.321398e-005,0.000000e+000,3,9.714577e-001,0.000000e+000,,,,,,,,,,,,,,32,1,4.000000e+000,7.640839e-003,0.000000e+000,0,,0,
1524229361.159,,0.000000e+000,5.399961e+001,-7.323291e-005,0.000000e+000,3,9.719446e-001,0.000000e+000,,,,,,,,,,,,,,32,1,4.000000e+000,0.000000e+000,0.000000e+000,0,,0,
1524229373.839,,0.000000e+000,5.399706e+001,-7.316729e-005,0.000000e+000,3,9.728025e-001,0.000000e+000,,,,,,,,,,,,,,32,1,4.000000e+000,2.552032e-003,0.000000e+000,0,,0,
1524229386.819,,0.000000e+000,5.400216e+001,-7.326430e-005,0.000000e+000,3,9.721261e-001,0.000000e+000,,,,,,,,,,,,,,32,1,4.000000e+000,0.000000e+000,0.000000e+000,0,,0,
1524229399.419,,0.000000e+000,5.399707e+001,-7.330519e-005,0.000000e+000,3,9.726309e-001,0.000000e+000,,,,,,,,,,,,,,32,1,4.000000e+000,0.000000e+000,0.000000e+000,0,,0,
1524229411.999,,0.000000e+000,5.399706e+001,-7.342688e-005,0.000000e+000,3,9.727562e-001,0.000000e+000,,,,,,,,,,,,,,32,1,4.000000e+000,2.552032e-003,0.000000e+000,0,,0,
1524229424.569,,0.000000e+000,5.399706e+001,-7.343170e-005,0.000000e+000,3,9.715412e-001,0.000000e+000,,,,,,,,,,,,,,32,1,4.000000e+000,2.552032e-003,0.000000e+000,0,,0,
1524229437.229,,0.000000e+000,5.399706e+001,-7.341291e-005,0.000000e+000,3,9.728072e-001,0.000000e+000,,,,,,,,,,,,,,32,1,4.000000e+000,2.552032e-003,0.000000e+000,0,,0,
1524229449.789,,0.000000e+000,5.399898e+001,-7.335894e-005,0.000000e+000,3,9.718999e-001,0.000000e+000,,,,,,,,,,,,,,32,1,4.000000e+000,1.270294e-003,0.000000e+000,0,,0,
1524229462.769,,0.000000e+000,5.400152e+001,-7.342832e-005,0.000000e+000,3,9.722041e-001,0.000000e+000,,,,,,,,,,,,,,32,1,4.000000e+000,3.818512e-003,0.000000e+000,0,,0,
1524229474.769,,0.000000e+000,5.400152e+001,-7.336401e-005,0.000000e+000,3,9.715213e-001,0.000000e+000,,,,,,,,,,,,,,32,1,4.000000e+000,3.818512e-003,0.000000e+000,0,,0,
1524229487.719,,0.000000e+000,5.399451e+001,-7.348103e-005,0.000000e+000,3,9.721044e-001,0.000000e+000,,,,,,,,,,,,,,32,1,4.000000e+000,2.548218e-003,0.000000e+000,0,,0,
1524229500.309,,0.000000e+000,5.399643e+001,-7.346644e-005,0.000000e+000,3,9.714748e-001,0.000000e+000,,,,,,,,,,,,,,32,1,4.000000e+000,6.370544e-003,0.000000e+000,0,,0,
1524229512.839,,0.000000e+000,5.400024e+001,-7.347227e-005,0.000000e+000,3,9.726543e-001,0.000000e+000,,,,,,,,,,,,,,32,1,4.000000e+000,1.270294e-003,0.000000e+000,0,,0,
1524229525.469,,0.000000e+000,5.399516e+001,-7.347614e-005,0.000000e+000,3,9.708142e-001,0.000000e+000,,,,,,,,,,,,,,32,1,4.000000e+000,3.829956e-003,0.000000e+000,0,,0,
1524229538.299,,0.000000e+000,5.399388e+001,-7.345917e-005,0.000000e+000,3,9.717001e-001,0.000000e+000,,,,,,,,,,,,,,32,1,4.000000e+000,1.145935e-002,0.000000e+000,0,,0,
1524229550.829,,0.000000e+000,5.399451e+001,-7.349113e-005,0.000000e+000,3,9.710156e-001,0.000000e+000,,,,,,,,,,,,,,32,1,4.000000e+000,1.272964e-002,0.000000e+000,0,,0,
1524229563.679,,0.000000e+000,5.399961e+001,-7.347347e-005,0.000000e+000,3,9.721473e-001,0.000000e+000,,,,,,,,,,,,,,32,1,4.000000e+000,0.000000e+000,0.000000e+000,0,,0,
1524229576.059,,0.000000e+000,5.400089e+001,-7.349325e-005,0.000000e+000,3,9.720407e-001,0.000000e+000,,,,,,,,,,,,,,32,1,4.000000e+000,7.629395e-003,0.000000e+000,0,,0,
1524229589.089,,0.000000e+000,5.399133e+001,-7.356991e-005,0.000000e+000,3,9.718748e-001,0.000000e+000,,,,,,,,,,,,,,32,1,4.000000e+000,3.818512e-003,0.000000e+000,0,,0,
1524229601.809,,0.000000e+000,5.400152e+001,-7.360241e-005,0.000000e+000,3,9.727752e-001,0.000000e+000,,,,,,,,,,,,,,32,1,4.000000e+000,3.818512e-003,0.000000e+000,0,,0,
1524229614.699,,0.000000e+000,5.399643e+001,-7.358412e-005,0.000000e+000,3,9.721144e-001,0.000000e+000,,,,,,,,,,,,,,32,1,4.000000e+000,1.145935e-002,0.000000e+000,0,,0,
1524229627.179,,0.000000e+000,5.399579e+001,-7.367090e-005,0.000000e+000,3,9.727502e-001,0.000000e+000,,,,,,,,,,,,,,32,1,4.000000e+000,0.000000e+000,0.000000e+000,0,,0,
1524229640.059,,0.000000e+000,5.400024e+001,-7.362138e-005,0.000000e+000,3,9.721954e-001,0.000000e+000,,,,,,,,,,,,,,32,1,4.000000e+000,1.270294e-003,0.000000e+000,0,,0,
1524229652.929,,0.000000e+000,5.399834e+001,-7.370394e-005,0.000000e+000,3,9.724418e-001,0.000000e+000,,,,,,,,,,,,,,32,1,4.000000e+000,2.540588e-003,0.000000e+000,0,,0,
1524229665.599,,0.000000e+000,5.400025e+001,-7.370565e-005,0.000000e+000,3,9.712328e-001,0.000000e+000,,,,,,,,,,,,,,32,1,4.000000e+000,6.359100e-003,0.000000e+000,0,,0,
1524229678.019,,0.000000e+000,5.399770e+001,-7.363891e-005,0.000000e+000,3,9.722624e-001,0.000000e+000,,,,,,,,,,,,,,32,1,4.000000e+000,1.270294e-003,0.000000e+000,0,,0,
1524229690.439,,0.000000e+000,5.399834e+001,-7.372291e-005,0.000000e+000,3,9.710747e-001,0.000000e+000,,,,,,,,,,,,,,32,1,4.000000e+000,2.540588e-003,0.000000e+000,0,,0,
1524229702.879,,0.000000e+000,5.400216e+001,-7.369157e-005,0.000000e+000,3,9.720684e-001,0.000000e+000,,,,,,,,,,,,,,32,1,4.000000e+000,1.018143e-002,0.000000e+000,0,,0,
1524229715.299,,0.000000e+000,5.399770e+001,-7.372686e-005,0.000000e+000,3,9.713527e-001,0.000000e+000,,,,,,,,,,,,,,32,1,4.000000e+000,1.910019e-002,0.000000e+000,0,,0,
1524229727.699,,0.000000e+000,5.399388e+001,-7.375902e-005,0.000000e+000,3,9.723170e-001,0.000000e+000,,,,,,,,,,,,,,32,1,4.000000e+000,1.145935e-002,0.000000e+000,0,,0,
1524229740.279,,0.000000e+000,5.400089e+001,-7.375231e-005,0.000000e+000,3,9.708545e-001,0.000000e+000,,,,,,,,,,,,,,32,1,4.000000e+000,5.088806e-003,0.000000e+000,0,,0,
1524229753.119,,0.000000e+000,5.400152e+001,-7.376765e-005,0.000000e+000,3,9.725426e-001,0.000000e+000,,,,,,,,,,,,,,32,1,4.000000e+000,3.818512e-003,0.000000e+000,0,,0,
1524229765.609,,0.000000e+000,5.400025e+001,-7.374876e-005,0.000000e+000,3,9.714482e-001,0.000000e+000,,,,,,,,,,,,,,32,1,4.000000e+000,3.818512e-003,0.000000e+000,0,,0,
1524229778.249,,0.000000e+000,5.400216e+001,-7.382259e-005,0.000000e+000,3,9.725518e-001,0.000000e+000,,,,,,,,,,,,,,32,1,4.000000e+000,7.640839e-003,0.000000e+000,0,,0,
1524229790.739,,0.000000e+000,5.399643e+001,-7.380851e-005,0.000000e+000,3,9.714150e-001,0.000000e+000,,,,,,,,,,,,,,32,1,4.000000e+000,6.370544e-003,0.000000e+000,0,,0,
1524229803.069,,0.000000e+000,5.400089e+001,-7.385556e-005,0.000000e+000,3,9.727094e-001,0.000000e+000,,,,,,,,,,,,,,32,1,4.000000e+000,1.019287e-002,0.000000e+000,0,,0,
1524229815.429,,0.000000e+000,5.399707e+001,-7.379239e-005,0.000000e+000,3,9.717718e-001,0.000000e+000,,,,,,,,,,,,,,32,1,4.000000e+000,1.017761e-002,0.000000e+000,0,,0,
1524229828.039,,0.000000e+000,5.399961e+001,-7.383564e-005,0.000000e+000,3,9.722397e-001,0.000000e+000,,,,,,,,,,,,,,32,1,4.000000e+000,0.000000e+000,0.000000e+000,0,,0,
1524229840.610,,0.000000e+000,5.399580e+001,-7.386714e-005,0.000000e+000,3,9.712975e-001,0.000000e+000,,,,,,,,,,,,,,32,1,4.000000e+000,2.552032e-003,0.000000e+000,0,,0,
1524229853.480,,0.000000e+000,5.400407e+001,-7.386292e-005,0.000000e+000,3,9.721865e-001,0.000000e+000,,,,,,,,,,,,,,32,1,4.000000e+000,6.370544e-003,0.000000e+000,0,,0,
1524229865.650,,0.000000e+000,5.399643e+001,-7.391022e-005,0.000000e+000,3,9.720361e-001,0.000000e+000,,,,,,,,,,,,,,32,1,4.000000e+000,1.281738e-003,0.000000e+000,0,,0,
1524229878.090,,0.000000e+000,5.400024e+001,-7.393973e-005,0.000000e+000,3,9.724833e-001,0.000000e+000,,,,,,,,,,,,,,32,1,4.000000e+000,1.270294e-003,0.000000e+000,0,,0,
1524229890.360,,0.000000e+000,5.398751e+001,-7.397807e-005,0.000000e+000,3,9.717575e-001,0.000000e+000,,,,,,,,,,,,,,32,1,4.000000e+000,1.400757e-002,0.000000e+000,0,,0,
1524229903.110,,0.000000e+000,5.400089e+001,-7.394485e-005,0.000000e+000,3,9.721093e-001,0.000000e+000,,,,,,,,,,,,,,32,1,4.000000e+000,2.548218e-003,0.000000e+000,0,,0,
1524229915.290,,0.000000e+000,5.399770e+001,-7.398950e-005,0.000000e+000,3,9.718382e-001,0.000000e+000,,,,,,,,,,,,,,32,1,4.000000e+000,1.270294e-003,0.000000e+000,0,,0,
1524229927.980,,0.000000e+000,5.399898e+001,-7.400353e-005,0.000000e+000,3,9.724702e-001,0.000000e+000,,,,,,,,,,,,,,32,1,4.000000e+000,3.810883e-003,0.000000e+000,0,,0,
1524229940.130,,0.000000e+000,5.399770e+001,-7.397329e-005,0.000000e+000,3,9.711639e-001,0.000000e+000,,,,,,,,,,,,,,32,1,4.000000e+000,1.270294e-003,0.000000e+000,0,,0,
1524229952.950,,0.000000e+000,5.399898e+001,-7.399796e-005,0.000000e+000,3,9.723042e-001,0.000000e+000,,,,,,,,,,,,,,32,1,4.000000e+000,3.810883e-003,0.000000e+000,0,,0,
1524229965.620,,0.000000e+000,5.400089e+001,-7.404437e-005,0.000000e+000,3,9.727976e-001,0.000000e+000,,,,,,,,,,,,,,32,1,4.000000e+000,2.548218e-003,0.000000e+000,0,,0,
1524229978.720,,0.000000e+000,5.399961e+001,-7.401989e-005,0.000000e+000,3,9.717777e-001,0.000000e+000,,,,,,,,,,,,,,32,1,4.000000e+000,2.540588e-003,0.000000e+000,0,,0,
1524229991.480,,0.000000e+000,5.399834e+001,-7.406345e-005,0.000000e+000,3,9.732192e-001,0.000000e+000,,,,,,,,,,,,,,32,1,4.000000e+000,0.000000e+000,0.000000e+000,0,,0,
1524230003.480,,0.000000e+000,5.400089e+001,-7.401871e-005,0.000000e+000,3,9.731141e-001,0.000000e+000,,,,,,,,,,,,,,32,1,4.000000e+000,1.019287e-002,0.000000e+000,0,,0,
1524230015.820,,0.000000e+000,5.399961e+001,-7.417658e-005,0.000000e+000,3,9.740954e-001,0.000000e+000,,,,,,,,,,,,,,32,1,4.000000e+000,0.000000e+000,0.000000e+000,0,,0,
1524230028.250,,0.000000e+000,5.400407e+001,-7.410214e-005,0.000000e+000,3,9.711986e-001,0.000000e+000,,,,,,,,,,,,,,32,1,4.000000e+000,1.270294e-003,0.000000e+000,0,,0,
1524230041.000,,0.000000e+000,5.399579e+001,-7.409953e-005,0.000000e+000,3,9.730895e-001,0.000000e+000,,,,,,,,,,,,,,32,1,4.000000e+000,1.781845e-002,0.000000e+000,0,,0,
1524230053.330,,0.000000e+000,5.399834e+001,-7.411222e-005,0.000000e+000,3,9.712530e-001,0.000000e+000,,,,,,,,,,,,,,32,1,4.000000e+000,0.000000e+000,0.000000e+000,0,,0,
1524230065.950,,0.000000e+000,5.399706e+001,-7.419446e-005,0.000000e+000,3,9.719245e-001,0.000000e+000,,,,,,,,,,,,,,32,1,4.000000e+000,2.552032e-003,0.000000e+000,0,,0,
1524230078.540,,0.000000e+000,5.399707e+001,-7.419218e-005,0.000000e+000,3,9.711320e-001,0.000000e+000,,,,,,,,,,,,,,32,1,4.000000e+000,0.000000e+000,0.000000e+000,0,,0,
1524230091.460,,0.000000e+000,5.399643e+001,-7.421009e-005,0.000000e+000,3,9.730897e-001,0.000000e+000,,,,,,,,,,,,,,32,1,4.000000e+000,1.281738e-003,0.000000e+000,0,,0,
1524230104.070,,0.000000e+000,5.399834e+001,-7.426610e-005,0.000000e+000,3,9.729404e-001,0.000000e+000,,,,,,,,,,,,,,32,1,4.000000e+000,7.640839e-003,0.000000e+000,0,,0,
1524230116.970,,0.000000e+000,5.399961e+001,-7.419085e-005,0.000000e+000,3,9.717913e-001,0.000000e+000,,,,,,,,,,,,,,32,1,4.000000e+000,7.640839e-003,0.000000e+000,0,,0,
1524230130.110,,0.000000e+000,5.399897e+001,-7.430651e-005,0.000000e+000,3,9.724981e-001,0.000000e+000,,,,,,,,,,,,,,32,1,4.000000e+000,6.370544e-003,0.000000e+000,0,,0,
1524230142.090,,0.000000e+000,5.400024e+001,-7.422841e-005,0.000000e+000,3,9.723299e-001,0.000000e+000,,,,,,,,,,,,,,32,1,4.000000e+000,8.911133e-003,0.000000e+000,0,,0,
1524230154.760,,0.000000e+000,5.400597e+001,-7.428660e-005,0.000000e+000,3,9.729029e-001,0.000000e+000,,,,,,,,,,,,,,32,1,4.000000e+000,5.088806e-003,0.000000e+000,0,,0,
1524230167.190,,0.000000e+000,5.399834e+001,-7.429820e-005,0.000000e+000,3,9.724674e-001,0.000000e+000,,,,,,,,,,,,,,32,1,4.000000e+000,2.540588e-003,0.000000e+000,0,,0,
1524230180.040,,0.000000e+000,5.399580e+001,-7.435271e-005,0.000000e+000,3,9.725584e-001,0.000000e+000,,,,,,,,,,,,,,32,1,4.000000e+000,2.552032e-003,0.000000e+000,0,,0,
1524230192.830,,0.000000e+000,5.399388e+001,-7.430118e-005,0.000000e+000,3,9.712101e-001,0.000000e+000,,,,,,,,,,,,,,32,1,4.000000e+000,1.277924e-003,0.000000e+000,0,,0,
1524230205.600,,0.000000e+000,5.399452e+001,-7.433354e-005,0.000000e+000,3,9.722332e-001,0.000000e+000,,,,,,,,,,,,,,32,1,4.000000e+000,7.640839e-003,0.000000e+000,0,,0,
1524230218.130,,0.000000e+000,5.400471e+001,-7.433404e-005,0.000000e+000,3,9.715046e-001,0.000000e+000,,,,,,,,,,,,,,32,1,4.000000e+000,5.092621e-003,0.000000e+000,0,,0,
1524230230.780,,0.000000e+000,5.399707e+001,-7.434841e-005,0.000000e+000,3,9.724538e-001,0.000000e+000,,,,,,,,,,,,,,32,1,4.000000e+000,0.000000e+000,0.000000e+000,0,,0,
1524230243.060,,0.000000e+000,5.399451e+001,-7.439173e-005,0.000000e+000,3,9.718016e-001,0.000000e+000,,,,,,,,,,,,,,32,1,4.000000e+000,2.548218e-003,0.000000e+000,0,,0,
1524230255.810,,0.000000e+000,5.399834e+001,-7.442637e-005,0.000000e+000,3,9.720308e-001,0.000000e+000,,,,,,,,,,,,,,32,1,4.000000e+000,7.640839e-003,0.000000e+000,0,,0,
1524230268.390,,0.000000e+000,5.399897e+001,-7.442060e-005,0.000000e+000,3,9.708208e-001,0.000000e+000,,,,,,,,,,,,,,32,1,4.000000e+000,8.911133e-003,0.000000e+000,0,,0,
1524230281.200,,0.000000e+000,5.399770e+001,-7.437541e-005,0.000000e+000,3,9.717764e-001,0.000000e+000,,,,,,,,,,,,,,32,1,4.000000e+000,1.270294e-003,0.000000e+000,0,,0,
1524230293.290,,0.000000e+000,5.399707e+001,-7.440924e-005,0.000000e+000,3,9.721693e-001,0.000000e+000,,,,,,,,,,,,,,32,1,4.000000e+000,0.000000e+000,0.000000e+000,0,,0,
1524230306.020,,0.000000e+000,5.399643e+001,-7.451735e-005,0.000000e+000,3,9.721960e-001,0.000000e+000,,,,,,,,,,,,,,32,1,4.000000e+000,1.281738e-003,0.000000e+000,0,,0,
1524230318.600,,0.000000e+000,5.399834e+001,-7.442221e-005,0.000000e+000,3,9.710903e-001,0.000000e+000,,,,,,,,,,,,,,32,1,4.000000e+000,2.540588e-003,0.000000e+000,0,,0,
1524230331.230,,0.000000e+000,5.399643e+001,-7.437158e-005,0.000000e+000,3,9.719584e-001,0.000000e+000,,,,,,,,,,,,,,32,1,4.000000e+000,1.281738e-003,0.000000e+000,0,,0,
1524230343.550,,0.000000e+000,5.400089e+001,-7.447320e-005,0.000000e+000,3,9.716578e-001,0.000000e+000,,,,,,,,,,,,,,32,1,4.000000e+000,7.629395e-003,0.000000e+000,0,,0,
1524230356.260,,0.000000e+000,5.400215e+001,-7.451170e-005,0.000000e+000,3,9.718671e-001,0.000000e+000,,,,,,,,,,,,,,32,1,4.000000e+000,1.272964e-002,0.000000e+000,0,,0,
1524230368.840,,0.000000e+000,5.399579e+001,-7.445764e-005,0.000000e+000,3,9.712198e-001,0.000000e+000,,,,,,,,,,,,,,32,1,4.000000e+000,5.100250e-003,0.000000e+000,0,,0,
1524230381.460,,0.000000e+000,5.399898e+001,-7.447683e-005,0.000000e+000,3,9.721884e-001,0.000000e+000,,,,,,,,,,,,,,32,1,4.000000e+000,1.270294e-003,0.000000e+000,0,,0,
1524230393.740,,0.000000e+000,5.399834e+001,-7.453607e-005,0.000000e+000,3,9.720538e-001,0.000000e+000,,,,,,,,,,,,,,32,1,4.000000e+000,0.000000e+000,0.000000e+000,0,,0,
1524230406.300,,0.000000e+000,5.399706e+001,-7.454390e-005,0.000000e+000,3,9.719995e-001,0.000000e+000,,,,,,,,,,,,,,32,1,4.000000e+000,7.640839e-003,0.000000e+000,0,,0,
1524230418.650,,0.000000e+000,5.399707e+001,-7.455520e-005,0.000000e+000,3,9.720877e-001,0.000000e+000,,,,,,,,,,,,,,32,1,4.000000e+000,0.000000e+000,0.000000e+000,0,,0,
1524230431.440,,0.000000e+000,5.399770e+001,-7.455258e-005,0.000000e+000,3,9.721215e-001,0.000000e+000,,,,,,,,,,,,,,32,1,4.000000e+000,3.822327e-003,0.000000e+000,0,,0,
1524230444.040,,0.000000e+000,5.399324e+001,-7.457758e-005,0.000000e+000,3,9.720218e-001,0.000000e+000,,,,,,,,,,,,,,32,1,4.000000e+000,5.088806e-003,0.000000e+000,0,,0,
1524230456.740,,0.000000e+000,5.400152e+001,-7.453313e-005,0.000000e+000,3,9.719356e-001,0.000000e+000,,,,,,,,,,,,,,32,1,4.000000e+000,3.818512e-003,0.000000e+000,0,,0,
1524230469.120,,0.000000e+000,5.400025e+001,-7.461831e-005,0.000000e+000,3,9.715899e-001,0.000000e+000,,,,,,,,,,,,,,32,1,4.000000e+000,6.359100e-003,0.000000e+000,0,,0,
1524230482.160,,0.000000e+000,5.399516e+001,-7.462504e-005,0.000000e+000,3,9.720971e-001,0.000000e+000,,,,,,,,,,,,,,32,1,4.000000e+000,1.270294e-003,0.000000e+000,0,,0,
1524230494.980,,0.000000e+000,5.399579e+001,-7.461448e-005,0.000000e+000,3,9.723785e-001,0.000000e+000,,,,,,,,,,,,,,32,1,4.000000e+000,0.000000e+000,0.000000e+000,0,,0,
1524230507.530,,0.000000e+000,5.400215e+001,-7.460984e-005,0.000000e+000,3,9.721439e-001,0.000000e+000,,,,,,,,,,,,,,32,1,4.000000e+000,1.272964e-002,0.000000e+000,0,,0,
1524230519.750,,0.000000e+000,5.399451e+001,-7.462900e-005,0.000000e+000,3,9.727051e-001,0.000000e+000,,,,,,,,,,,,,,32,1,4.000000e+000,1.018906e-002,0.000000e+000,0,,0,
1524230532.580,,0.000000e+000,5.399898e+001,-7.466573e-005,0.000000e+000,3,9.724935e-001,0.000000e+000,,,,,,,,,,,,,,32,1,4.000000e+000,1.270294e-003,0.000000e+000,0,,0,
1524230545.311,,0.000000e+000,5.399770e+001,-7.472659e-005,0.000000e+000,3,9.724257e-001,0.000000e+000,,,,,,,,,,,,,,32,1,4.000000e+000,1.270294e-003,0.000000e+000,0,,0,
1524230557.991,,0.000000e+000,5.399770e+001,-7.468757e-005,0.000000e+000,3,9.717903e-001,0.000000e+000,,,,,,,,,,,,,,32,1,4.000000e+000,6.362915e-003,0.000000e+000,0,,0,
1524230570.861,,0.000000e+000,5.399961e+001,-7.476394e-005,0.000000e+000,3,9.724184e-001,0.000000e+000,,,,,,,,,,,,,,32,1,4.000000e+000,1.018143e-002,0.000000e+000,0,,0,
1524230583.441,,0.000000e+000,5.400216e+001,-7.471801e-005,0.000000e+000,3,9.716853e-001,0.000000e+000,,,,,,,,,,,,,,32,1,4.000000e+000,5.088806e-003,0.000000e+000,0,,0,
1524230596.251,,0.000000e+000,5.399961e+001,-7.474561e-005,0.000000e+000,3,9.717200e-001,0.000000e+000,,,,,,,,,,,,,,32,1,4.000000e+000,0.000000e+000,0.000000e+000,0,,0,
1524230609.141,,0.000000e+000,5.399706e+001,-7.472599e-005,0.000000e+000,3,9.713918e-001,0.000000e+000,,,,,,,,,,,,,,32,1,4.000000e+000,5.092621e-003,0.000000e+000,0,,0,
1524230621.791,,0.000000e+000,5.399261e+001,-7.470268e-005,0.000000e+000,3,9.714754e-001,0.000000e+000,,,,,,,,,,,,,,32,1,4.000000e+000,1.399994e-002,0.000000e+000,0,,0,
1524230634.331,,0.000000e+000,5.400089e+001,-7.476105e-005,0.000000e+000,3,9.711899e-001,0.000000e+000,,,,,,,,,,,,,,32,1,4.000000e+000,5.088806e-003,0.000000e+000,0,,0,
1524230647.201,,0.000000e+000,5.399007e+001,-7.478215e-005,0.000000e+000,3,9.716724e-001,0.000000e+000,,,,,,,,,,,,,,32,1,4.000000e+000,3.829956e-003,0.000000e+000,0,,0,
1524230659.801,,0.000000e+000,5.399325e+001,-7.485212e-005,0.000000e+000,3,9.718386e-001,0.000000e+000,,,,,,,,,,,,,,32,1,4.000000e+000,1.018906e-002,0.000000e+000,0,,0,
1524230672.201,,0.000000e+000,5.400470e+001,-7.476078e-005,0.000000e+000,3,9.724154e-001,0.000000e+000,,,,,,,,,,,,,,32,1,4.000000e+000,7.637024e-003,0.000000e+000,0,,0,
1524230684.531,,0.000000e+000,5.400215e+001,-7.483241e-005,0.000000e+000,3,9.706812e-001,0.000000e+000,,,,,,,,,,,,,,32,1,4.000000e+000,1.272964e-002,0.000000e+000,0,,0,
1524230697.531,,0.000000e+000,5.399706e+001,-7.477774e-005,0.000000e+000,3,9.720270e-001,0.000000e+000,,,,,,,,,,,,,,32,1,4.000000e+000,5.092621e-003,0.000000e+000,0,,0,
1524230709.551,,0.000000e+000,5.400343e+001,-7.483085e-005,0.000000e+000,3,9.722848e-001,0.000000e+000,,,,,,,,,,,,,,32,1,4.000000e+000,2.540588e-003,0.000000e+000,0,,0,
1524230722.071,,0.000000e+000,5.399388e+001,-7.486141e-005,0.000000e+000,3,9.724945e-001,0.000000e+000,,,,,,,,,,,,,,32,1,4.000000e+000,1.277924e-003,0.000000e+000,0,,0,
1524230734.491,,0.000000e+000,5.399961e+001,-7.488274e-005,0.000000e+000,3,9.710591e-001,0.000000e+000,,,,,,,,,,,,,,32,1,4.000000e+000,0.000000e+000,0.000000e+000,0,,0,
1524230747.011,,0.000000e+000,5.400152e+001,-7.483645e-005,0.000000e+000,3,9.722270e-001,0.000000e+000,,,,,,,,,,,,,,32,1,4.000000e+000,1.277924e-003,0.000000e+000,0,,0,
1524230759.591,,0.000000e+000,5.399643e+001,-7.483790e-005,0.000000e+000,3,9.709988e-001,0.000000e+000,,,,,,,,,,,,,,32,1,4.000000e+000,3.822327e-003,0.000000e+000,0,,0,
1524230772.511,,0.000000e+000,5.399770e+001,-7.489967e-005,0.000000e+000,3,9.722473e-001,0.000000e+000,,,,,,,,,,,,,,32,1,4.000000e+000,3.822327e-003,0.000000e+000,0,,0,
1524230784.651,,0.000000e+000,5.399643e+001,-7.491180e-005,0.000000e+000,3,9.713846e-001,0.000000e+000,,,,,,,,,,,,,,32,1,4.000000e+000,6.370544e-003,0.000000e+000,0,,0,
1524230797.341,,0.000000e+000,5.399961e+001,-7.492772e-005,0.000000e+000,3,9.716599e-001,0.000000e+000,,,,,,,,,,,,,,32,1,4.000000e+000,0.000000e+000,0.000000e+000,0,,0,
1524230809.491,,0.000000e+000,5.399453e+001,-7.492933e-005,0.000000e+000,3,9.714068e-001,0.000000e+000,,,,,,,,,,,,,,32,1,4.000000e+000,5.088806e-003,0.000000e+000,0,,0,
1524230821.971,,0.000000e+000,5.400661e+001,-7.489944e-005,0.000000e+000,3,9.718562e-001,0.000000e+000,,,,,,,,,,,,,,32,1,4.000000e+000,3.818512e-003,0.000000e+000,0,,0,
1524230834.231,,0.000000e+000,5.399834e+001,-7.499554e-005,0.000000e+000,3,9.708043e-001,0.000000e+000,,,,,,,,,,,,,,32,1,4.000000e+000,5.092621e-003,0.000000e+000,0,,0,
1524230847.381,,0.000000e+000,5.399643e+001,-7.495748e-005,0.000000e+000,3,9.707495e-001,0.000000e+000,,,,,,,,,,,,,,32,1,4.000000e+000,1.281738e-003,0.000000e+000,0,,0,
1524230860.161,,0.000000e+000,5.400597e+001,-7.503426e-005,0.000000e+000,3,9.719372e-001,0.000000e+000,,,,,,,,,,,,,,32,1,4.000000e+000,7.629395e-003,0.000000e+000,0,,0,
1524230872.131,,0.000000e+000,5.400470e+001,-7.498731e-005,0.000000e+000,3,9.715221e-001,0.000000e+000,,,,,,,,,,,,,,32,1,4.000000e+000,1.017761e-002,0.000000e+000,0,,0,
1524230884.901,,0.000000e+000,5.399453e+001,-7.505685e-005,0.000000e+000,3,9.723190e-001,0.000000e+000,,,,,,,,,,,,,,32,1,4.000000e+000,5.088806e-003,0.000000e+000,0,,0,
1524230897.131,,0.000000e+000,5.399453e+001,-7.499797e-005,0.000000e+000,3,9.714141e-001,0.000000e+000,,,,,,,,,,,,,,32,1,4.000000e+000,5.088806e-003,0.000000e+000,0,,0,
1524230910.431,,0.000000e+000,5.400407e+001,-7.501829e-005,0.000000e+000,3,9.721264e-001,0.000000e+000,,,,,,,,,,,,,,32,1,4.000000e+000,3.822327e-003,0.000000e+000,0,,0,
1524230923.031,,0.000000e+000,5.399643e+001,-7.502867e-005,0.000000e+000,3,9.727827e-001,0.000000e+000,,,,,,,,,,,,,,32,1,4.000000e+000,6.370544e-003,0.000000e+000,0,,0,
1524230935.451,,0.000000e+000,5.399898e+001,-7.503997e-005,0.000000e+000,3,9.729097e-001,0.000000e+000,,,,,,,,,,,,,,32,1,4.000000e+000,1.270294e-003,0.000000e+000,0,,0,
1524230948.061,,0.000000e+000,5.399770e+001,-7.506046e-005,0.000000e+000,3,9.729189e-001,0.000000e+000,,,,,,,,,,,,,,32,1,4.000000e+000,6.362915e-003,0.000000e+000,0,,0,
1524230960.681,,0.000000e+000,5.399643e+001,-7.503038e-005,0.000000e+000,3,9.715158e-001,0.000000e+000,,,,,,,,,,,,,,32,1,4.000000e+000,6.370544e-003,0.000000e+000,0,,0,
1524230973.021,,0.000000e+000,5.399770e+001,-7.509732e-005,0.000000e+000,3,9.723815e-001,0.000000e+000,,,,,,,,,,,,,,32,1,4.000000e+000,3.822327e-003,0.000000e+000,0,,0,
1524230985.511,,0.000000e+000,5.399389e+001,-7.509650e-005,0.000000e+000,3,9.720711e-001,0.000000e+000,,,,,,,,,,,,,,32,1,4.000000e+000,6.370544e-003,0.000000e+000,0,,0,
1524230998.011,,0.000000e+000,5.399961e+001,-7.511258e-005,0.000000e+000,3,9.719282e-001,0.000000e+000,,,,,,,,,,,,,,32,1,4.000000e+000,5.088806e-003,0.000000e+000,0,,0,
1524231010.351,,0.000000e+000,5.400152e+001,-7.516848e-005,0.000000e+000,3,9.717902e-001,0.000000e+000,,,,,,,,,,,,,,32,1,4.000000e+000,6.359100e-003,0.000000e+000,0,,0,
1524231022.501,,0.000000e+000,5.400089e+001,-7.516437e-005,0.000000e+000,3,9.729564e-001,0.000000e+000,,,,,,,,,,,,,,32,1,4.000000e+000,7.629395e-003,0.000000e+000,0,,0,
1524231035.181,,0.000000e+000,5.399324e+001,-7.507273e-005,0.000000e+000,3,9.718519e-001,0.000000e+000,,,,,,,,,,,,,,32,1,4.000000e+000,5.088806e-003,0.000000e+000,0,,0,
1524231047.731,,0.000000e+000,5.400216e+001,-7.519183e-005,0.000000e+000,3,9.712408e-001,0.000000e+000,,,,,,,,,,,,,,32,1,4.000000e+000,7.640839e-003,0.000000e+000,0,,0,
1524231060.041,,0.000000e+000,5.399834e+001,-7.516633e-005,0.000000e+000,3,9.717600e-001,0.000000e+000,,,,,,,,,,,,,,32,1,4.000000e+000,1.018906e-002,0.000000e+000,0,,0,
1524231072.671,,0.000000e+000,5.400152e+001,-7.521373e-005,0.000000e+000,3,9.725410e-001,0.000000e+000,,,,,,,,,,,,,,32,1,4.000000e+000,3.818512e-003,0.000000e+000,0,,0,
1524231084.911,,0.000000e+000,5.399516e+001,-7.516245e-005,0.000000e+000,3,9.714015e-001,0.000000e+000,,,,,,,,,,,,,,32,1,4.000000e+000,8.911133e-003,0.000000e+000,0,,0,
1524231097.011,,0.000000e+000,5.399898e+001,-7.519282e-005,0.000000e+000,3,9.711479e-001,0.000000e+000,,,,,,,,,,,,,,32,1,4.000000e+000,1.270294e-003,0.000000e+000,0,,0,
1524231109.591,,0.000000e+000,5.399325e+001,-7.519504e-005,0.000000e+000,3,9.722739e-001,0.000000e+000,,,,,,,,,,,,,,32,1,4.000000e+000,2.536774e-003,0.000000e+000,0,,0,
1524231121.921,,0.000000e+000,5.400089e+001,-7.521110e-005,0.000000e+000,3,9.713475e-001,0.000000e+000,,,,,,,,,,,,,,32,1,4.000000e+000,2.548218e-003,0.000000e+000,0,,0,
1524231134.461,,0.000000e+000,5.399643e+001,-7.514019e-005,0.000000e+000,3,9.715233e-001,0.000000e+000,,,,,,,,,,,,,,32,1,4.000000e+000,6.370544e-003,0.000000e+000,0,,0,
1524231147.101,,0.000000e+000,5.399898e+001,-7.517508e-005,0.000000e+000,3,9.709240e-001,0.000000e+000,,,,,,,,,,,,,,32,1,4.000000e+000,3.810883e-003,0.000000e+000,0,,0,
1524231159.891,,0.000000e+000,5.399898e+001,-7.519106e-005,0.000000e+000,3,9.715343e-001,0.000000e+000,,,,,,,,,,,,,,32,1,4.000000e+000,1.270294e-003,0.000000e+000,0,,0,
1524231172.051,,0.000000e+000,5.400279e+001,-7.519523e-005,0.000000e+000,3,9.714046e-001,0.000000e+000,,,,,,,,,,,,,,32,1,4.000000e+000,1.270294e-003,0.000000e+000,0,,0,
1524231184.731,,0.000000e+000,5.399643e+001,-7.526531e-005,0.000000e+000,3,9.720449e-001,0.000000e+000,,,,,,,,,,,,,,32,1,4.000000e+000,8.899689e-003,0.000000e+000,0,,0,
1524231196.851,,0.000000e+000,5.399961e+001,-7.525973e-005,0.000000e+000,3,9.710862e-001,0.000000e+000,,,,,,,,,,,,,,32,1,4.000000e+000,7.640839e-003,0.000000e+000,0,,0,
1524231209.571,,0.000000e+000,5.400152e+001,-7.525300e-005,0.000000e+000,3,9.717450e-001,0.000000e+000,,,,,,,,,,,,,,32,1,4.000000e+000,1.277924e-003,0.000000e+000,0,,0,
1524231221.751,,0.000000e+000,5.399579e+001,-7.529126e-005,0.000000e+000,3,9.708902e-001,0.000000e+000,,,,,,,,,,,,,,32,1,4.000000e+000,1.018143e-002,0.000000e+000,0,,0,
1524231234.401,,0.000000e+000,5.399706e+001,-7.532196e-005,0.000000e+000,3,9.722974e-001,0.000000e+000,,,,,,,,,,,,,,32,1,4.000000e+000,7.640839e-003,0.000000e+000,0,,0,
1524231247.021,,0.000000e+000,5.399770e+001,-7.530132e-005,0.000000e+000,3,9.709715e-001,0.000000e+000,,,,,,,,,,,,,,32,1,4.000000e+000,3.822327e-003,0.000000e+000,0,,0,
1524231259.812,,0.000000e+000,5.399834e+001,-7.528950e-005,0.000000e+000,3,9.720309e-001,0.000000e+000,,,,,,,,,,,,,,32,1,4.000000e+000,2.540588e-003,0.000000e+000,0,,0,
1524231272.552,,0.000000e+000,5.399898e+001,-7.532886e-005,0.000000e+000,3,9.723591e-001,0.000000e+000,,,,,,,,,,,,,,32,1,4.000000e+000,3.810883e-003,0.000000e+000,0,,0,
1524231285.422,,0.000000e+000,5.400024e+001,-7.531439e-005,0.000000e+000,3,9.719958e-001,0.000000e+000,,,,,,,,,,,,,,32,1,4.000000e+000,1.270294e-003,0.000000e+000,0,,0,
1524231297.892,,0.000000e+000,5.399834e+001,-7.535351e-005,0.000000e+000,3,9.728097e-001,0.000000e+000,,,,,,,,,,,,,,32,1,4.000000e+000,2.540588e-003,0.000000e+000,0,,0,
1524231310.092,,0.000000e+000,5.400024e+001,-7.530136e-005,0.000000e+000,3,9.718339e-001,0.000000e+000,,,,,,,,,,,,,,32,1,4.000000e+000,1.270294e-003,0.000000e+000,0,,0,
1524231322.472,,0.000000e+000,5.400024e+001,-7.533501e-005,0.000000e+000,3,9.720786e-001,0.000000e+000,,,,,,,,,,,,,,32,1,4.000000e+000,1.270294e-003,0.000000e+000,0,,0,
1524231334.852,,0.000000e+000,5.400024e+001,-7.540957e-005,0.000000e+000,3,9.718503e-001,0.000000e+000,,,,,,,,,,,,,,32,1,4.000000e+000,8.911133e-003,0.000000e+000,0,,0,
1524231347.622,,0.000000e+000,5.399834e+001,-7.539500e-005,0.000000e+000,3,9.727398e-001,0.000000e+000,,,,,,,,,,,,,,32,1,4.000000e+000,7.640839e-003,0.000000e+000,0,,0,
1524231360.492,,0.000000e+000,5.400216e+001,-7.540121e-005,0.000000e+000,3,9.722190e-001,0.000000e+000,,,,,,,,,,,,,,32,1,4.000000e+000,2.548218e-003,0.000000e+000,0,,0,
1524231372.972,,0.000000e+000,5.399834e+001,-7.543928e-005,0.000000e+000,3,9.723232e-001,0.000000e+000,,,,,,,,,,,,,,32,1,4.000000e+000,2.540588e-003,0.000000e+000,0,,0,
1524231385.212,,0.000000e+000,5.399898e+001,-7.536444e-005,0.000000e+000,3,9.717783e-001,0.000000e+000,,,,,,,,,,,,,,32,1,4.000000e+000,1.270294e-003,0.000000e+000,0,,0,
1524231397.792,,0.000000e+000,5.399579e+001,-7.544894e-005,0.000000e+000,3,9.725444e-001,0.000000e+000,,,,,,,,,,,,,,32,1,4.000000e+000,0.000000e+000,0.000000e+000,0,,0,
1524231410.052,,0.000000e+000,5.399770e+001,-7.542446e-005,0.000000e+000,3,9.721949e-001,0.000000e+000,,,,,,,,,,,,,,32,1,4.000000e+000,1.270294e-003,0.000000e+000,0,,0,
1524231422.402,,0.000000e+000,5.399770e+001,-7.541945e-005,0.000000e+000,3,9.713261e-001,0.000000e+000,,,,,,,,,,,,,,32,1,4.000000e+000,1.270294e-003,0.000000e+000,0,,0,
1524231435.392,,0.000000e+000,5.399451e+001,-7.544628e-005,0.000000e+000,3,9.724100e-001,0.000000e+000,,,,,,,,,,,,,,32,1,4.000000e+000,2.548218e-003,0.000000e+000,0,,0,
1524231448.022,,0.000000e+000,5.399324e+001,-7.545662e-005,0.000000e+000,3,9.723029e-001,0.000000e+000,,,,,,,,,,,,,,32,1,4.000000e+000,0.000000e+000,0.000000e+000,0,,0,
1524231460.892,,0.000000e+000,5.400024e+001,-7.545991e-005,0.000000e+000,3,9.721914e-001,0.000000e+000,,,,,,,,,,,,,,32,1,4.000000e+000,1.270294e-003,0.000000e+000,0,,0,
1524231473.772,,0.000000e+000,5.400216e+001,-7.549681e-005,0.000000e+000,3,9.720749e-001,0.000000e+000,,,,,,,,,,,,,,32,1,4.000000e+000,0.000000e+000,0.000000e+000,0,,0,
1524231486.522,,0.000000e+000,5.400025e+001,-7.548815e-005,0.000000e+000,3,9.712742e-001,0.000000e+000,,,,,,,,,,,,,,32,1,4.000000e+000,3.818512e-003,0.000000e+000,0,,0,
1524231498.872,,0.000000e+000,5.399706e+001,-7.549199e-005,0.000000e+000,3,9.724738e-001,0.000000e+000,,,,,,,,,,,,,,32,1,4.000000e+000,2.552032e-003,0.000000e+000,0,,0,
1524231511.482,,0.000000e+000,5.400343e+001,-7.551035e-005,0.000000e+000,3,9.712509e-001,0.000000e+000,,,,,,,,,,,,,,32,1,4.000000e+000,7.640839e-003,0.000000e+000,0,,0,
1524231524.142,,0.000000e+000,5.399643e+001,-7.552075e-005,0.000000e+000,3,9.721799e-001,0.000000e+000,,,,,,,,,,,,,,32,1,4.000000e+000,6.370544e-003,0.000000e+000,0,,0,
1524231536.702,,0.000000e+000,5.400152e+001,-7.551047e-005,0.000000e+000,3,9.712878e-001,0.000000e+000,,,,,,,,,,,,,,32,1,4.000000e+000,3.818512e-003,0.000000e+000,0,,0,
1524231549.332,,0.000000e+000,5.399770e+001,-7.552337e-005,0.000000e+000,3,9.721966e-001,0.000000e+000,,,,,,,,,,,,,,32,1,4.000000e+000,1.270294e-003,0.000000e+000,0,,0,
1524231561.632,,0.000000e+000,5.399198e+001,-7.557672e-005,0.000000e+000,3,9.717046e-001,0.000000e+000,,,,,,,,,,,,,,32,1,4.000000e+000,0.000000e+000,0.000000e+000,0,,0,
1524231574.492,,0.000000e+000,5.399451e+001,-7.557438e-005,0.000000e+000,3,9.724630e-001,0.000000e+000,,,,,,,,,,,,,,32,1,4.000000e+000,2.548218e-003,0.000000e+000,0,,0,
1524231587.182,,0.000000e+000,5.399961e+001,-7.558951e-005,0.000000e+000,3,9.728929e-001,0.000000e+000,,,,,,,,,,,,,,32,1,4.000000e+000,2.540588e-003,0.000000e+000,0,,0,
1524231600.302,,0.000000e+000,5.399007e+001,-7.562710e-005,0.000000e+000,3,9.724123e-001,0.000000e+000,,,,,,,,,,,,,,32,1,4.000000e+000,3.829956e-003,0.000000e+000,0,,0,
1524231612.842,,0.000000e+000,5.399325e+001,-7.563421e-005,0.000000e+000,3,9.729673e-001,0.000000e+000,,,,,,,,,,,,,,32,1,4.000000e+000,2.536774e-003,0.000000e+000,0,,0,
1524231625.522,,0.000000e+000,5.399388e+001,-7.562941e-005,0.000000e+000,3,9.711588e-001,0.000000e+000,,,,,,,,,,,,,,32,1,4.000000e+000,1.277924e-003,0.000000e+000,0,,0,
1524231638.232,,0.000000e+000,5.400280e+001,-7.564186e-005,0.000000e+000,3,9.721084e-001,0.000000e+000,,,,,,,,,,,,,,32,1,4.000000e+000,8.911133e-003,0.000000e+000,0,,0,
1524231650.492,,0.000000e+000,5.400025e+001,-7.560580e-005,0.000000e+000,3,9.718499e-001,0.000000e+000,,,,,,,,,,,,,,32,1,4.000000e+000,3.818512e-003,0.000000e+000,0,,0,
1524231663.352,,0.000000e+000,5.399897e+001,-7.574599e-005,0.000000e+000,3,9.726753e-001,0.000000e+000,,,,,,,,,,,,,,32,1,4.000000e+000,6.370544e-003,0.000000e+000,0,,0,
1524231675.912,,0.000000e+000,5.399961e+001,-7.564361e-005,0.000000e+000,3,9.719223e-001,0.000000e+000,,,,,,,,,,,,,,32,1,4.000000e+000,2.540588e-003,0.000000e+000,0,,0,
1524231688.462,,0.000000e+000,5.399452e+001,-7.570880e-005,0.000000e+000,3,9.724466e-001,0.000000e+000,,,,,,,,,,,,,,32,1,4.000000e+000,7.640839e-003,0.000000e+000,0,,0,
1524231700.852,,0.000000e+000,5.400089e+001,-7.565352e-005,0.000000e+000,3,9.715645e-001,0.000000e+000,,,,,,,,,,,,,,32,1,4.000000e+000,1.019287e-002,0.000000e+000,0,,0,
1524231713.302,,0.000000e+000,5.399389e+001,-7.572975e-005,0.000000e+000,3,9.726493e-001,0.000000e+000,,,,,,,,,,,,,,32,1,4.000000e+000,6.370544e-003,0.000000e+000,0,,0,
1524231725.792,,0.000000e+000,5.399770e+001,-7.564000e-005,0.000000e+000,3,9.718481e-001,0.000000e+000,,,,,,,,,,,,,,32,1,4.000000e+000,3.822327e-003,0.000000e+000,0,,0,
1524231738.192,,0.000000e+000,5.400407e+001,-7.568546e-005,0.000000e+000,3,9.718693e-001,0.000000e+000,,,,,,,,,,,,,,32,1,4.000000e+000,6.370544e-003,0.000000e+000,0,,0,
1524231750.552,,0.000000e+000,5.399389e+001,-7.566513e-005,0.000000e+000,3,9.713570e-001,0.000000e+000,,,,,,,,,,,,,,32,1,4.000000e+000,6.370544e-003,0.000000e+000,0,,0,
1524231762.992,,0.000000e+000,5.400597e+001,-7.567131e-005,0.000000e+000,3,9.723895e-001,0.000000e+000,,,,,,,,,,,,,,32,1,4.000000e+000,5.088806e-003,0.000000e+000,0,,0,
1524231775.302,,0.000000e+000,5.399516e+001,-7.571140e-005,0.000000e+000,3,9.711665e-001,0.000000e+000,,,,,,,,,,,,,,32,1,4.000000e+000,1.270294e-003,0.000000e+000,0,,0,
1524231787.832,,0.000000e+000,5.400153e+001,-7.576062e-005,0.000000e+000,3,9.723774e-001,0.000000e+000,,,,,,,,,,,,,,32,1,4.000000e+000,8.911133e-003,0.000000e+000,0,,0,
1524231800.212,,0.000000e+000,5.399325e+001,-7.574863e-005,0.000000e+000,3,9.714292e-001,0.000000e+000,,,,,,,,,,,,,,32,1,4.000000e+000,7.648468e-003,0.000000e+000,0,,0,
1524231813.902,,0.000000e+000,5.400343e+001,-7.576666e-005,0.000000e+000,3,9.716875e-001,0.000000e+000,,,,,,,,,,,,,,32,1,4.000000e+000,1.017761e-002,0.000000e+000,0,,0,
1524231826.132,,0.000000e+000,5.400089e+001,-7.583969e-005,0.000000e+000,3,9.728486e-001,0.000000e+000,,,,,,,,,,,,,,32,1,4.000000e+000,5.088806e-003,0.000000e+000,0,,0,
1524231838.762,,0.000000e+000,5.399325e+001,-7.576382e-005,0.000000e+000,3,9.720583e-001,0.000000e+000,,,,,,,,,,,,,,32,1,4.000000e+000,2.536774e-003,0.000000e+000,0,,0,
1524231850.762,,0.000000e+000,5.399579e+001,-7.579287e-005,0.000000e+000,3,9.711084e-001,0.000000e+000,,,,,,,,,,,,,,32,1,4.000000e+000,0.000000e+000,0.000000e+000,0,,0,
1524231863.692,,0.000000e+000,5.399451e+001,-7.578432e-005,0.000000e+000,3,9.726189e-001,0.000000e+000,,,,,,,,,,,,,,32,1,4.000000e+000,1.018906e-002,0.000000e+000,0,,0,
1524231875.722,,0.000000e+000,5.399643e+001,-7.581292e-005,0.000000e+000,3,9.721797e-001,0.000000e+000,,,,,,,,,,,,,,32,1,4.000000e+000,1.281738e-003,0.000000e+000,0,,0,
1524231888.442,,0.000000e+000,5.400025e+001,-7.578733e-005,0.000000e+000,3,9.716290e-001,0.000000e+000,,,,,,,,,,,,,,32,1,4.000000e+000,3.818512e-003,0.000000e+000,0,,0,
